"﻿Date","Origin","Destination","Immobility","Home_Category","Activity_Category","Observation_Zone","Mode","Volume"
"2020-03-26","Karisimbi","Katwa","1h","Outside_Resident","Outside_Worker","ZoneGlobale","All_modes","47"
"2020-03-26","Karisimbi","Katwa","3h","Study_Zone_Resident","Study_Zone_Worker","ZoneGlobale","All_modes","47"
"2020-03-26","Karisimbi","Kibirizi","3h","Destination_Zone_Resident","Destination_Zone_Worker","ZoneGlobale","All_modes","47"
"2020-03-26","Karisimbi","Kibirizi","3h","Study_Zone_Resident","Study_Zone_Worker","ZoneGlobale","All_modes","47"
"2020-03-26","Karisimbi","Kirotshe","1h","Outside_Resident","Outside_Worker","ZoneGlobale","All_modes","286"
"2020-03-26","Karisimbi","Kirotshe","1h","Outside_Resident","Destination_Zone_Worker","ZoneGlobale","All_modes","63"
"2020-03-26","Karisimbi","Kirotshe","1h","Destination_Zone_Resident","Destination_Zone_Worker","ZoneGlobale","All_modes","430"
"2020-03-26","Karisimbi","Kirotshe","1h","Destination_Zone_Resident","Origin_Zone_Worker","ZoneGlobale","All_modes","143"
"2020-03-26","Karisimbi","Kirotshe","1h","Study_Zone_Resident","Study_Zone_Worker","ZoneGlobale","All_modes","95"
"2020-03-26","Karisimbi","Kirotshe","1h","Study_Zone_Resident","Origin_Zone_Worker","ZoneGlobale","All_modes","47"
"2020-03-26","Karisimbi","Kirotshe","1h","Origin_Zone_Resident","Destination_Zone_Worker","ZoneGlobale","All_modes","47"
"2020-03-26","Karisimbi","Kirotshe","1h","Origin_Zone_Resident","Origin_Zone_Worker","ZoneGlobale","All_modes","382"
"2020-03-26","Karisimbi","Kirotshe","3h","Outside_Resident","Outside_Worker","ZoneGlobale","All_modes","573"
"2020-03-26","Karisimbi","Kirotshe","3h","Outside_Resident","Destination_Zone_Worker","ZoneGlobale","All_modes","254"
"2020-03-26","Karisimbi","Kirotshe","3h","Outside_Resident","Origin_Zone_Worker","ZoneGlobale","All_modes","764"
"2020-03-26","Karisimbi","Kirotshe","3h","Destination_Zone_Resident","Outside_Worker","ZoneGlobale","All_modes","31"
"2020-03-26","Karisimbi","Kirotshe","3h","Destination_Zone_Resident","Destination_Zone_Worker","ZoneGlobale","All_modes","1258"
"2020-03-26","Karisimbi","Kirotshe","3h","Destination_Zone_Resident","Study_Zone_Worker","ZoneGlobale","All_modes","107"
"2020-03-26","Karisimbi","Kirotshe","3h","Destination_Zone_Resident","Origin_Zone_Worker","ZoneGlobale","All_modes","716"
"2020-03-26","Karisimbi","Kirotshe","3h","Study_Zone_Resident","Destination_Zone_Worker","ZoneGlobale","All_modes","95"
"2020-03-26","Karisimbi","Kirotshe","3h","Study_Zone_Resident","Study_Zone_Worker","ZoneGlobale","All_modes","509"
"2020-03-26","Karisimbi","Kirotshe","3h","Study_Zone_Resident","Origin_Zone_Worker","ZoneGlobale","All_modes","238"
"2020-03-26","Karisimbi","Kirotshe","3h","Origin_Zone_Resident","Outside_Worker","ZoneGlobale","All_modes","47"
"2020-03-26","Karisimbi","Kirotshe","3h","Origin_Zone_Resident","Destination_Zone_Worker","ZoneGlobale","All_modes","238"
"2020-03-26","Karisimbi","Kirotshe","3h","Origin_Zone_Resident","Origin_Zone_Worker","ZoneGlobale","All_modes","2738"
"2020-03-26","Karisimbi","Masisi","1h","Destination_Zone_Resident","Study_Zone_Worker","ZoneGlobale","All_modes","47"
"2020-03-26","Karisimbi","Masisi","3h","Outside_Resident","Outside_Worker","ZoneGlobale","All_modes","191"
"2020-03-26","Karisimbi","Masisi","3h","Outside_Resident","Study_Zone_Worker","ZoneGlobale","All_modes","143"
"2020-03-26","Karisimbi","Masisi","3h","Destination_Zone_Resident","Outside_Worker","ZoneGlobale","All_modes","47"
"2020-03-26","Karisimbi","Masisi","3h","Destination_Zone_Resident","Destination_Zone_Worker","ZoneGlobale","All_modes","47"
"2020-03-26","Karisimbi","Masisi","3h","Destination_Zone_Resident","Study_Zone_Worker","ZoneGlobale","All_modes","143"
"2020-03-26","Karisimbi","Masisi","3h","Study_Zone_Resident","Study_Zone_Worker","ZoneGlobale","All_modes","191"
"2020-03-26","Karisimbi","Masisi","3h","Origin_Zone_Resident","Origin_Zone_Worker","ZoneGlobale","All_modes","143"
"2020-03-26","Karisimbi","Minova","1h","Outside_Resident","Outside_Worker","ZoneGlobale","All_modes","110"
"2020-03-26","Karisimbi","Minova","1h","Outside_Resident","Destination_Zone_Worker","ZoneGlobale","All_modes","95"
"2020-03-26","Karisimbi","Minova","1h","Outside_Resident","Origin_Zone_Worker","ZoneGlobale","All_modes","47"
"2020-03-26","Karisimbi","Minova","1h","Destination_Zone_Resident","Destination_Zone_Worker","ZoneGlobale","All_modes","254"
"2020-03-26","Karisimbi","Minova","1h","Destination_Zone_Resident","Study_Zone_Worker","ZoneGlobale","All_modes","47"
"2020-03-26","Karisimbi","Minova","1h","Destination_Zone_Resident","Origin_Zone_Worker","ZoneGlobale","All_modes","143"
"2020-03-26","Karisimbi","Minova","1h","Study_Zone_Resident","Study_Zone_Worker","ZoneGlobale","All_modes","142"
"2020-03-26","Karisimbi","Minova","1h","Study_Zone_Resident","Origin_Zone_Worker","ZoneGlobale","All_modes","47"
"2020-03-26","Karisimbi","Minova","1h","Origin_Zone_Resident","Destination_Zone_Worker","ZoneGlobale","All_modes","47"
"2020-03-26","Karisimbi","Minova","1h","Origin_Zone_Resident","Origin_Zone_Worker","ZoneGlobale","All_modes","382"
"2020-03-26","Karisimbi","Minova","3h","Outside_Resident","Outside_Worker","ZoneGlobale","All_modes","826"
"2020-03-26","Karisimbi","Minova","3h","Outside_Resident","Destination_Zone_Worker","ZoneGlobale","All_modes","206"
"2020-03-26","Karisimbi","Minova","3h","Outside_Resident","Study_Zone_Worker","ZoneGlobale","All_modes","334"
"2020-03-26","Karisimbi","Minova","3h","Outside_Resident","Origin_Zone_Worker","ZoneGlobale","All_modes","700"
"2020-03-26","Karisimbi","Minova","3h","Destination_Zone_Resident","Outside_Worker","ZoneGlobale","All_modes","95"
"2020-03-26","Karisimbi","Minova","3h","Destination_Zone_Resident","Destination_Zone_Worker","ZoneGlobale","All_modes","1000"
"2020-03-26","Karisimbi","Minova","3h","Destination_Zone_Resident","Study_Zone_Worker","ZoneGlobale","All_modes","238"
"2020-03-26","Karisimbi","Minova","3h","Destination_Zone_Resident","Origin_Zone_Worker","ZoneGlobale","All_modes","382"
"2020-03-26","Karisimbi","Minova","3h","Study_Zone_Resident","Study_Zone_Worker","ZoneGlobale","All_modes","540"
"2020-03-26","Karisimbi","Minova","3h","Study_Zone_Resident","Origin_Zone_Worker","ZoneGlobale","All_modes","238"
"2020-03-26","Karisimbi","Minova","3h","Origin_Zone_Resident","Outside_Worker","ZoneGlobale","All_modes","95"
"2020-03-26","Karisimbi","Minova","3h","Origin_Zone_Resident","Destination_Zone_Worker","ZoneGlobale","All_modes","191"
"2020-03-26","Karisimbi","Minova","3h","Origin_Zone_Resident","Study_Zone_Worker","ZoneGlobale","All_modes","254"
"2020-03-26","Karisimbi","Minova","3h","Origin_Zone_Resident","Origin_Zone_Worker","ZoneGlobale","All_modes","2386"
"2020-03-26","Karisimbi","Mweso","1h","Outside_Resident","Outside_Worker","ZoneGlobale","All_modes","47"
"2020-03-26","Karisimbi","Mweso","1h","Origin_Zone_Resident","Origin_Zone_Worker","ZoneGlobale","All_modes","47"
"2020-03-26","Karisimbi","Mweso","3h","Outside_Resident","Outside_Worker","ZoneGlobale","All_modes","47"
"2020-03-26","Karisimbi","Mweso","3h","Outside_Resident","Destination_Zone_Worker","ZoneGlobale","All_modes","47"
"2020-03-26","Karisimbi","Mweso","3h","Destination_Zone_Resident","Destination_Zone_Worker","ZoneGlobale","All_modes","47"
"2020-03-26","Karisimbi","Mweso","3h","Destination_Zone_Resident","Study_Zone_Worker","ZoneGlobale","All_modes","47"
"2020-03-26","Karisimbi","Mweso","3h","Study_Zone_Resident","Destination_Zone_Worker","ZoneGlobale","All_modes","47"
"2020-03-26","Karisimbi","Mweso","3h","Study_Zone_Resident","Study_Zone_Worker","ZoneGlobale","All_modes","47"
"2020-03-26","Karisimbi","Mweso","3h","Study_Zone_Resident","Origin_Zone_Worker","ZoneGlobale","All_modes","47"
"2020-03-26","Karisimbi","Mweso","3h","Origin_Zone_Resident","Origin_Zone_Worker","ZoneGlobale","All_modes","191"
"2020-03-26","Karisimbi","Nyiragongo","1h","Outside_Resident","Outside_Worker","ZoneGlobale","All_modes","95"
"2020-03-26","Karisimbi","Nyiragongo","1h","Outside_Resident","Origin_Zone_Worker","ZoneGlobale","All_modes","31"
"2020-03-26","Karisimbi","Nyiragongo","1h","Destination_Zone_Resident","Destination_Zone_Worker","ZoneGlobale","All_modes","47"
"2020-03-26","Karisimbi","Nyiragongo","1h","Destination_Zone_Resident","Study_Zone_Worker","ZoneGlobale","All_modes","47"
"2020-03-26","Karisimbi","Nyiragongo","1h","Destination_Zone_Resident","Origin_Zone_Worker","ZoneGlobale","All_modes","222"
"2020-03-26","Karisimbi","Nyiragongo","1h","Study_Zone_Resident","Study_Zone_Worker","ZoneGlobale","All_modes","47"
"2020-03-26","Karisimbi","Nyiragongo","1h","Study_Zone_Resident","Origin_Zone_Worker","ZoneGlobale","All_modes","47"
"2020-03-26","Karisimbi","Nyiragongo","1h","Origin_Zone_Resident","Origin_Zone_Worker","ZoneGlobale","All_modes","143"
"2020-03-26","Karisimbi","Nyiragongo","3h","Outside_Resident","Outside_Worker","ZoneGlobale","All_modes","429"
"2020-03-26","Karisimbi","Nyiragongo","3h","Outside_Resident","Study_Zone_Worker","ZoneGlobale","All_modes","95"
"2020-03-26","Karisimbi","Nyiragongo","3h","Outside_Resident","Origin_Zone_Worker","ZoneGlobale","All_modes","748"
"2020-03-26","Karisimbi","Nyiragongo","3h","Destination_Zone_Resident","Outside_Worker","ZoneGlobale","All_modes","47"
"2020-03-26","Karisimbi","Nyiragongo","3h","Destination_Zone_Resident","Destination_Zone_Worker","ZoneGlobale","All_modes","143"
"2020-03-26","Karisimbi","Nyiragongo","3h","Destination_Zone_Resident","Origin_Zone_Worker","ZoneGlobale","All_modes","939"
"2020-03-26","Karisimbi","Nyiragongo","3h","Study_Zone_Resident","Outside_Worker","ZoneGlobale","All_modes","47"
"2020-03-26","Karisimbi","Nyiragongo","3h","Study_Zone_Resident","Study_Zone_Worker","ZoneGlobale","All_modes","47"
"2020-03-26","Karisimbi","Nyiragongo","3h","Study_Zone_Resident","Origin_Zone_Worker","ZoneGlobale","All_modes","238"
"2020-03-26","Karisimbi","Nyiragongo","3h","Origin_Zone_Resident","Outside_Worker","ZoneGlobale","All_modes","47"
"2020-03-26","Karisimbi","Nyiragongo","3h","Origin_Zone_Resident","Origin_Zone_Worker","ZoneGlobale","All_modes","1751"
"2020-03-26","Karisimbi","Rutshuru","1h","Outside_Resident","Outside_Worker","ZoneGlobale","All_modes","47"
"2020-03-26","Karisimbi","Rutshuru","1h","Outside_Resident","Destination_Zone_Worker","ZoneGlobale","All_modes","47"
"2020-03-26","Karisimbi","Rutshuru","1h","Outside_Resident","Origin_Zone_Worker","ZoneGlobale","All_modes","334"
"2020-03-26","Karisimbi","Rutshuru","1h","Destination_Zone_Resident","Destination_Zone_Worker","ZoneGlobale","All_modes","191"
"2020-03-26","Karisimbi","Rutshuru","1h","Destination_Zone_Resident","Study_Zone_Worker","ZoneGlobale","All_modes","47"
"2020-03-26","Karisimbi","Rutshuru","1h","Destination_Zone_Resident","Origin_Zone_Worker","ZoneGlobale","All_modes","95"
"2020-03-26","Karisimbi","Rutshuru","1h","Origin_Zone_Resident","Origin_Zone_Worker","ZoneGlobale","All_modes","239"
"2020-03-26","Karisimbi","Rutshuru","3h","Outside_Resident","Outside_Worker","ZoneGlobale","All_modes","431"
"2020-03-26","Karisimbi","Rutshuru","3h","Outside_Resident","Destination_Zone_Worker","ZoneGlobale","All_modes","95"
"2020-03-26","Karisimbi","Rutshuru","3h","Outside_Resident","Origin_Zone_Worker","ZoneGlobale","All_modes","859"
"2020-03-26","Karisimbi","Rutshuru","3h","Destination_Zone_Resident","Outside_Worker","ZoneGlobale","All_modes","47"
"2020-03-26","Karisimbi","Rutshuru","3h","Destination_Zone_Resident","Destination_Zone_Worker","ZoneGlobale","All_modes","238"
"2020-03-26","Karisimbi","Rutshuru","3h","Destination_Zone_Resident","Study_Zone_Worker","ZoneGlobale","All_modes","143"
"2020-03-26","Karisimbi","Rutshuru","3h","Destination_Zone_Resident","Origin_Zone_Worker","ZoneGlobale","All_modes","382"
"2020-03-26","Karisimbi","Rutshuru","3h","Study_Zone_Resident","Study_Zone_Worker","ZoneGlobale","All_modes","143"
"2020-03-26","Karisimbi","Rutshuru","3h","Study_Zone_Resident","Origin_Zone_Worker","ZoneGlobale","All_modes","191"
"2020-03-26","Karisimbi","Rutshuru","3h","Origin_Zone_Resident","Origin_Zone_Worker","ZoneGlobale","All_modes","1225"
"2020-03-26","Kasa-Vubu","Barumbu","1h","Outside_Resident","Outside_Worker","ZoneGlobale","All_modes","60"
"2020-03-26","Kasa-Vubu","Barumbu","1h","Destination_Zone_Resident","Destination_Zone_Worker","ZoneGlobale","All_modes","207"
"2020-03-26","Kasa-Vubu","Barumbu","1h","Destination_Zone_Resident","Study_Zone_Worker","ZoneGlobale","All_modes","24"
"2020-03-26","Kasa-Vubu","Barumbu","1h","Destination_Zone_Resident","Origin_Zone_Worker","ZoneGlobale","All_modes","49"
"2020-03-26","Kasa-Vubu","Barumbu","1h","Study_Zone_Resident","Study_Zone_Worker","ZoneGlobale","All_modes","47"
"2020-03-26","Kasa-Vubu","Barumbu","1h","Study_Zone_Resident","Origin_Zone_Worker","ZoneGlobale","All_modes","40"
"2020-03-26","Kasa-Vubu","Barumbu","1h","Origin_Zone_Resident","Origin_Zone_Worker","ZoneGlobale","All_modes","22"
"2020-03-26","Kasa-Vubu","Barumbu","3h","Outside_Resident","Outside_Worker","ZoneGlobale","All_modes","51"
"2020-03-26","Kasa-Vubu","Barumbu","3h","Outside_Resident","Origin_Zone_Worker","ZoneGlobale","All_modes","52"
"2020-03-26","Kasa-Vubu","Barumbu","3h","Destination_Zone_Resident","Destination_Zone_Worker","ZoneGlobale","All_modes","228"
"2020-03-26","Kasa-Vubu","Barumbu","3h","Destination_Zone_Resident","Study_Zone_Worker","ZoneGlobale","All_modes","110"
"2020-03-26","Kasa-Vubu","Barumbu","3h","Destination_Zone_Resident","Origin_Zone_Worker","ZoneGlobale","All_modes","134"
"2020-03-26","Kasa-Vubu","Barumbu","3h","Study_Zone_Resident","Study_Zone_Worker","ZoneGlobale","All_modes","50"
"2020-03-26","Kasa-Vubu","Barumbu","3h","Study_Zone_Resident","Origin_Zone_Worker","ZoneGlobale","All_modes","71"
"2020-03-26","Kasa-Vubu","Barumbu","3h","Origin_Zone_Resident","Origin_Zone_Worker","ZoneGlobale","All_modes","36"
"2020-03-26","Kasa-Vubu","Binza Meteo","1h","Outside_Resident","Outside_Worker","ZoneGlobale","All_modes","58"
"2020-03-26","Kasa-Vubu","Binza Meteo","1h","Outside_Resident","Origin_Zone_Worker","ZoneGlobale","All_modes","49"
"2020-03-26","Kasa-Vubu","Binza Meteo","1h","Destination_Zone_Resident","Destination_Zone_Worker","ZoneGlobale","All_modes","201"
"2020-03-26","Kasa-Vubu","Binza Meteo","1h","Destination_Zone_Resident","Study_Zone_Worker","ZoneGlobale","All_modes","80"
"2020-03-26","Kasa-Vubu","Binza Meteo","1h","Destination_Zone_Resident","Origin_Zone_Worker","ZoneGlobale","All_modes","76"
"2020-03-26","Kasa-Vubu","Binza Meteo","1h","Study_Zone_Resident","Destination_Zone_Worker","ZoneGlobale","All_modes","35"
"2020-03-26","Kasa-Vubu","Binza Meteo","1h","Study_Zone_Resident","Study_Zone_Worker","ZoneGlobale","All_modes","98"
"2020-03-26","Kasa-Vubu","Binza Meteo","1h","Origin_Zone_Resident","Origin_Zone_Worker","ZoneGlobale","All_modes","26"
"2020-03-26","Kasa-Vubu","Binza Meteo","3h","Outside_Resident","Outside_Worker","ZoneGlobale","All_modes","369"
"2020-03-26","Kasa-Vubu","Binza Meteo","3h","Outside_Resident","Destination_Zone_Worker","ZoneGlobale","All_modes","46"
"2020-03-26","Kasa-Vubu","Binza Meteo","3h","Outside_Resident","Study_Zone_Worker","ZoneGlobale","All_modes","62"
"2020-03-26","Kasa-Vubu","Binza Meteo","3h","Outside_Resident","Origin_Zone_Worker","ZoneGlobale","All_modes","136"
"2020-03-26","Kasa-Vubu","Binza Meteo","3h","Destination_Zone_Resident","Outside_Worker","ZoneGlobale","All_modes","73"
"2020-03-26","Kasa-Vubu","Binza Meteo","3h","Destination_Zone_Resident","Destination_Zone_Worker","ZoneGlobale","All_modes","402"
"2020-03-26","Kasa-Vubu","Binza Meteo","3h","Destination_Zone_Resident","Study_Zone_Worker","ZoneGlobale","All_modes","193"
"2020-03-26","Kasa-Vubu","Binza Meteo","3h","Destination_Zone_Resident","Origin_Zone_Worker","ZoneGlobale","All_modes","190"
"2020-03-26","Kasa-Vubu","Binza Meteo","3h","Study_Zone_Resident","Outside_Worker","ZoneGlobale","All_modes","66"
"2020-03-26","Kasa-Vubu","Binza Meteo","3h","Study_Zone_Resident","Destination_Zone_Worker","ZoneGlobale","All_modes","26"
"2020-03-26","Kasa-Vubu","Binza Meteo","3h","Study_Zone_Resident","Study_Zone_Worker","ZoneGlobale","All_modes","241"
"2020-03-26","Kasa-Vubu","Binza Meteo","3h","Study_Zone_Resident","Origin_Zone_Worker","ZoneGlobale","All_modes","112"
"2020-03-26","Kasa-Vubu","Binza Meteo","3h","Origin_Zone_Resident","Destination_Zone_Worker","ZoneGlobale","All_modes","27"
"2020-03-26","Kasa-Vubu","Binza Meteo","3h","Origin_Zone_Resident","Origin_Zone_Worker","ZoneGlobale","All_modes","114"
"2020-03-26","Kasa-Vubu","Binza Ozone","1h","Outside_Resident","Outside_Worker","ZoneGlobale","All_modes","45"
"2020-03-26","Kasa-Vubu","Binza Ozone","1h","Destination_Zone_Resident","Outside_Worker","ZoneGlobale","All_modes","23"
"2020-03-26","Kasa-Vubu","Binza Ozone","1h","Destination_Zone_Resident","Destination_Zone_Worker","ZoneGlobale","All_modes","267"
"2020-03-26","Kasa-Vubu","Binza Ozone","1h","Destination_Zone_Resident","Study_Zone_Worker","ZoneGlobale","All_modes","51"
"2020-03-26","Kasa-Vubu","Binza Ozone","1h","Destination_Zone_Resident","Origin_Zone_Worker","ZoneGlobale","All_modes","32"
"2020-03-26","Kasa-Vubu","Binza Ozone","1h","Study_Zone_Resident","Study_Zone_Worker","ZoneGlobale","All_modes","22"
"2020-03-26","Kasa-Vubu","Binza Ozone","3h","Outside_Resident","Outside_Worker","ZoneGlobale","All_modes","46"
"2020-03-26","Kasa-Vubu","Binza Ozone","3h","Outside_Resident","Study_Zone_Worker","ZoneGlobale","All_modes","35"
"2020-03-26","Kasa-Vubu","Binza Ozone","3h","Destination_Zone_Resident","Outside_Worker","ZoneGlobale","All_modes","65"
"2020-03-26","Kasa-Vubu","Binza Ozone","3h","Destination_Zone_Resident","Destination_Zone_Worker","ZoneGlobale","All_modes","294"
"2020-03-26","Kasa-Vubu","Binza Ozone","3h","Destination_Zone_Resident","Study_Zone_Worker","ZoneGlobale","All_modes","61"
"2020-03-26","Kasa-Vubu","Binza Ozone","3h","Destination_Zone_Resident","Origin_Zone_Worker","ZoneGlobale","All_modes","64"
"2020-03-26","Kasa-Vubu","Binza Ozone","3h","Study_Zone_Resident","Study_Zone_Worker","ZoneGlobale","All_modes","80"
"2020-03-26","Kasa-Vubu","Bumbu","1h","Outside_Resident","Outside_Worker","ZoneGlobale","All_modes","306"
"2020-03-26","Kasa-Vubu","Bumbu","1h","Outside_Resident","Destination_Zone_Worker","ZoneGlobale","All_modes","26"
"2020-03-26","Kasa-Vubu","Bumbu","1h","Outside_Resident","Study_Zone_Worker","ZoneGlobale","All_modes","73"
"2020-03-26","Kasa-Vubu","Bumbu","1h","Outside_Resident","Origin_Zone_Worker","ZoneGlobale","All_modes","34"
"2020-03-26","Kasa-Vubu","Bumbu","1h","Destination_Zone_Resident","Outside_Worker","ZoneGlobale","All_modes","73"
"2020-03-26","Kasa-Vubu","Bumbu","1h","Destination_Zone_Resident","Destination_Zone_Worker","ZoneGlobale","All_modes","519"
"2020-03-26","Kasa-Vubu","Bumbu","1h","Destination_Zone_Resident","Study_Zone_Worker","ZoneGlobale","All_modes","130"
"2020-03-26","Kasa-Vubu","Bumbu","1h","Destination_Zone_Resident","Origin_Zone_Worker","ZoneGlobale","All_modes","605"
"2020-03-26","Kasa-Vubu","Bumbu","1h","Study_Zone_Resident","Outside_Worker","ZoneGlobale","All_modes","40"
"2020-03-26","Kasa-Vubu","Bumbu","1h","Study_Zone_Resident","Study_Zone_Worker","ZoneGlobale","All_modes","120"
"2020-03-26","Kasa-Vubu","Bumbu","1h","Study_Zone_Resident","Origin_Zone_Worker","ZoneGlobale","All_modes","148"
"2020-03-26","Kasa-Vubu","Bumbu","1h","Origin_Zone_Resident","Origin_Zone_Worker","ZoneGlobale","All_modes","85"
"2020-03-26","Kasa-Vubu","Bumbu","3h","Outside_Resident","Outside_Worker","ZoneGlobale","All_modes","820"
"2020-03-26","Kasa-Vubu","Bumbu","3h","Outside_Resident","Destination_Zone_Worker","ZoneGlobale","All_modes","65"
"2020-03-26","Kasa-Vubu","Bumbu","3h","Outside_Resident","Study_Zone_Worker","ZoneGlobale","All_modes","75"
"2020-03-26","Kasa-Vubu","Bumbu","3h","Outside_Resident","Origin_Zone_Worker","ZoneGlobale","All_modes","378"
"2020-03-26","Kasa-Vubu","Bumbu","3h","Destination_Zone_Resident","Outside_Worker","ZoneGlobale","All_modes","203"
"2020-03-26","Kasa-Vubu","Bumbu","3h","Destination_Zone_Resident","Destination_Zone_Worker","ZoneGlobale","All_modes","776"
"2020-03-26","Kasa-Vubu","Bumbu","3h","Destination_Zone_Resident","Study_Zone_Worker","ZoneGlobale","All_modes","272"
"2020-03-26","Kasa-Vubu","Bumbu","3h","Destination_Zone_Resident","Origin_Zone_Worker","ZoneGlobale","All_modes","1544"
"2020-03-26","Kasa-Vubu","Bumbu","3h","Study_Zone_Resident","Outside_Worker","ZoneGlobale","All_modes","111"
"2020-03-26","Kasa-Vubu","Bumbu","3h","Study_Zone_Resident","Destination_Zone_Worker","ZoneGlobale","All_modes","53"
"2020-03-26","Kasa-Vubu","Bumbu","3h","Study_Zone_Resident","Study_Zone_Worker","ZoneGlobale","All_modes","327"
"2020-03-26","Kasa-Vubu","Bumbu","3h","Study_Zone_Resident","Origin_Zone_Worker","ZoneGlobale","All_modes","317"
"2020-03-26","Kasa-Vubu","Bumbu","3h","Origin_Zone_Resident","Study_Zone_Worker","ZoneGlobale","All_modes","33"
"2020-03-26","Kasa-Vubu","Bumbu","3h","Origin_Zone_Resident","Origin_Zone_Worker","ZoneGlobale","All_modes","150"
"2020-03-26","Kasa-Vubu","Gombe","1h","Outside_Resident","Origin_Zone_Worker","ZoneGlobale","All_modes","22"
"2020-03-26","Kasa-Vubu","Gombe","1h","Destination_Zone_Resident","Destination_Zone_Worker","ZoneGlobale","All_modes","105"
"2020-03-26","Kasa-Vubu","Gombe","1h","Origin_Zone_Resident","Origin_Zone_Worker","ZoneGlobale","All_modes","22"
"2020-03-26","Kasa-Vubu","Gombe","3h","Outside_Resident","Outside_Worker","ZoneGlobale","All_modes","79"
"2020-03-26","Kasa-Vubu","Gombe","3h","Outside_Resident","Study_Zone_Worker","ZoneGlobale","All_modes","22"
"2020-03-26","Kasa-Vubu","Gombe","3h","Outside_Resident","Origin_Zone_Worker","ZoneGlobale","All_modes","60"
"2020-03-26","Kasa-Vubu","Gombe","3h","Destination_Zone_Resident","Destination_Zone_Worker","ZoneGlobale","All_modes","122"
"2020-03-26","Kasa-Vubu","Gombe","3h","Destination_Zone_Resident","Origin_Zone_Worker","ZoneGlobale","All_modes","38"
"2020-03-26","Kasa-Vubu","Gombe","3h","Study_Zone_Resident","Study_Zone_Worker","ZoneGlobale","All_modes","58"
"2020-03-26","Kasa-Vubu","Gombe","3h","Origin_Zone_Resident","Origin_Zone_Worker","ZoneGlobale","All_modes","50"
"2020-03-26","Kasa-Vubu","Kalamu I","1h","Outside_Resident","Outside_Worker","ZoneGlobale","All_modes","262"
"2020-03-26","Kasa-Vubu","Kalamu I","1h","Outside_Resident","Destination_Zone_Worker","ZoneGlobale","All_modes","23"
"2020-03-26","Kasa-Vubu","Kalamu I","1h","Outside_Resident","Study_Zone_Worker","ZoneGlobale","All_modes","32"
"2020-03-26","Kasa-Vubu","Kalamu I","1h","Outside_Resident","Origin_Zone_Worker","ZoneGlobale","All_modes","74"
"2020-03-26","Kasa-Vubu","Kalamu I","1h","Destination_Zone_Resident","Outside_Worker","ZoneGlobale","All_modes","60"
"2020-03-26","Kasa-Vubu","Kalamu I","1h","Destination_Zone_Resident","Destination_Zone_Worker","ZoneGlobale","All_modes","817"
"2020-03-26","Kasa-Vubu","Kalamu I","1h","Destination_Zone_Resident","Study_Zone_Worker","ZoneGlobale","All_modes","236"
"2020-03-26","Kasa-Vubu","Kalamu I","1h","Destination_Zone_Resident","Origin_Zone_Worker","ZoneGlobale","All_modes","450"
"2020-03-26","Kasa-Vubu","Kalamu I","1h","Study_Zone_Resident","Study_Zone_Worker","ZoneGlobale","All_modes","209"
"2020-03-26","Kasa-Vubu","Kalamu I","1h","Study_Zone_Resident","Origin_Zone_Worker","ZoneGlobale","All_modes","58"
"2020-03-26","Kasa-Vubu","Kalamu I","1h","Origin_Zone_Resident","Study_Zone_Worker","ZoneGlobale","All_modes","40"
"2020-03-26","Kasa-Vubu","Kalamu I","1h","Origin_Zone_Resident","Origin_Zone_Worker","ZoneGlobale","All_modes","438"
"2020-03-26","Kasa-Vubu","Kalamu I","3h","Outside_Resident","Outside_Worker","ZoneGlobale","All_modes","433"
"2020-03-26","Kasa-Vubu","Kalamu I","3h","Outside_Resident","Destination_Zone_Worker","ZoneGlobale","All_modes","90"
"2020-03-26","Kasa-Vubu","Kalamu I","3h","Outside_Resident","Study_Zone_Worker","ZoneGlobale","All_modes","42"
"2020-03-26","Kasa-Vubu","Kalamu I","3h","Outside_Resident","Origin_Zone_Worker","ZoneGlobale","All_modes","264"
"2020-03-26","Kasa-Vubu","Kalamu I","3h","Destination_Zone_Resident","Outside_Worker","ZoneGlobale","All_modes","63"
"2020-03-26","Kasa-Vubu","Kalamu I","3h","Destination_Zone_Resident","Destination_Zone_Worker","ZoneGlobale","All_modes","876"
"2020-03-26","Kasa-Vubu","Kalamu I","3h","Destination_Zone_Resident","Study_Zone_Worker","ZoneGlobale","All_modes","238"
"2020-03-26","Kasa-Vubu","Kalamu I","3h","Destination_Zone_Resident","Origin_Zone_Worker","ZoneGlobale","All_modes","979"
"2020-03-26","Kasa-Vubu","Kalamu I","3h","Study_Zone_Resident","Destination_Zone_Worker","ZoneGlobale","All_modes","27"
"2020-03-26","Kasa-Vubu","Kalamu I","3h","Study_Zone_Resident","Study_Zone_Worker","ZoneGlobale","All_modes","170"
"2020-03-26","Kasa-Vubu","Kalamu I","3h","Study_Zone_Resident","Origin_Zone_Worker","ZoneGlobale","All_modes","220"
"2020-03-26","Kasa-Vubu","Kalamu I","3h","Origin_Zone_Resident","Outside_Worker","ZoneGlobale","All_modes","27"
"2020-03-26","Kasa-Vubu","Kalamu I","3h","Origin_Zone_Resident","Study_Zone_Worker","ZoneGlobale","All_modes","75"
"2020-03-26","Kasa-Vubu","Kalamu I","3h","Origin_Zone_Resident","Origin_Zone_Worker","ZoneGlobale","All_modes","963"
"2020-03-26","Kasa-Vubu","Kalamu II","1h","Outside_Resident","Outside_Worker","ZoneGlobale","All_modes","781"
"2020-03-26","Kasa-Vubu","Kalamu II","1h","Outside_Resident","Destination_Zone_Worker","ZoneGlobale","All_modes","139"
"2020-03-26","Kasa-Vubu","Kalamu II","1h","Outside_Resident","Study_Zone_Worker","ZoneGlobale","All_modes","52"
"2020-03-26","Kasa-Vubu","Kalamu II","1h","Outside_Resident","Origin_Zone_Worker","ZoneGlobale","All_modes","74"
"2020-03-26","Kasa-Vubu","Kalamu II","1h","Destination_Zone_Resident","Outside_Worker","ZoneGlobale","All_modes","24"
"2020-03-26","Kasa-Vubu","Kalamu II","1h","Destination_Zone_Resident","Destination_Zone_Worker","ZoneGlobale","All_modes","1221"
"2020-03-26","Kasa-Vubu","Kalamu II","1h","Destination_Zone_Resident","Study_Zone_Worker","ZoneGlobale","All_modes","345"
"2020-03-26","Kasa-Vubu","Kalamu II","1h","Destination_Zone_Resident","Origin_Zone_Worker","ZoneGlobale","All_modes","398"
"2020-03-26","Kasa-Vubu","Kalamu II","1h","Study_Zone_Resident","Outside_Worker","ZoneGlobale","All_modes","22"
"2020-03-26","Kasa-Vubu","Kalamu II","1h","Study_Zone_Resident","Destination_Zone_Worker","ZoneGlobale","All_modes","70"
"2020-03-26","Kasa-Vubu","Kalamu II","1h","Study_Zone_Resident","Study_Zone_Worker","ZoneGlobale","All_modes","217"
"2020-03-26","Kasa-Vubu","Kalamu II","1h","Study_Zone_Resident","Origin_Zone_Worker","ZoneGlobale","All_modes","117"
"2020-03-26","Kasa-Vubu","Kalamu II","1h","Origin_Zone_Resident","Outside_Worker","ZoneGlobale","All_modes","47"
"2020-03-26","Kasa-Vubu","Kalamu II","1h","Origin_Zone_Resident","Destination_Zone_Worker","ZoneGlobale","All_modes","149"
"2020-03-26","Kasa-Vubu","Kalamu II","1h","Origin_Zone_Resident","Study_Zone_Worker","ZoneGlobale","All_modes","106"
"2020-03-26","Kasa-Vubu","Kalamu II","1h","Origin_Zone_Resident","Origin_Zone_Worker","ZoneGlobale","All_modes","1487"
"2020-03-26","Kasa-Vubu","Kalamu II","3h","Outside_Resident","Outside_Worker","ZoneGlobale","All_modes","672"
"2020-03-26","Kasa-Vubu","Kalamu II","3h","Outside_Resident","Destination_Zone_Worker","ZoneGlobale","All_modes","164"
"2020-03-26","Kasa-Vubu","Kalamu II","3h","Outside_Resident","Study_Zone_Worker","ZoneGlobale","All_modes","142"
"2020-03-26","Kasa-Vubu","Kalamu II","3h","Outside_Resident","Origin_Zone_Worker","ZoneGlobale","All_modes","449"
"2020-03-26","Kasa-Vubu","Kalamu II","3h","Destination_Zone_Resident","Outside_Worker","ZoneGlobale","All_modes","67"
"2020-03-26","Kasa-Vubu","Kalamu II","3h","Destination_Zone_Resident","Destination_Zone_Worker","ZoneGlobale","All_modes","1469"
"2020-03-26","Kasa-Vubu","Kalamu II","3h","Destination_Zone_Resident","Study_Zone_Worker","ZoneGlobale","All_modes","424"
"2020-03-26","Kasa-Vubu","Kalamu II","3h","Destination_Zone_Resident","Origin_Zone_Worker","ZoneGlobale","All_modes","731"
"2020-03-26","Kasa-Vubu","Kalamu II","3h","Study_Zone_Resident","Outside_Worker","ZoneGlobale","All_modes","62"
"2020-03-26","Kasa-Vubu","Kalamu II","3h","Study_Zone_Resident","Destination_Zone_Worker","ZoneGlobale","All_modes","98"
"2020-03-26","Kasa-Vubu","Kalamu II","3h","Study_Zone_Resident","Study_Zone_Worker","ZoneGlobale","All_modes","313"
"2020-03-26","Kasa-Vubu","Kalamu II","3h","Study_Zone_Resident","Origin_Zone_Worker","ZoneGlobale","All_modes","251"
"2020-03-26","Kasa-Vubu","Kalamu II","3h","Origin_Zone_Resident","Outside_Worker","ZoneGlobale","All_modes","64"
"2020-03-26","Kasa-Vubu","Kalamu II","3h","Origin_Zone_Resident","Destination_Zone_Worker","ZoneGlobale","All_modes","196"
"2020-03-26","Kasa-Vubu","Kalamu II","3h","Origin_Zone_Resident","Study_Zone_Worker","ZoneGlobale","All_modes","90"
"2020-03-26","Kasa-Vubu","Kalamu II","3h","Origin_Zone_Resident","Origin_Zone_Worker","ZoneGlobale","All_modes","2165"
"2020-03-26","Kasa-Vubu","Kikimi","1h","Destination_Zone_Resident","Outside_Worker","ZoneGlobale","All_modes","27"
"2020-03-26","Kasa-Vubu","Kikimi","3h","Outside_Resident","Outside_Worker","ZoneGlobale","All_modes","58"
"2020-03-26","Kasa-Vubu","Kikimi","3h","Destination_Zone_Resident","Outside_Worker","ZoneGlobale","All_modes","22"
"2020-03-26","Kasa-Vubu","Kikimi","3h","Destination_Zone_Resident","Destination_Zone_Worker","ZoneGlobale","All_modes","35"
"2020-03-26","Kasa-Vubu","Kikimi","3h","Destination_Zone_Resident","Origin_Zone_Worker","ZoneGlobale","All_modes","67"
"2020-03-26","Kasa-Vubu","Kikimi","3h","Study_Zone_Resident","Origin_Zone_Worker","ZoneGlobale","All_modes","39"
"2020-03-26","Kasa-Vubu","Kimbanseke","1h","Outside_Resident","Outside_Worker","ZoneGlobale","All_modes","26"
"2020-03-26","Kasa-Vubu","Kimbanseke","1h","Destination_Zone_Resident","Destination_Zone_Worker","ZoneGlobale","All_modes","104"
"2020-03-26","Kasa-Vubu","Kimbanseke","1h","Destination_Zone_Resident","Study_Zone_Worker","ZoneGlobale","All_modes","22"
"2020-03-26","Kasa-Vubu","Kimbanseke","1h","Destination_Zone_Resident","Origin_Zone_Worker","ZoneGlobale","All_modes","59"
"2020-03-26","Kasa-Vubu","Kimbanseke","3h","Outside_Resident","Outside_Worker","ZoneGlobale","All_modes","99"
"2020-03-26","Kasa-Vubu","Kimbanseke","3h","Outside_Resident","Destination_Zone_Worker","ZoneGlobale","All_modes","37"
"2020-03-26","Kasa-Vubu","Kimbanseke","3h","Outside_Resident","Origin_Zone_Worker","ZoneGlobale","All_modes","24"
"2020-03-26","Kasa-Vubu","Kimbanseke","3h","Destination_Zone_Resident","Outside_Worker","ZoneGlobale","All_modes","38"
"2020-03-26","Kasa-Vubu","Kimbanseke","3h","Destination_Zone_Resident","Destination_Zone_Worker","ZoneGlobale","All_modes","153"
"2020-03-26","Kasa-Vubu","Kimbanseke","3h","Destination_Zone_Resident","Study_Zone_Worker","ZoneGlobale","All_modes","96"
"2020-03-26","Kasa-Vubu","Kimbanseke","3h","Destination_Zone_Resident","Origin_Zone_Worker","ZoneGlobale","All_modes","174"
"2020-03-26","Kasa-Vubu","Kimbanseke","3h","Study_Zone_Resident","Study_Zone_Worker","ZoneGlobale","All_modes","53"
"2020-03-26","Kasa-Vubu","Kimbanseke","3h","Study_Zone_Resident","Origin_Zone_Worker","ZoneGlobale","All_modes","27"
"2020-03-26","Kasa-Vubu","Kingabwa","1h","Outside_Resident","Outside_Worker","ZoneGlobale","All_modes","23"
"2020-03-26","Kasa-Vubu","Kingabwa","1h","Destination_Zone_Resident","Destination_Zone_Worker","ZoneGlobale","All_modes","110"
"2020-03-26","Kasa-Vubu","Kingabwa","1h","Destination_Zone_Resident","Study_Zone_Worker","ZoneGlobale","All_modes","60"
"2020-03-26","Kasa-Vubu","Kingabwa","1h","Destination_Zone_Resident","Origin_Zone_Worker","ZoneGlobale","All_modes","41"
"2020-03-26","Kasa-Vubu","Kingabwa","1h","Study_Zone_Resident","Study_Zone_Worker","ZoneGlobale","All_modes","27"
"2020-03-26","Kasa-Vubu","Kingabwa","3h","Outside_Resident","Outside_Worker","ZoneGlobale","All_modes","101"
"2020-03-26","Kasa-Vubu","Kingabwa","3h","Outside_Resident","Destination_Zone_Worker","ZoneGlobale","All_modes","32"
"2020-03-26","Kasa-Vubu","Kingabwa","3h","Outside_Resident","Origin_Zone_Worker","ZoneGlobale","All_modes","36"
"2020-03-26","Kasa-Vubu","Kingabwa","3h","Destination_Zone_Resident","Outside_Worker","ZoneGlobale","All_modes","22"
"2020-03-26","Kasa-Vubu","Kingabwa","3h","Destination_Zone_Resident","Destination_Zone_Worker","ZoneGlobale","All_modes","146"
"2020-03-26","Kasa-Vubu","Kingabwa","3h","Destination_Zone_Resident","Study_Zone_Worker","ZoneGlobale","All_modes","50"
"2020-03-26","Kasa-Vubu","Kingabwa","3h","Destination_Zone_Resident","Origin_Zone_Worker","ZoneGlobale","All_modes","130"
"2020-03-26","Kasa-Vubu","Kingabwa","3h","Study_Zone_Resident","Destination_Zone_Worker","ZoneGlobale","All_modes","27"
"2020-03-26","Kasa-Vubu","Kingabwa","3h","Study_Zone_Resident","Study_Zone_Worker","ZoneGlobale","All_modes","27"
"2020-03-26","Kasa-Vubu","Kingabwa","3h","Study_Zone_Resident","Origin_Zone_Worker","ZoneGlobale","All_modes","47"
"2020-03-26","Kasa-Vubu","Kinshasa","1h","Outside_Resident","Outside_Worker","ZoneGlobale","All_modes","83"
"2020-03-26","Kasa-Vubu","Kinshasa","1h","Outside_Resident","Study_Zone_Worker","ZoneGlobale","All_modes","24"
"2020-03-26","Kasa-Vubu","Kinshasa","1h","Outside_Resident","Origin_Zone_Worker","ZoneGlobale","All_modes","27"
"2020-03-26","Kasa-Vubu","Kinshasa","1h","Destination_Zone_Resident","Destination_Zone_Worker","ZoneGlobale","All_modes","350"
"2020-03-26","Kasa-Vubu","Kinshasa","1h","Destination_Zone_Resident","Study_Zone_Worker","ZoneGlobale","All_modes","47"
"2020-03-26","Kasa-Vubu","Kinshasa","1h","Destination_Zone_Resident","Origin_Zone_Worker","ZoneGlobale","All_modes","92"
"2020-03-26","Kasa-Vubu","Kinshasa","1h","Study_Zone_Resident","Study_Zone_Worker","ZoneGlobale","All_modes","60"
"2020-03-26","Kasa-Vubu","Kinshasa","1h","Origin_Zone_Resident","Destination_Zone_Worker","ZoneGlobale","All_modes","24"
"2020-03-26","Kasa-Vubu","Kinshasa","1h","Origin_Zone_Resident","Study_Zone_Worker","ZoneGlobale","All_modes","24"
"2020-03-26","Kasa-Vubu","Kinshasa","1h","Origin_Zone_Resident","Origin_Zone_Worker","ZoneGlobale","All_modes","202"
"2020-03-26","Kasa-Vubu","Kinshasa","3h","Outside_Resident","Outside_Worker","ZoneGlobale","All_modes","169"
"2020-03-26","Kasa-Vubu","Kinshasa","3h","Outside_Resident","Destination_Zone_Worker","ZoneGlobale","All_modes","36"
"2020-03-26","Kasa-Vubu","Kinshasa","3h","Outside_Resident","Origin_Zone_Worker","ZoneGlobale","All_modes","53"
"2020-03-26","Kasa-Vubu","Kinshasa","3h","Destination_Zone_Resident","Destination_Zone_Worker","ZoneGlobale","All_modes","403"
"2020-03-26","Kasa-Vubu","Kinshasa","3h","Destination_Zone_Resident","Study_Zone_Worker","ZoneGlobale","All_modes","64"
"2020-03-26","Kasa-Vubu","Kinshasa","3h","Destination_Zone_Resident","Origin_Zone_Worker","ZoneGlobale","All_modes","173"
"2020-03-26","Kasa-Vubu","Kinshasa","3h","Study_Zone_Resident","Destination_Zone_Worker","ZoneGlobale","All_modes","33"
"2020-03-26","Kasa-Vubu","Kinshasa","3h","Study_Zone_Resident","Study_Zone_Worker","ZoneGlobale","All_modes","87"
"2020-03-26","Kasa-Vubu","Kinshasa","3h","Study_Zone_Resident","Origin_Zone_Worker","ZoneGlobale","All_modes","22"
"2020-03-26","Kasa-Vubu","Kinshasa","3h","Origin_Zone_Resident","Destination_Zone_Worker","ZoneGlobale","All_modes","42"
"2020-03-26","Kasa-Vubu","Kinshasa","3h","Origin_Zone_Resident","Origin_Zone_Worker","ZoneGlobale","All_modes","231"
"2020-03-26","Kasa-Vubu","Kintambo","1h","Destination_Zone_Resident","Destination_Zone_Worker","ZoneGlobale","All_modes","133"
"2020-03-26","Kasa-Vubu","Kintambo","1h","Destination_Zone_Resident","Study_Zone_Worker","ZoneGlobale","All_modes","35"
"2020-03-26","Kasa-Vubu","Kintambo","1h","Destination_Zone_Resident","Origin_Zone_Worker","ZoneGlobale","All_modes","45"
"2020-03-26","Kasa-Vubu","Kintambo","1h","Study_Zone_Resident","Study_Zone_Worker","ZoneGlobale","All_modes","63"
"2020-03-26","Kasa-Vubu","Kintambo","3h","Outside_Resident","Outside_Worker","ZoneGlobale","All_modes","103"
"2020-03-26","Kasa-Vubu","Kintambo","3h","Outside_Resident","Origin_Zone_Worker","ZoneGlobale","All_modes","51"
"2020-03-26","Kasa-Vubu","Kintambo","3h","Destination_Zone_Resident","Outside_Worker","ZoneGlobale","All_modes","24"
"2020-03-26","Kasa-Vubu","Kintambo","3h","Destination_Zone_Resident","Destination_Zone_Worker","ZoneGlobale","All_modes","166"
"2020-03-26","Kasa-Vubu","Kintambo","3h","Destination_Zone_Resident","Study_Zone_Worker","ZoneGlobale","All_modes","83"
"2020-03-26","Kasa-Vubu","Kintambo","3h","Destination_Zone_Resident","Origin_Zone_Worker","ZoneGlobale","All_modes","126"
"2020-03-26","Kasa-Vubu","Kintambo","3h","Study_Zone_Resident","Study_Zone_Worker","ZoneGlobale","All_modes","127"
"2020-03-26","Kasa-Vubu","Kintambo","3h","Study_Zone_Resident","Origin_Zone_Worker","ZoneGlobale","All_modes","22"
"2020-03-26","Kasa-Vubu","Kintambo","3h","Origin_Zone_Resident","Origin_Zone_Worker","ZoneGlobale","All_modes","24"
"2020-03-26","Kasa-Vubu","Kisenso","1h","Outside_Resident","Outside_Worker","ZoneGlobale","All_modes","35"
"2020-03-26","Kasa-Vubu","Kisenso","1h","Outside_Resident","Origin_Zone_Worker","ZoneGlobale","All_modes","35"
"2020-03-26","Kasa-Vubu","Kisenso","1h","Destination_Zone_Resident","Outside_Worker","ZoneGlobale","All_modes","21"
"2020-03-26","Kasa-Vubu","Kisenso","1h","Destination_Zone_Resident","Destination_Zone_Worker","ZoneGlobale","All_modes","45"
"2020-03-26","Kasa-Vubu","Kisenso","1h","Destination_Zone_Resident","Origin_Zone_Worker","ZoneGlobale","All_modes","24"
"2020-03-26","Kasa-Vubu","Kisenso","1h","Study_Zone_Resident","Study_Zone_Worker","ZoneGlobale","All_modes","27"
"2020-03-26","Kasa-Vubu","Kisenso","3h","Outside_Resident","Outside_Worker","ZoneGlobale","All_modes","71"
"2020-03-26","Kasa-Vubu","Kisenso","3h","Outside_Resident","Origin_Zone_Worker","ZoneGlobale","All_modes","81"
"2020-03-26","Kasa-Vubu","Kisenso","3h","Destination_Zone_Resident","Outside_Worker","ZoneGlobale","All_modes","21"
"2020-03-26","Kasa-Vubu","Kisenso","3h","Destination_Zone_Resident","Destination_Zone_Worker","ZoneGlobale","All_modes","100"
"2020-03-26","Kasa-Vubu","Kisenso","3h","Destination_Zone_Resident","Study_Zone_Worker","ZoneGlobale","All_modes","37"
"2020-03-26","Kasa-Vubu","Kisenso","3h","Destination_Zone_Resident","Origin_Zone_Worker","ZoneGlobale","All_modes","58"
"2020-03-26","Kasa-Vubu","Kisenso","3h","Study_Zone_Resident","Study_Zone_Worker","ZoneGlobale","All_modes","54"
"2020-03-26","Kasa-Vubu","Kokolo","1h","Outside_Resident","Outside_Worker","ZoneGlobale","All_modes","145"
"2020-03-26","Kasa-Vubu","Kokolo","1h","Outside_Resident","Origin_Zone_Worker","ZoneGlobale","All_modes","36"
"2020-03-26","Kasa-Vubu","Kokolo","1h","Destination_Zone_Resident","Outside_Worker","ZoneGlobale","All_modes","57"
"2020-03-26","Kasa-Vubu","Kokolo","1h","Destination_Zone_Resident","Destination_Zone_Worker","ZoneGlobale","All_modes","633"
"2020-03-26","Kasa-Vubu","Kokolo","1h","Destination_Zone_Resident","Study_Zone_Worker","ZoneGlobale","All_modes","191"
"2020-03-26","Kasa-Vubu","Kokolo","1h","Destination_Zone_Resident","Origin_Zone_Worker","ZoneGlobale","All_modes","229"
"2020-03-26","Kasa-Vubu","Kokolo","1h","Study_Zone_Resident","Outside_Worker","ZoneGlobale","All_modes","30"
"2020-03-26","Kasa-Vubu","Kokolo","1h","Study_Zone_Resident","Destination_Zone_Worker","ZoneGlobale","All_modes","35"
"2020-03-26","Kasa-Vubu","Kokolo","1h","Study_Zone_Resident","Study_Zone_Worker","ZoneGlobale","All_modes","206"
"2020-03-26","Kasa-Vubu","Kokolo","1h","Study_Zone_Resident","Origin_Zone_Worker","ZoneGlobale","All_modes","55"
"2020-03-26","Kasa-Vubu","Kokolo","1h","Origin_Zone_Resident","Study_Zone_Worker","ZoneGlobale","All_modes","22"
"2020-03-26","Kasa-Vubu","Kokolo","1h","Origin_Zone_Resident","Origin_Zone_Worker","ZoneGlobale","All_modes","87"
"2020-03-26","Kasa-Vubu","Kokolo","3h","Outside_Resident","Outside_Worker","ZoneGlobale","All_modes","280"
"2020-03-26","Kasa-Vubu","Kokolo","3h","Outside_Resident","Destination_Zone_Worker","ZoneGlobale","All_modes","46"
"2020-03-26","Kasa-Vubu","Kokolo","3h","Outside_Resident","Study_Zone_Worker","ZoneGlobale","All_modes","65"
"2020-03-26","Kasa-Vubu","Kokolo","3h","Outside_Resident","Origin_Zone_Worker","ZoneGlobale","All_modes","128"
"2020-03-26","Kasa-Vubu","Kokolo","3h","Destination_Zone_Resident","Outside_Worker","ZoneGlobale","All_modes","80"
"2020-03-26","Kasa-Vubu","Kokolo","3h","Destination_Zone_Resident","Destination_Zone_Worker","ZoneGlobale","All_modes","804"
"2020-03-26","Kasa-Vubu","Kokolo","3h","Destination_Zone_Resident","Study_Zone_Worker","ZoneGlobale","All_modes","173"
"2020-03-26","Kasa-Vubu","Kokolo","3h","Destination_Zone_Resident","Origin_Zone_Worker","ZoneGlobale","All_modes","564"
"2020-03-26","Kasa-Vubu","Kokolo","3h","Study_Zone_Resident","Destination_Zone_Worker","ZoneGlobale","All_modes","38"
"2020-03-26","Kasa-Vubu","Kokolo","3h","Study_Zone_Resident","Study_Zone_Worker","ZoneGlobale","All_modes","293"
"2020-03-26","Kasa-Vubu","Kokolo","3h","Study_Zone_Resident","Origin_Zone_Worker","ZoneGlobale","All_modes","94"
"2020-03-26","Kasa-Vubu","Kokolo","3h","Origin_Zone_Resident","Outside_Worker","ZoneGlobale","All_modes","22"
"2020-03-26","Kasa-Vubu","Kokolo","3h","Origin_Zone_Resident","Study_Zone_Worker","ZoneGlobale","All_modes","22"
"2020-03-26","Kasa-Vubu","Kokolo","3h","Origin_Zone_Resident","Origin_Zone_Worker","ZoneGlobale","All_modes","327"
"2020-03-26","Kasa-Vubu","Lemba","1h","Outside_Resident","Outside_Worker","ZoneGlobale","All_modes","97"
"2020-03-26","Kasa-Vubu","Lemba","1h","Outside_Resident","Origin_Zone_Worker","ZoneGlobale","All_modes","21"
"2020-03-26","Kasa-Vubu","Lemba","1h","Destination_Zone_Resident","Destination_Zone_Worker","ZoneGlobale","All_modes","178"
"2020-03-26","Kasa-Vubu","Lemba","1h","Destination_Zone_Resident","Study_Zone_Worker","ZoneGlobale","All_modes","113"
"2020-03-26","Kasa-Vubu","Lemba","1h","Destination_Zone_Resident","Origin_Zone_Worker","ZoneGlobale","All_modes","110"
"2020-03-26","Kasa-Vubu","Lemba","1h","Study_Zone_Resident","Destination_Zone_Worker","ZoneGlobale","All_modes","24"
"2020-03-26","Kasa-Vubu","Lemba","1h","Study_Zone_Resident","Study_Zone_Worker","ZoneGlobale","All_modes","123"
"2020-03-26","Kasa-Vubu","Lemba","1h","Origin_Zone_Resident","Origin_Zone_Worker","ZoneGlobale","All_modes","22"
"2020-03-26","Kasa-Vubu","Lemba","3h","Outside_Resident","Outside_Worker","ZoneGlobale","All_modes","193"
"2020-03-26","Kasa-Vubu","Lemba","3h","Outside_Resident","Destination_Zone_Worker","ZoneGlobale","All_modes","26"
"2020-03-26","Kasa-Vubu","Lemba","3h","Outside_Resident","Study_Zone_Worker","ZoneGlobale","All_modes","40"
"2020-03-26","Kasa-Vubu","Lemba","3h","Outside_Resident","Origin_Zone_Worker","ZoneGlobale","All_modes","90"
"2020-03-26","Kasa-Vubu","Lemba","3h","Destination_Zone_Resident","Outside_Worker","ZoneGlobale","All_modes","27"
"2020-03-26","Kasa-Vubu","Lemba","3h","Destination_Zone_Resident","Destination_Zone_Worker","ZoneGlobale","All_modes","304"
"2020-03-26","Kasa-Vubu","Lemba","3h","Destination_Zone_Resident","Study_Zone_Worker","ZoneGlobale","All_modes","175"
"2020-03-26","Kasa-Vubu","Lemba","3h","Destination_Zone_Resident","Origin_Zone_Worker","ZoneGlobale","All_modes","294"
"2020-03-26","Kasa-Vubu","Lemba","3h","Study_Zone_Resident","Study_Zone_Worker","ZoneGlobale","All_modes","168"
"2020-03-26","Kasa-Vubu","Lemba","3h","Origin_Zone_Resident","Origin_Zone_Worker","ZoneGlobale","All_modes","38"
"2020-03-26","Kasa-Vubu","Limete","1h","Outside_Resident","Outside_Worker","ZoneGlobale","All_modes","31"
"2020-03-26","Kasa-Vubu","Limete","1h","Destination_Zone_Resident","Outside_Worker","ZoneGlobale","All_modes","40"
"2020-03-26","Kasa-Vubu","Limete","1h","Destination_Zone_Resident","Destination_Zone_Worker","ZoneGlobale","All_modes","299"
"2020-03-26","Kasa-Vubu","Limete","1h","Destination_Zone_Resident","Study_Zone_Worker","ZoneGlobale","All_modes","76"
"2020-03-26","Kasa-Vubu","Limete","1h","Destination_Zone_Resident","Origin_Zone_Worker","ZoneGlobale","All_modes","143"
"2020-03-26","Kasa-Vubu","Limete","1h","Study_Zone_Resident","Study_Zone_Worker","ZoneGlobale","All_modes","139"
"2020-03-26","Kasa-Vubu","Limete","1h","Study_Zone_Resident","Origin_Zone_Worker","ZoneGlobale","All_modes","40"
"2020-03-26","Kasa-Vubu","Limete","1h","Origin_Zone_Resident","Origin_Zone_Worker","ZoneGlobale","All_modes","55"
"2020-03-26","Kasa-Vubu","Limete","3h","Outside_Resident","Outside_Worker","ZoneGlobale","All_modes","300"
"2020-03-26","Kasa-Vubu","Limete","3h","Outside_Resident","Destination_Zone_Worker","ZoneGlobale","All_modes","44"
"2020-03-26","Kasa-Vubu","Limete","3h","Outside_Resident","Study_Zone_Worker","ZoneGlobale","All_modes","96"
"2020-03-26","Kasa-Vubu","Limete","3h","Outside_Resident","Origin_Zone_Worker","ZoneGlobale","All_modes","49"
"2020-03-26","Kasa-Vubu","Limete","3h","Destination_Zone_Resident","Outside_Worker","ZoneGlobale","All_modes","93"
"2020-03-26","Kasa-Vubu","Limete","3h","Destination_Zone_Resident","Destination_Zone_Worker","ZoneGlobale","All_modes","411"
"2020-03-26","Kasa-Vubu","Limete","3h","Destination_Zone_Resident","Study_Zone_Worker","ZoneGlobale","All_modes","156"
"2020-03-26","Kasa-Vubu","Limete","3h","Destination_Zone_Resident","Origin_Zone_Worker","ZoneGlobale","All_modes","422"
"2020-03-26","Kasa-Vubu","Limete","3h","Study_Zone_Resident","Study_Zone_Worker","ZoneGlobale","All_modes","168"
"2020-03-26","Kasa-Vubu","Limete","3h","Study_Zone_Resident","Origin_Zone_Worker","ZoneGlobale","All_modes","90"
"2020-03-26","Kasa-Vubu","Limete","3h","Origin_Zone_Resident","Origin_Zone_Worker","ZoneGlobale","All_modes","86"
"2020-03-26","Kasa-Vubu","Makala","1h","Outside_Resident","Outside_Worker","ZoneGlobale","All_modes","118"
"2020-03-26","Kasa-Vubu","Makala","1h","Destination_Zone_Resident","Outside_Worker","ZoneGlobale","All_modes","68"
"2020-03-26","Kasa-Vubu","Makala","1h","Destination_Zone_Resident","Destination_Zone_Worker","ZoneGlobale","All_modes","124"
"2020-03-26","Kasa-Vubu","Makala","1h","Destination_Zone_Resident","Study_Zone_Worker","ZoneGlobale","All_modes","86"
"2020-03-26","Kasa-Vubu","Makala","1h","Destination_Zone_Resident","Origin_Zone_Worker","ZoneGlobale","All_modes","251"
"2020-03-26","Kasa-Vubu","Makala","1h","Study_Zone_Resident","Origin_Zone_Worker","ZoneGlobale","All_modes","44"
"2020-03-26","Kasa-Vubu","Makala","3h","Outside_Resident","Outside_Worker","ZoneGlobale","All_modes","342"
"2020-03-26","Kasa-Vubu","Makala","3h","Outside_Resident","Destination_Zone_Worker","ZoneGlobale","All_modes","22"
"2020-03-26","Kasa-Vubu","Makala","3h","Outside_Resident","Study_Zone_Worker","ZoneGlobale","All_modes","50"
"2020-03-26","Kasa-Vubu","Makala","3h","Outside_Resident","Origin_Zone_Worker","ZoneGlobale","All_modes","112"
"2020-03-26","Kasa-Vubu","Makala","3h","Destination_Zone_Resident","Outside_Worker","ZoneGlobale","All_modes","128"
"2020-03-26","Kasa-Vubu","Makala","3h","Destination_Zone_Resident","Destination_Zone_Worker","ZoneGlobale","All_modes","257"
"2020-03-26","Kasa-Vubu","Makala","3h","Destination_Zone_Resident","Study_Zone_Worker","ZoneGlobale","All_modes","157"
"2020-03-26","Kasa-Vubu","Makala","3h","Destination_Zone_Resident","Origin_Zone_Worker","ZoneGlobale","All_modes","648"
"2020-03-26","Kasa-Vubu","Makala","3h","Study_Zone_Resident","Outside_Worker","ZoneGlobale","All_modes","36"
"2020-03-26","Kasa-Vubu","Makala","3h","Study_Zone_Resident","Destination_Zone_Worker","ZoneGlobale","All_modes","36"
"2020-03-26","Kasa-Vubu","Makala","3h","Study_Zone_Resident","Study_Zone_Worker","ZoneGlobale","All_modes","126"
"2020-03-26","Kasa-Vubu","Makala","3h","Study_Zone_Resident","Origin_Zone_Worker","ZoneGlobale","All_modes","245"
"2020-03-26","Kasa-Vubu","Makala","3h","Origin_Zone_Resident","Origin_Zone_Worker","ZoneGlobale","All_modes","24"
"2020-03-26","Kasa-Vubu","Maluku I","3h","Outside_Resident","Origin_Zone_Worker","ZoneGlobale","All_modes","36"
"2020-03-26","Kasa-Vubu","Maluku I","3h","Study_Zone_Resident","Study_Zone_Worker","ZoneGlobale","All_modes","40"
"2020-03-26","Kasa-Vubu","Maluku I","3h","Study_Zone_Resident","Origin_Zone_Worker","ZoneGlobale","All_modes","26"
"2020-03-26","Kasa-Vubu","Masa","1h","Outside_Resident","Outside_Worker","ZoneGlobale","All_modes","27"
"2020-03-26","Kasa-Vubu","Masa","3h","Study_Zone_Resident","Study_Zone_Worker","ZoneGlobale","All_modes","35"
"2020-03-26","Kasa-Vubu","Masa","3h","Study_Zone_Resident","Origin_Zone_Worker","ZoneGlobale","All_modes","27"
"2020-03-26","Kasa-Vubu","Masina I","1h","Outside_Resident","Outside_Worker","ZoneGlobale","All_modes","59"
"2020-03-26","Kasa-Vubu","Masina I","1h","Destination_Zone_Resident","Outside_Worker","ZoneGlobale","All_modes","25"
"2020-03-26","Kasa-Vubu","Masina I","1h","Destination_Zone_Resident","Origin_Zone_Worker","ZoneGlobale","All_modes","42"
"2020-03-26","Kasa-Vubu","Masina I","3h","Outside_Resident","Outside_Worker","ZoneGlobale","All_modes","35"
"2020-03-26","Kasa-Vubu","Masina I","3h","Destination_Zone_Resident","Destination_Zone_Worker","ZoneGlobale","All_modes","50"
"2020-03-26","Kasa-Vubu","Masina I","3h","Destination_Zone_Resident","Study_Zone_Worker","ZoneGlobale","All_modes","35"
"2020-03-26","Kasa-Vubu","Masina I","3h","Destination_Zone_Resident","Origin_Zone_Worker","ZoneGlobale","All_modes","82"
"2020-03-26","Kasa-Vubu","Masina I","3h","Study_Zone_Resident","Study_Zone_Worker","ZoneGlobale","All_modes","24"
"2020-03-26","Kasa-Vubu","Masina II","1h","Outside_Resident","Outside_Worker","ZoneGlobale","All_modes","23"
"2020-03-26","Kasa-Vubu","Masina II","1h","Destination_Zone_Resident","Outside_Worker","ZoneGlobale","All_modes","26"
"2020-03-26","Kasa-Vubu","Masina II","1h","Destination_Zone_Resident","Destination_Zone_Worker","ZoneGlobale","All_modes","96"
"2020-03-26","Kasa-Vubu","Masina II","1h","Destination_Zone_Resident","Study_Zone_Worker","ZoneGlobale","All_modes","62"
"2020-03-26","Kasa-Vubu","Masina II","1h","Destination_Zone_Resident","Origin_Zone_Worker","ZoneGlobale","All_modes","68"
"2020-03-26","Kasa-Vubu","Masina II","1h","Study_Zone_Resident","Study_Zone_Worker","ZoneGlobale","All_modes","35"
"2020-03-26","Kasa-Vubu","Masina II","3h","Outside_Resident","Outside_Worker","ZoneGlobale","All_modes","467"
"2020-03-26","Kasa-Vubu","Masina II","3h","Outside_Resident","Destination_Zone_Worker","ZoneGlobale","All_modes","40"
"2020-03-26","Kasa-Vubu","Masina II","3h","Outside_Resident","Study_Zone_Worker","ZoneGlobale","All_modes","36"
"2020-03-26","Kasa-Vubu","Masina II","3h","Outside_Resident","Origin_Zone_Worker","ZoneGlobale","All_modes","25"
"2020-03-26","Kasa-Vubu","Masina II","3h","Destination_Zone_Resident","Outside_Worker","ZoneGlobale","All_modes","47"
"2020-03-26","Kasa-Vubu","Masina II","3h","Destination_Zone_Resident","Destination_Zone_Worker","ZoneGlobale","All_modes","126"
"2020-03-26","Kasa-Vubu","Masina II","3h","Destination_Zone_Resident","Study_Zone_Worker","ZoneGlobale","All_modes","53"
"2020-03-26","Kasa-Vubu","Masina II","3h","Destination_Zone_Resident","Origin_Zone_Worker","ZoneGlobale","All_modes","141"
"2020-03-26","Kasa-Vubu","Masina II","3h","Origin_Zone_Resident","Origin_Zone_Worker","ZoneGlobale","All_modes","35"
"2020-03-26","Kasa-Vubu","Matete","1h","Outside_Resident","Outside_Worker","ZoneGlobale","All_modes","22"
"2020-03-26","Kasa-Vubu","Matete","1h","Destination_Zone_Resident","Destination_Zone_Worker","ZoneGlobale","All_modes","77"
"2020-03-26","Kasa-Vubu","Matete","1h","Destination_Zone_Resident","Study_Zone_Worker","ZoneGlobale","All_modes","22"
"2020-03-26","Kasa-Vubu","Matete","1h","Destination_Zone_Resident","Origin_Zone_Worker","ZoneGlobale","All_modes","23"
"2020-03-26","Kasa-Vubu","Matete","1h","Study_Zone_Resident","Destination_Zone_Worker","ZoneGlobale","All_modes","22"
"2020-03-26","Kasa-Vubu","Matete","1h","Study_Zone_Resident","Study_Zone_Worker","ZoneGlobale","All_modes","51"
"2020-03-26","Kasa-Vubu","Matete","3h","Outside_Resident","Outside_Worker","ZoneGlobale","All_modes","143"
"2020-03-26","Kasa-Vubu","Matete","3h","Outside_Resident","Study_Zone_Worker","ZoneGlobale","All_modes","40"
"2020-03-26","Kasa-Vubu","Matete","3h","Outside_Resident","Origin_Zone_Worker","ZoneGlobale","All_modes","36"
"2020-03-26","Kasa-Vubu","Matete","3h","Destination_Zone_Resident","Destination_Zone_Worker","ZoneGlobale","All_modes","87"
"2020-03-26","Kasa-Vubu","Matete","3h","Destination_Zone_Resident","Study_Zone_Worker","ZoneGlobale","All_modes","35"
"2020-03-26","Kasa-Vubu","Matete","3h","Destination_Zone_Resident","Origin_Zone_Worker","ZoneGlobale","All_modes","100"
"2020-03-26","Kasa-Vubu","Matete","3h","Study_Zone_Resident","Study_Zone_Worker","ZoneGlobale","All_modes","77"
"2020-03-26","Kasa-Vubu","Mont Ngafula I","1h","Outside_Resident","Outside_Worker","ZoneGlobale","All_modes","54"
"2020-03-26","Kasa-Vubu","Mont Ngafula I","1h","Destination_Zone_Resident","Destination_Zone_Worker","ZoneGlobale","All_modes","62"
"2020-03-26","Kasa-Vubu","Mont Ngafula I","1h","Destination_Zone_Resident","Study_Zone_Worker","ZoneGlobale","All_modes","50"
"2020-03-26","Kasa-Vubu","Mont Ngafula I","1h","Destination_Zone_Resident","Origin_Zone_Worker","ZoneGlobale","All_modes","89"
"2020-03-26","Kasa-Vubu","Mont Ngafula I","3h","Outside_Resident","Outside_Worker","ZoneGlobale","All_modes","53"
"2020-03-26","Kasa-Vubu","Mont Ngafula I","3h","Outside_Resident","Destination_Zone_Worker","ZoneGlobale","All_modes","40"
"2020-03-26","Kasa-Vubu","Mont Ngafula I","3h","Outside_Resident","Origin_Zone_Worker","ZoneGlobale","All_modes","47"
"2020-03-26","Kasa-Vubu","Mont Ngafula I","3h","Destination_Zone_Resident","Destination_Zone_Worker","ZoneGlobale","All_modes","94"
"2020-03-26","Kasa-Vubu","Mont Ngafula I","3h","Destination_Zone_Resident","Study_Zone_Worker","ZoneGlobale","All_modes","93"
"2020-03-26","Kasa-Vubu","Mont Ngafula I","3h","Destination_Zone_Resident","Origin_Zone_Worker","ZoneGlobale","All_modes","93"
"2020-03-26","Kasa-Vubu","Mont Ngafula I","3h","Study_Zone_Resident","Study_Zone_Worker","ZoneGlobale","All_modes","95"
"2020-03-26","Kasa-Vubu","Mont Ngafula I","3h","Study_Zone_Resident","Origin_Zone_Worker","ZoneGlobale","All_modes","22"
"2020-03-26","Kasa-Vubu","Mont Ngafula II","1h","Outside_Resident","Outside_Worker","ZoneGlobale","All_modes","58"
"2020-03-26","Kasa-Vubu","Mont Ngafula II","1h","Destination_Zone_Resident","Destination_Zone_Worker","ZoneGlobale","All_modes","32"
"2020-03-26","Kasa-Vubu","Mont Ngafula II","1h","Destination_Zone_Resident","Study_Zone_Worker","ZoneGlobale","All_modes","40"
"2020-03-26","Kasa-Vubu","Mont Ngafula II","1h","Destination_Zone_Resident","Origin_Zone_Worker","ZoneGlobale","All_modes","37"
"2020-03-26","Kasa-Vubu","Mont Ngafula II","1h","Study_Zone_Resident","Study_Zone_Worker","ZoneGlobale","All_modes","31"
"2020-03-26","Kasa-Vubu","Mont Ngafula II","3h","Outside_Resident","Outside_Worker","ZoneGlobale","All_modes","106"
"2020-03-26","Kasa-Vubu","Mont Ngafula II","3h","Outside_Resident","Study_Zone_Worker","ZoneGlobale","All_modes","30"
"2020-03-26","Kasa-Vubu","Mont Ngafula II","3h","Destination_Zone_Resident","Destination_Zone_Worker","ZoneGlobale","All_modes","37"
"2020-03-26","Kasa-Vubu","Mont Ngafula II","3h","Destination_Zone_Resident","Study_Zone_Worker","ZoneGlobale","All_modes","68"
"2020-03-26","Kasa-Vubu","Mont Ngafula II","3h","Destination_Zone_Resident","Origin_Zone_Worker","ZoneGlobale","All_modes","63"
"2020-03-26","Kasa-Vubu","Mont Ngafula II","3h","Study_Zone_Resident","Study_Zone_Worker","ZoneGlobale","All_modes","35"
"2020-03-26","Kasa-Vubu","Ndjili","1h","Destination_Zone_Resident","Destination_Zone_Worker","ZoneGlobale","All_modes","123"
"2020-03-26","Kasa-Vubu","Ndjili","1h","Destination_Zone_Resident","Study_Zone_Worker","ZoneGlobale","All_modes","60"
"2020-03-26","Kasa-Vubu","Ndjili","1h","Destination_Zone_Resident","Origin_Zone_Worker","ZoneGlobale","All_modes","55"
"2020-03-26","Kasa-Vubu","Ndjili","3h","Outside_Resident","Outside_Worker","ZoneGlobale","All_modes","32"
"2020-03-26","Kasa-Vubu","Ndjili","3h","Outside_Resident","Destination_Zone_Worker","ZoneGlobale","All_modes","32"
"2020-03-26","Kasa-Vubu","Ndjili","3h","Outside_Resident","Origin_Zone_Worker","ZoneGlobale","All_modes","43"
"2020-03-26","Kasa-Vubu","Ndjili","3h","Destination_Zone_Resident","Outside_Worker","ZoneGlobale","All_modes","22"
"2020-03-26","Kasa-Vubu","Ndjili","3h","Destination_Zone_Resident","Destination_Zone_Worker","ZoneGlobale","All_modes","158"
"2020-03-26","Kasa-Vubu","Ndjili","3h","Destination_Zone_Resident","Study_Zone_Worker","ZoneGlobale","All_modes","120"
"2020-03-26","Kasa-Vubu","Ndjili","3h","Destination_Zone_Resident","Origin_Zone_Worker","ZoneGlobale","All_modes","194"
"2020-03-26","Kasa-Vubu","Ndjili","3h","Study_Zone_Resident","Study_Zone_Worker","ZoneGlobale","All_modes","39"
"2020-03-26","Kasa-Vubu","Ndjili","3h","Study_Zone_Resident","Origin_Zone_Worker","ZoneGlobale","All_modes","56"
"2020-03-26","Kasa-Vubu","Ngiri-Ngiri","1h","Outside_Resident","Outside_Worker","ZoneGlobale","All_modes","471"
"2020-03-26","Kasa-Vubu","Ngiri-Ngiri","1h","Outside_Resident","Destination_Zone_Worker","ZoneGlobale","All_modes","115"
"2020-03-26","Kasa-Vubu","Ngiri-Ngiri","1h","Outside_Resident","Study_Zone_Worker","ZoneGlobale","All_modes","40"
"2020-03-26","Kasa-Vubu","Ngiri-Ngiri","1h","Outside_Resident","Origin_Zone_Worker","ZoneGlobale","All_modes","112"
"2020-03-26","Kasa-Vubu","Ngiri-Ngiri","1h","Destination_Zone_Resident","Outside_Worker","ZoneGlobale","All_modes","87"
"2020-03-26","Kasa-Vubu","Ngiri-Ngiri","1h","Destination_Zone_Resident","Destination_Zone_Worker","ZoneGlobale","All_modes","1711"
"2020-03-26","Kasa-Vubu","Ngiri-Ngiri","1h","Destination_Zone_Resident","Study_Zone_Worker","ZoneGlobale","All_modes","323"
"2020-03-26","Kasa-Vubu","Ngiri-Ngiri","1h","Destination_Zone_Resident","Origin_Zone_Worker","ZoneGlobale","All_modes","657"
"2020-03-26","Kasa-Vubu","Ngiri-Ngiri","1h","Study_Zone_Resident","Destination_Zone_Worker","ZoneGlobale","All_modes","81"
"2020-03-26","Kasa-Vubu","Ngiri-Ngiri","1h","Study_Zone_Resident","Study_Zone_Worker","ZoneGlobale","All_modes","304"
"2020-03-26","Kasa-Vubu","Ngiri-Ngiri","1h","Study_Zone_Resident","Origin_Zone_Worker","ZoneGlobale","All_modes","143"
"2020-03-26","Kasa-Vubu","Ngiri-Ngiri","1h","Origin_Zone_Resident","Outside_Worker","ZoneGlobale","All_modes","36"
"2020-03-26","Kasa-Vubu","Ngiri-Ngiri","1h","Origin_Zone_Resident","Destination_Zone_Worker","ZoneGlobale","All_modes","99"
"2020-03-26","Kasa-Vubu","Ngiri-Ngiri","1h","Origin_Zone_Resident","Study_Zone_Worker","ZoneGlobale","All_modes","73"
"2020-03-26","Kasa-Vubu","Ngiri-Ngiri","1h","Origin_Zone_Resident","Origin_Zone_Worker","ZoneGlobale","All_modes","687"
"2020-03-26","Kasa-Vubu","Ngiri-Ngiri","3h","Outside_Resident","Outside_Worker","ZoneGlobale","All_modes","829"
"2020-03-26","Kasa-Vubu","Ngiri-Ngiri","3h","Outside_Resident","Destination_Zone_Worker","ZoneGlobale","All_modes","173"
"2020-03-26","Kasa-Vubu","Ngiri-Ngiri","3h","Outside_Resident","Study_Zone_Worker","ZoneGlobale","All_modes","90"
"2020-03-26","Kasa-Vubu","Ngiri-Ngiri","3h","Outside_Resident","Origin_Zone_Worker","ZoneGlobale","All_modes","550"
"2020-03-26","Kasa-Vubu","Ngiri-Ngiri","3h","Destination_Zone_Resident","Outside_Worker","ZoneGlobale","All_modes","240"
"2020-03-26","Kasa-Vubu","Ngiri-Ngiri","3h","Destination_Zone_Resident","Destination_Zone_Worker","ZoneGlobale","All_modes","2066"
"2020-03-26","Kasa-Vubu","Ngiri-Ngiri","3h","Destination_Zone_Resident","Study_Zone_Worker","ZoneGlobale","All_modes","279"
"2020-03-26","Kasa-Vubu","Ngiri-Ngiri","3h","Destination_Zone_Resident","Origin_Zone_Worker","ZoneGlobale","All_modes","1560"
"2020-03-26","Kasa-Vubu","Ngiri-Ngiri","3h","Study_Zone_Resident","Destination_Zone_Worker","ZoneGlobale","All_modes","106"
"2020-03-26","Kasa-Vubu","Ngiri-Ngiri","3h","Study_Zone_Resident","Study_Zone_Worker","ZoneGlobale","All_modes","187"
"2020-03-26","Kasa-Vubu","Ngiri-Ngiri","3h","Study_Zone_Resident","Origin_Zone_Worker","ZoneGlobale","All_modes","203"
"2020-03-26","Kasa-Vubu","Ngiri-Ngiri","3h","Origin_Zone_Resident","Outside_Worker","ZoneGlobale","All_modes","38"
"2020-03-26","Kasa-Vubu","Ngiri-Ngiri","3h","Origin_Zone_Resident","Destination_Zone_Worker","ZoneGlobale","All_modes","103"
"2020-03-26","Kasa-Vubu","Ngiri-Ngiri","3h","Origin_Zone_Resident","Study_Zone_Worker","ZoneGlobale","All_modes","159"
"2020-03-26","Kasa-Vubu","Ngiri-Ngiri","3h","Origin_Zone_Resident","Origin_Zone_Worker","ZoneGlobale","All_modes","1471"
"2020-03-26","Kasa-Vubu","Nsele","1h","Outside_Resident","Outside_Worker","ZoneGlobale","All_modes","59"
"2020-03-26","Kasa-Vubu","Nsele","1h","Outside_Resident","Study_Zone_Worker","ZoneGlobale","All_modes","21"
"2020-03-26","Kasa-Vubu","Nsele","1h","Destination_Zone_Resident","Study_Zone_Worker","ZoneGlobale","All_modes","63"
"2020-03-26","Kasa-Vubu","Nsele","1h","Destination_Zone_Resident","Origin_Zone_Worker","ZoneGlobale","All_modes","59"
"2020-03-26","Kasa-Vubu","Nsele","1h","Study_Zone_Resident","Study_Zone_Worker","ZoneGlobale","All_modes","189"
"2020-03-26","Kasa-Vubu","Nsele","1h","Study_Zone_Resident","Origin_Zone_Worker","ZoneGlobale","All_modes","29"
"2020-03-26","Kasa-Vubu","Nsele","1h","Origin_Zone_Resident","Outside_Worker","ZoneGlobale","All_modes","22"
"2020-03-26","Kasa-Vubu","Nsele","1h","Origin_Zone_Resident","Study_Zone_Worker","ZoneGlobale","All_modes","52"
"2020-03-26","Kasa-Vubu","Nsele","1h","Origin_Zone_Resident","Origin_Zone_Worker","ZoneGlobale","All_modes","388"
"2020-03-26","Kasa-Vubu","Nsele","3h","Outside_Resident","Outside_Worker","ZoneGlobale","All_modes","134"
"2020-03-26","Kasa-Vubu","Nsele","3h","Outside_Resident","Destination_Zone_Worker","ZoneGlobale","All_modes","40"
"2020-03-26","Kasa-Vubu","Nsele","3h","Outside_Resident","Study_Zone_Worker","ZoneGlobale","All_modes","69"
"2020-03-26","Kasa-Vubu","Nsele","3h","Outside_Resident","Origin_Zone_Worker","ZoneGlobale","All_modes","166"
"2020-03-26","Kasa-Vubu","Nsele","3h","Destination_Zone_Resident","Destination_Zone_Worker","ZoneGlobale","All_modes","82"
"2020-03-26","Kasa-Vubu","Nsele","3h","Destination_Zone_Resident","Study_Zone_Worker","ZoneGlobale","All_modes","55"
"2020-03-26","Kasa-Vubu","Nsele","3h","Destination_Zone_Resident","Origin_Zone_Worker","ZoneGlobale","All_modes","139"
"2020-03-26","Kasa-Vubu","Nsele","3h","Study_Zone_Resident","Outside_Worker","ZoneGlobale","All_modes","61"
"2020-03-26","Kasa-Vubu","Nsele","3h","Study_Zone_Resident","Study_Zone_Worker","ZoneGlobale","All_modes","331"
"2020-03-26","Kasa-Vubu","Nsele","3h","Study_Zone_Resident","Origin_Zone_Worker","ZoneGlobale","All_modes","301"
"2020-03-26","Kasa-Vubu","Nsele","3h","Origin_Zone_Resident","Study_Zone_Worker","ZoneGlobale","All_modes","121"
"2020-03-26","Kasa-Vubu","Nsele","3h","Origin_Zone_Resident","Origin_Zone_Worker","ZoneGlobale","All_modes","886"
"2020-03-26","Kasa-Vubu","Police","1h","Outside_Resident","Outside_Worker","ZoneGlobale","All_modes","116"
"2020-03-26","Kasa-Vubu","Police","1h","Outside_Resident","Study_Zone_Worker","ZoneGlobale","All_modes","22"
"2020-03-26","Kasa-Vubu","Police","1h","Destination_Zone_Resident","Outside_Worker","ZoneGlobale","All_modes","25"
"2020-03-26","Kasa-Vubu","Police","1h","Destination_Zone_Resident","Destination_Zone_Worker","ZoneGlobale","All_modes","296"
"2020-03-26","Kasa-Vubu","Police","1h","Destination_Zone_Resident","Study_Zone_Worker","ZoneGlobale","All_modes","66"
"2020-03-26","Kasa-Vubu","Police","1h","Destination_Zone_Resident","Origin_Zone_Worker","ZoneGlobale","All_modes","80"
"2020-03-26","Kasa-Vubu","Police","1h","Study_Zone_Resident","Study_Zone_Worker","ZoneGlobale","All_modes","83"
"2020-03-26","Kasa-Vubu","Police","1h","Origin_Zone_Resident","Origin_Zone_Worker","ZoneGlobale","All_modes","270"
"2020-03-26","Kasa-Vubu","Police","3h","Outside_Resident","Outside_Worker","ZoneGlobale","All_modes","192"
"2020-03-26","Kasa-Vubu","Police","3h","Outside_Resident","Destination_Zone_Worker","ZoneGlobale","All_modes","34"
"2020-03-26","Kasa-Vubu","Police","3h","Outside_Resident","Study_Zone_Worker","ZoneGlobale","All_modes","22"
"2020-03-26","Kasa-Vubu","Police","3h","Outside_Resident","Origin_Zone_Worker","ZoneGlobale","All_modes","112"
"2020-03-26","Kasa-Vubu","Police","3h","Destination_Zone_Resident","Destination_Zone_Worker","ZoneGlobale","All_modes","344"
"2020-03-26","Kasa-Vubu","Police","3h","Destination_Zone_Resident","Study_Zone_Worker","ZoneGlobale","All_modes","90"
"2020-03-26","Kasa-Vubu","Police","3h","Destination_Zone_Resident","Origin_Zone_Worker","ZoneGlobale","All_modes","171"
"2020-03-26","Kasa-Vubu","Police","3h","Study_Zone_Resident","Study_Zone_Worker","ZoneGlobale","All_modes","83"
"2020-03-26","Kasa-Vubu","Police","3h","Origin_Zone_Resident","Outside_Worker","ZoneGlobale","All_modes","48"
"2020-03-26","Kasa-Vubu","Police","3h","Origin_Zone_Resident","Destination_Zone_Worker","ZoneGlobale","All_modes","42"
"2020-03-26","Kasa-Vubu","Police","3h","Origin_Zone_Resident","Study_Zone_Worker","ZoneGlobale","All_modes","48"
"2020-03-26","Kasa-Vubu","Police","3h","Origin_Zone_Resident","Origin_Zone_Worker","ZoneGlobale","All_modes","499"
"2020-03-26","Kasa-Vubu","Selembao","1h","Outside_Resident","Outside_Worker","ZoneGlobale","All_modes","84"
"2020-03-26","Kasa-Vubu","Selembao","1h","Outside_Resident","Study_Zone_Worker","ZoneGlobale","All_modes","24"
"2020-03-26","Kasa-Vubu","Selembao","1h","Outside_Resident","Origin_Zone_Worker","ZoneGlobale","All_modes","35"
"2020-03-26","Kasa-Vubu","Selembao","1h","Destination_Zone_Resident","Outside_Worker","ZoneGlobale","All_modes","58"
"2020-03-26","Kasa-Vubu","Selembao","1h","Destination_Zone_Resident","Destination_Zone_Worker","ZoneGlobale","All_modes","185"
"2020-03-26","Kasa-Vubu","Selembao","1h","Destination_Zone_Resident","Study_Zone_Worker","ZoneGlobale","All_modes","70"
"2020-03-26","Kasa-Vubu","Selembao","1h","Destination_Zone_Resident","Origin_Zone_Worker","ZoneGlobale","All_modes","237"
"2020-03-26","Kasa-Vubu","Selembao","1h","Study_Zone_Resident","Study_Zone_Worker","ZoneGlobale","All_modes","73"
"2020-03-26","Kasa-Vubu","Selembao","1h","Study_Zone_Resident","Origin_Zone_Worker","ZoneGlobale","All_modes","61"
"2020-03-26","Kasa-Vubu","Selembao","1h","Origin_Zone_Resident","Origin_Zone_Worker","ZoneGlobale","All_modes","35"
"2020-03-26","Kasa-Vubu","Selembao","3h","Outside_Resident","Outside_Worker","ZoneGlobale","All_modes","412"
"2020-03-26","Kasa-Vubu","Selembao","3h","Outside_Resident","Destination_Zone_Worker","ZoneGlobale","All_modes","52"
"2020-03-26","Kasa-Vubu","Selembao","3h","Outside_Resident","Study_Zone_Worker","ZoneGlobale","All_modes","22"
"2020-03-26","Kasa-Vubu","Selembao","3h","Outside_Resident","Origin_Zone_Worker","ZoneGlobale","All_modes","150"
"2020-03-26","Kasa-Vubu","Selembao","3h","Destination_Zone_Resident","Outside_Worker","ZoneGlobale","All_modes","126"
"2020-03-26","Kasa-Vubu","Selembao","3h","Destination_Zone_Resident","Destination_Zone_Worker","ZoneGlobale","All_modes","226"
"2020-03-26","Kasa-Vubu","Selembao","3h","Destination_Zone_Resident","Study_Zone_Worker","ZoneGlobale","All_modes","174"
"2020-03-26","Kasa-Vubu","Selembao","3h","Destination_Zone_Resident","Origin_Zone_Worker","ZoneGlobale","All_modes","725"
"2020-03-26","Kasa-Vubu","Selembao","3h","Study_Zone_Resident","Outside_Worker","ZoneGlobale","All_modes","24"
"2020-03-26","Kasa-Vubu","Selembao","3h","Study_Zone_Resident","Destination_Zone_Worker","ZoneGlobale","All_modes","40"
"2020-03-26","Kasa-Vubu","Selembao","3h","Study_Zone_Resident","Study_Zone_Worker","ZoneGlobale","All_modes","103"
"2020-03-26","Kasa-Vubu","Selembao","3h","Study_Zone_Resident","Origin_Zone_Worker","ZoneGlobale","All_modes","147"
"2020-03-26","Kasa-Vubu","Selembao","3h","Origin_Zone_Resident","Origin_Zone_Worker","ZoneGlobale","All_modes","35"
"2020-03-26","Kasaji","Dilolo","1h","Outside_Resident","Outside_Worker","ZoneGlobale","All_modes","35"
"2020-03-26","Kasaji","Mutshatsha","1h","Study_Zone_Resident","Study_Zone_Worker","ZoneGlobale","All_modes","35"
"2020-03-26","Kasaji","Yamongili","3h","Outside_Resident","Outside_Worker","ZoneGlobale","All_modes","35"
"2020-03-26","Kasansa","Bibanga","1h","Study_Zone_Resident","Study_Zone_Worker","ZoneGlobale","All_modes","49"
"2020-03-26","Kasansa","Bibanga","3h","Study_Zone_Resident","Study_Zone_Worker","ZoneGlobale","All_modes","97"
"2020-03-26","Kasansa","Bibanga","3h","Origin_Zone_Resident","Origin_Zone_Worker","ZoneGlobale","All_modes","48"
"2020-03-26","Kasansa","Cilundu","1h","Outside_Resident","Outside_Worker","ZoneGlobale","All_modes","294"
"2020-03-26","Kasansa","Cilundu","1h","Outside_Resident","Origin_Zone_Worker","ZoneGlobale","All_modes","98"
"2020-03-26","Kasansa","Cilundu","1h","Destination_Zone_Resident","Destination_Zone_Worker","ZoneGlobale","All_modes","147"
"2020-03-26","Kasansa","Cilundu","1h","Destination_Zone_Resident","Origin_Zone_Worker","ZoneGlobale","All_modes","49"
"2020-03-26","Kasansa","Cilundu","1h","Study_Zone_Resident","Study_Zone_Worker","ZoneGlobale","All_modes","98"
"2020-03-26","Kasansa","Cilundu","1h","Study_Zone_Resident","Origin_Zone_Worker","ZoneGlobale","All_modes","49"
"2020-03-26","Kasansa","Cilundu","1h","Origin_Zone_Resident","Outside_Worker","ZoneGlobale","All_modes","49"
"2020-03-26","Kasansa","Cilundu","1h","Origin_Zone_Resident","Destination_Zone_Worker","ZoneGlobale","All_modes","98"
"2020-03-26","Kasansa","Cilundu","1h","Origin_Zone_Resident","Study_Zone_Worker","ZoneGlobale","All_modes","49"
"2020-03-26","Kasansa","Cilundu","1h","Origin_Zone_Resident","Origin_Zone_Worker","ZoneGlobale","All_modes","588"
"2020-03-26","Kasansa","Cilundu","3h","Outside_Resident","Outside_Worker","ZoneGlobale","All_modes","489"
"2020-03-26","Kasansa","Cilundu","3h","Outside_Resident","Destination_Zone_Worker","ZoneGlobale","All_modes","48"
"2020-03-26","Kasansa","Cilundu","3h","Outside_Resident","Study_Zone_Worker","ZoneGlobale","All_modes","97"
"2020-03-26","Kasansa","Cilundu","3h","Outside_Resident","Origin_Zone_Worker","ZoneGlobale","All_modes","391"
"2020-03-26","Kasansa","Cilundu","3h","Destination_Zone_Resident","Outside_Worker","ZoneGlobale","All_modes","146"
"2020-03-26","Kasansa","Cilundu","3h","Destination_Zone_Resident","Destination_Zone_Worker","ZoneGlobale","All_modes","734"
"2020-03-26","Kasansa","Cilundu","3h","Destination_Zone_Resident","Origin_Zone_Worker","ZoneGlobale","All_modes","489"
"2020-03-26","Kasansa","Cilundu","3h","Study_Zone_Resident","Study_Zone_Worker","ZoneGlobale","All_modes","391"
"2020-03-26","Kasansa","Cilundu","3h","Study_Zone_Resident","Origin_Zone_Worker","ZoneGlobale","All_modes","293"
"2020-03-26","Kasansa","Cilundu","3h","Origin_Zone_Resident","Outside_Worker","ZoneGlobale","All_modes","146"
"2020-03-26","Kasansa","Cilundu","3h","Origin_Zone_Resident","Destination_Zone_Worker","ZoneGlobale","All_modes","146"
"2020-03-26","Kasansa","Cilundu","3h","Origin_Zone_Resident","Origin_Zone_Worker","ZoneGlobale","All_modes","1616"
"2020-03-26","Kasansa","Diulu","1h","Outside_Resident","Outside_Worker","ZoneGlobale","All_modes","98"
"2020-03-26","Kasansa","Diulu","1h","Destination_Zone_Resident","Destination_Zone_Worker","ZoneGlobale","All_modes","147"
"2020-03-26","Kasansa","Diulu","1h","Destination_Zone_Resident","Study_Zone_Worker","ZoneGlobale","All_modes","49"
"2020-03-26","Kasansa","Diulu","1h","Study_Zone_Resident","Outside_Worker","ZoneGlobale","All_modes","49"
"2020-03-26","Kasansa","Diulu","1h","Study_Zone_Resident","Destination_Zone_Worker","ZoneGlobale","All_modes","49"
"2020-03-26","Kasansa","Diulu","1h","Origin_Zone_Resident","Destination_Zone_Worker","ZoneGlobale","All_modes","48"
"2020-03-26","Kasansa","Diulu","1h","Origin_Zone_Resident","Origin_Zone_Worker","ZoneGlobale","All_modes","49"
"2020-03-26","Kasansa","Diulu","3h","Outside_Resident","Outside_Worker","ZoneGlobale","All_modes","195"
"2020-03-26","Kasansa","Diulu","3h","Outside_Resident","Study_Zone_Worker","ZoneGlobale","All_modes","97"
"2020-03-26","Kasansa","Diulu","3h","Outside_Resident","Origin_Zone_Worker","ZoneGlobale","All_modes","48"
"2020-03-26","Kasansa","Diulu","3h","Destination_Zone_Resident","Outside_Worker","ZoneGlobale","All_modes","48"
"2020-03-26","Kasansa","Diulu","3h","Destination_Zone_Resident","Destination_Zone_Worker","ZoneGlobale","All_modes","146"
"2020-03-26","Kasansa","Diulu","3h","Destination_Zone_Resident","Study_Zone_Worker","ZoneGlobale","All_modes","97"
"2020-03-26","Kasansa","Diulu","3h","Destination_Zone_Resident","Origin_Zone_Worker","ZoneGlobale","All_modes","48"
"2020-03-26","Kasansa","Diulu","3h","Study_Zone_Resident","Destination_Zone_Worker","ZoneGlobale","All_modes","48"
"2020-03-26","Kasansa","Diulu","3h","Study_Zone_Resident","Study_Zone_Worker","ZoneGlobale","All_modes","146"
"2020-03-26","Kasansa","Diulu","3h","Study_Zone_Resident","Origin_Zone_Worker","ZoneGlobale","All_modes","97"
"2020-03-26","Kasansa","Diulu","3h","Origin_Zone_Resident","Destination_Zone_Worker","ZoneGlobale","All_modes","48"
"2020-03-26","Kasansa","Diulu","3h","Origin_Zone_Resident","Origin_Zone_Worker","ZoneGlobale","All_modes","342"
"2020-03-26","Kasansa","Kalenda","1h","Study_Zone_Resident","Study_Zone_Worker","ZoneGlobale","All_modes","98"
"2020-03-26","Kasansa","Kalenda","3h","Study_Zone_Resident","Study_Zone_Worker","ZoneGlobale","All_modes","244"
"2020-03-26","Kasansa","Kamiji","1h","Destination_Zone_Resident","Destination_Zone_Worker","ZoneGlobale","All_modes","49"
"2020-03-26","Kasansa","Kamiji","1h","Destination_Zone_Resident","Study_Zone_Worker","ZoneGlobale","All_modes","48"
"2020-03-26","Kasansa","Kamiji","1h","Destination_Zone_Resident","Origin_Zone_Worker","ZoneGlobale","All_modes","98"
"2020-03-26","Kasansa","Kamiji","1h","Origin_Zone_Resident","Origin_Zone_Worker","ZoneGlobale","All_modes","294"
"2020-03-26","Kasansa","Kamiji","3h","Outside_Resident","Outside_Worker","ZoneGlobale","All_modes","48"
"2020-03-26","Kasansa","Kamiji","3h","Destination_Zone_Resident","Destination_Zone_Worker","ZoneGlobale","All_modes","48"
"2020-03-26","Kasansa","Kamiji","3h","Destination_Zone_Resident","Study_Zone_Worker","ZoneGlobale","All_modes","48"
"2020-03-26","Kasansa","Kamiji","3h","Destination_Zone_Resident","Origin_Zone_Worker","ZoneGlobale","All_modes","48"
"2020-03-26","Kasansa","Kamiji","3h","Study_Zone_Resident","Destination_Zone_Worker","ZoneGlobale","All_modes","97"
"2020-03-26","Kasansa","Kamiji","3h","Study_Zone_Resident","Study_Zone_Worker","ZoneGlobale","All_modes","146"
"2020-03-26","Kasansa","Kamiji","3h","Origin_Zone_Resident","Destination_Zone_Worker","ZoneGlobale","All_modes","48"
"2020-03-26","Kasansa","Kamiji","3h","Origin_Zone_Resident","Origin_Zone_Worker","ZoneGlobale","All_modes","587"
"2020-03-26","Kasansa","Kanda Kanda","1h","Outside_Resident","Outside_Worker","ZoneGlobale","All_modes","245"
"2020-03-26","Kasansa","Kanda Kanda","1h","Outside_Resident","Destination_Zone_Worker","ZoneGlobale","All_modes","98"
"2020-03-26","Kasansa","Kanda Kanda","1h","Destination_Zone_Resident","Outside_Worker","ZoneGlobale","All_modes","147"
"2020-03-26","Kasansa","Kanda Kanda","1h","Destination_Zone_Resident","Destination_Zone_Worker","ZoneGlobale","All_modes","392"
"2020-03-26","Kasansa","Kanda Kanda","1h","Destination_Zone_Resident","Origin_Zone_Worker","ZoneGlobale","All_modes","245"
"2020-03-26","Kasansa","Kanda Kanda","1h","Study_Zone_Resident","Study_Zone_Worker","ZoneGlobale","All_modes","698"
"2020-03-26","Kasansa","Kanda Kanda","1h","Origin_Zone_Resident","Origin_Zone_Worker","ZoneGlobale","All_modes","245"
"2020-03-26","Kasansa","Kanda Kanda","3h","Outside_Resident","Outside_Worker","ZoneGlobale","All_modes","538"
"2020-03-26","Kasansa","Kanda Kanda","3h","Outside_Resident","Destination_Zone_Worker","ZoneGlobale","All_modes","146"
"2020-03-26","Kasansa","Kanda Kanda","3h","Outside_Resident","Origin_Zone_Worker","ZoneGlobale","All_modes","195"
"2020-03-26","Kasansa","Kanda Kanda","3h","Destination_Zone_Resident","Outside_Worker","ZoneGlobale","All_modes","195"
"2020-03-26","Kasansa","Kanda Kanda","3h","Destination_Zone_Resident","Destination_Zone_Worker","ZoneGlobale","All_modes","1420"
"2020-03-26","Kasansa","Kanda Kanda","3h","Destination_Zone_Resident","Study_Zone_Worker","ZoneGlobale","All_modes","48"
"2020-03-26","Kasansa","Kanda Kanda","3h","Destination_Zone_Resident","Origin_Zone_Worker","ZoneGlobale","All_modes","587"
"2020-03-26","Kasansa","Kanda Kanda","3h","Study_Zone_Resident","Destination_Zone_Worker","ZoneGlobale","All_modes","48"
"2020-03-26","Kasansa","Kanda Kanda","3h","Study_Zone_Resident","Study_Zone_Worker","ZoneGlobale","All_modes","489"
"2020-03-26","Kasansa","Kanda Kanda","3h","Origin_Zone_Resident","Outside_Worker","ZoneGlobale","All_modes","97"
"2020-03-26","Kasansa","Kanda Kanda","3h","Origin_Zone_Resident","Destination_Zone_Worker","ZoneGlobale","All_modes","195"
"2020-03-26","Kasansa","Kanda Kanda","3h","Origin_Zone_Resident","Study_Zone_Worker","ZoneGlobale","All_modes","48"
"2020-03-26","Kasansa","Kanda Kanda","3h","Origin_Zone_Resident","Origin_Zone_Worker","ZoneGlobale","All_modes","1113"
"2020-03-26","Kasansa","Lubondaie","3h","Origin_Zone_Resident","Origin_Zone_Worker","ZoneGlobale","All_modes","48"
"2020-03-26","Kasansa","Luputa","1h","Outside_Resident","Outside_Worker","ZoneGlobale","All_modes","48"
"2020-03-26","Kasansa","Luputa","3h","Outside_Resident","Outside_Worker","ZoneGlobale","All_modes","97"
"2020-03-26","Kasansa","Luputa","3h","Destination_Zone_Resident","Destination_Zone_Worker","ZoneGlobale","All_modes","48"
"2020-03-26","Kasansa","Miabi","1h","Outside_Resident","Outside_Worker","ZoneGlobale","All_modes","48"
"2020-03-26","Kasansa","Miabi","1h","Outside_Resident","Destination_Zone_Worker","ZoneGlobale","All_modes","49"
"2020-03-26","Kasansa","Miabi","1h","Destination_Zone_Resident","Destination_Zone_Worker","ZoneGlobale","All_modes","98"
"2020-03-26","Kasansa","Miabi","1h","Study_Zone_Resident","Study_Zone_Worker","ZoneGlobale","All_modes","147"
"2020-03-26","Kasansa","Miabi","1h","Study_Zone_Resident","Origin_Zone_Worker","ZoneGlobale","All_modes","49"
"2020-03-26","Kasansa","Miabi","1h","Origin_Zone_Resident","Destination_Zone_Worker","ZoneGlobale","All_modes","48"
"2020-03-26","Kasansa","Miabi","3h","Outside_Resident","Outside_Worker","ZoneGlobale","All_modes","293"
"2020-03-26","Kasansa","Miabi","3h","Outside_Resident","Destination_Zone_Worker","ZoneGlobale","All_modes","97"
"2020-03-26","Kasansa","Miabi","3h","Outside_Resident","Origin_Zone_Worker","ZoneGlobale","All_modes","48"
"2020-03-26","Kasansa","Miabi","3h","Destination_Zone_Resident","Destination_Zone_Worker","ZoneGlobale","All_modes","97"
"2020-03-26","Kasansa","Miabi","3h","Destination_Zone_Resident","Study_Zone_Worker","ZoneGlobale","All_modes","97"
"2020-03-26","Kasansa","Miabi","3h","Destination_Zone_Resident","Origin_Zone_Worker","ZoneGlobale","All_modes","48"
"2020-03-26","Kasansa","Miabi","3h","Study_Zone_Resident","Study_Zone_Worker","ZoneGlobale","All_modes","293"
"2020-03-26","Kasansa","Miabi","3h","Study_Zone_Resident","Origin_Zone_Worker","ZoneGlobale","All_modes","48"
"2020-03-26","Kasansa","Miabi","3h","Origin_Zone_Resident","Outside_Worker","ZoneGlobale","All_modes","48"
"2020-03-26","Kasansa","Miabi","3h","Origin_Zone_Resident","Destination_Zone_Worker","ZoneGlobale","All_modes","48"
"2020-03-26","Kasansa","Miabi","3h","Origin_Zone_Resident","Origin_Zone_Worker","ZoneGlobale","All_modes","195"
"2020-03-26","Kasansa","Mulumba","1h","Outside_Resident","Outside_Worker","ZoneGlobale","All_modes","1079"
"2020-03-26","Kasansa","Mulumba","1h","Outside_Resident","Destination_Zone_Worker","ZoneGlobale","All_modes","147"
"2020-03-26","Kasansa","Mulumba","1h","Outside_Resident","Origin_Zone_Worker","ZoneGlobale","All_modes","245"
"2020-03-26","Kasansa","Mulumba","1h","Destination_Zone_Resident","Outside_Worker","ZoneGlobale","All_modes","147"
"2020-03-26","Kasansa","Mulumba","1h","Destination_Zone_Resident","Destination_Zone_Worker","ZoneGlobale","All_modes","2341"
"2020-03-26","Kasansa","Mulumba","1h","Destination_Zone_Resident","Study_Zone_Worker","ZoneGlobale","All_modes","147"
"2020-03-26","Kasansa","Mulumba","1h","Destination_Zone_Resident","Origin_Zone_Worker","ZoneGlobale","All_modes","343"
"2020-03-26","Kasansa","Mulumba","1h","Study_Zone_Resident","Study_Zone_Worker","ZoneGlobale","All_modes","392"
"2020-03-26","Kasansa","Mulumba","1h","Origin_Zone_Resident","Outside_Worker","ZoneGlobale","All_modes","196"
"2020-03-26","Kasansa","Mulumba","1h","Origin_Zone_Resident","Destination_Zone_Worker","ZoneGlobale","All_modes","343"
"2020-03-26","Kasansa","Mulumba","1h","Origin_Zone_Resident","Study_Zone_Worker","ZoneGlobale","All_modes","49"
"2020-03-26","Kasansa","Mulumba","1h","Origin_Zone_Resident","Origin_Zone_Worker","ZoneGlobale","All_modes","1423"
"2020-03-26","Kasansa","Mulumba","3h","Outside_Resident","Outside_Worker","ZoneGlobale","All_modes","1616"
"2020-03-26","Kasansa","Mulumba","3h","Outside_Resident","Destination_Zone_Worker","ZoneGlobale","All_modes","440"
"2020-03-26","Kasansa","Mulumba","3h","Outside_Resident","Study_Zone_Worker","ZoneGlobale","All_modes","195"
"2020-03-26","Kasansa","Mulumba","3h","Outside_Resident","Origin_Zone_Worker","ZoneGlobale","All_modes","1077"
"2020-03-26","Kasansa","Mulumba","3h","Destination_Zone_Resident","Outside_Worker","ZoneGlobale","All_modes","293"
"2020-03-26","Kasansa","Mulumba","3h","Destination_Zone_Resident","Destination_Zone_Worker","ZoneGlobale","All_modes","4284"
"2020-03-26","Kasansa","Mulumba","3h","Destination_Zone_Resident","Study_Zone_Worker","ZoneGlobale","All_modes","97"
"2020-03-26","Kasansa","Mulumba","3h","Destination_Zone_Resident","Origin_Zone_Worker","ZoneGlobale","All_modes","2057"
"2020-03-26","Kasansa","Mulumba","3h","Study_Zone_Resident","Destination_Zone_Worker","ZoneGlobale","All_modes","48"
"2020-03-26","Kasansa","Mulumba","3h","Study_Zone_Resident","Study_Zone_Worker","ZoneGlobale","All_modes","489"
"2020-03-26","Kasansa","Mulumba","3h","Origin_Zone_Resident","Outside_Worker","ZoneGlobale","All_modes","440"
"2020-03-26","Kasansa","Mulumba","3h","Origin_Zone_Resident","Destination_Zone_Worker","ZoneGlobale","All_modes","685"
"2020-03-26","Kasansa","Mulumba","3h","Origin_Zone_Resident","Study_Zone_Worker","ZoneGlobale","All_modes","48"
"2020-03-26","Kasansa","Mulumba","3h","Origin_Zone_Resident","Origin_Zone_Worker","ZoneGlobale","All_modes","5437"
"2020-03-26","Kasansa","Mwene Ditu","3h","Study_Zone_Resident","Study_Zone_Worker","ZoneGlobale","All_modes","293"
"2020-03-26","Kasansa","Ngandajika","1h","Outside_Resident","Destination_Zone_Worker","ZoneGlobale","All_modes","49"
"2020-03-26","Kasansa","Ngandajika","1h","Outside_Resident","Study_Zone_Worker","ZoneGlobale","All_modes","98"
"2020-03-26","Kasansa","Ngandajika","1h","Destination_Zone_Resident","Origin_Zone_Worker","ZoneGlobale","All_modes","49"
"2020-03-26","Kasansa","Ngandajika","1h","Study_Zone_Resident","Study_Zone_Worker","ZoneGlobale","All_modes","98"
"2020-03-26","Kasansa","Ngandajika","1h","Origin_Zone_Resident","Origin_Zone_Worker","ZoneGlobale","All_modes","49"
"2020-03-26","Kasansa","Ngandajika","3h","Outside_Resident","Outside_Worker","ZoneGlobale","All_modes","195"
"2020-03-26","Kasansa","Ngandajika","3h","Outside_Resident","Destination_Zone_Worker","ZoneGlobale","All_modes","48"
"2020-03-26","Kasansa","Ngandajika","3h","Outside_Resident","Study_Zone_Worker","ZoneGlobale","All_modes","97"
"2020-03-26","Kasansa","Ngandajika","3h","Destination_Zone_Resident","Destination_Zone_Worker","ZoneGlobale","All_modes","97"
"2020-03-26","Kasansa","Ngandajika","3h","Destination_Zone_Resident","Origin_Zone_Worker","ZoneGlobale","All_modes","97"
"2020-03-26","Kasansa","Ngandajika","3h","Study_Zone_Resident","Study_Zone_Worker","ZoneGlobale","All_modes","146"
"2020-03-26","Kasansa","Ngandajika","3h","Study_Zone_Resident","Origin_Zone_Worker","ZoneGlobale","All_modes","48"
"2020-03-26","Kasansa","Ngandajika","3h","Origin_Zone_Resident","Origin_Zone_Worker","ZoneGlobale","All_modes","293"
"2020-03-26","Kasansa","Tshilenge","1h","Outside_Resident","Outside_Worker","ZoneGlobale","All_modes","392"
"2020-03-26","Kasansa","Tshilenge","1h","Outside_Resident","Destination_Zone_Worker","ZoneGlobale","All_modes","147"
"2020-03-26","Kasansa","Tshilenge","1h","Outside_Resident","Origin_Zone_Worker","ZoneGlobale","All_modes","49"
"2020-03-26","Kasansa","Tshilenge","1h","Destination_Zone_Resident","Outside_Worker","ZoneGlobale","All_modes","147"
"2020-03-26","Kasansa","Tshilenge","1h","Destination_Zone_Resident","Destination_Zone_Worker","ZoneGlobale","All_modes","833"
"2020-03-26","Kasansa","Tshilenge","1h","Destination_Zone_Resident","Study_Zone_Worker","ZoneGlobale","All_modes","147"
"2020-03-26","Kasansa","Tshilenge","1h","Destination_Zone_Resident","Origin_Zone_Worker","ZoneGlobale","All_modes","147"
"2020-03-26","Kasansa","Tshilenge","1h","Study_Zone_Resident","Study_Zone_Worker","ZoneGlobale","All_modes","98"
"2020-03-26","Kasansa","Tshilenge","1h","Origin_Zone_Resident","Destination_Zone_Worker","ZoneGlobale","All_modes","98"
"2020-03-26","Kasansa","Tshilenge","1h","Origin_Zone_Resident","Origin_Zone_Worker","ZoneGlobale","All_modes","589"
"2020-03-26","Kasansa","Tshilenge","3h","Outside_Resident","Outside_Worker","ZoneGlobale","All_modes","1335"
"2020-03-26","Kasansa","Tshilenge","3h","Outside_Resident","Destination_Zone_Worker","ZoneGlobale","All_modes","195"
"2020-03-26","Kasansa","Tshilenge","3h","Outside_Resident","Study_Zone_Worker","ZoneGlobale","All_modes","48"
"2020-03-26","Kasansa","Tshilenge","3h","Outside_Resident","Origin_Zone_Worker","ZoneGlobale","All_modes","342"
"2020-03-26","Kasansa","Tshilenge","3h","Destination_Zone_Resident","Outside_Worker","ZoneGlobale","All_modes","146"
"2020-03-26","Kasansa","Tshilenge","3h","Destination_Zone_Resident","Destination_Zone_Worker","ZoneGlobale","All_modes","1812"
"2020-03-26","Kasansa","Tshilenge","3h","Destination_Zone_Resident","Study_Zone_Worker","ZoneGlobale","All_modes","195"
"2020-03-26","Kasansa","Tshilenge","3h","Destination_Zone_Resident","Origin_Zone_Worker","ZoneGlobale","All_modes","489"
"2020-03-26","Kasansa","Tshilenge","3h","Study_Zone_Resident","Study_Zone_Worker","ZoneGlobale","All_modes","685"
"2020-03-26","Kasansa","Tshilenge","3h","Study_Zone_Resident","Origin_Zone_Worker","ZoneGlobale","All_modes","244"
"2020-03-26","Kasansa","Tshilenge","3h","Origin_Zone_Resident","Outside_Worker","ZoneGlobale","All_modes","97"
"2020-03-26","Kasansa","Tshilenge","3h","Origin_Zone_Resident","Destination_Zone_Worker","ZoneGlobale","All_modes","244"
"2020-03-26","Kasansa","Tshilenge","3h","Origin_Zone_Resident","Origin_Zone_Worker","ZoneGlobale","All_modes","2155"
"2020-03-26","Kasansa","Tshishimbi","1h","Outside_Resident","Outside_Worker","ZoneGlobale","All_modes","49"
"2020-03-26","Kasansa","Tshishimbi","1h","Outside_Resident","Destination_Zone_Worker","ZoneGlobale","All_modes","98"
"2020-03-26","Kasansa","Tshishimbi","1h","Outside_Resident","Study_Zone_Worker","ZoneGlobale","All_modes","49"
"2020-03-26","Kasansa","Tshishimbi","1h","Destination_Zone_Resident","Destination_Zone_Worker","ZoneGlobale","All_modes","98"
"2020-03-26","Kasansa","Tshishimbi","1h","Destination_Zone_Resident","Study_Zone_Worker","ZoneGlobale","All_modes","49"
"2020-03-26","Kasansa","Tshishimbi","1h","Study_Zone_Resident","Destination_Zone_Worker","ZoneGlobale","All_modes","49"
"2020-03-26","Kasansa","Tshishimbi","1h","Study_Zone_Resident","Study_Zone_Worker","ZoneGlobale","All_modes","196"
"2020-03-26","Kasansa","Tshishimbi","1h","Study_Zone_Resident","Origin_Zone_Worker","ZoneGlobale","All_modes","48"
"2020-03-26","Kasansa","Tshishimbi","3h","Outside_Resident","Destination_Zone_Worker","ZoneGlobale","All_modes","195"
"2020-03-26","Kasansa","Tshishimbi","3h","Destination_Zone_Resident","Destination_Zone_Worker","ZoneGlobale","All_modes","146"
"2020-03-26","Kasansa","Tshishimbi","3h","Destination_Zone_Resident","Study_Zone_Worker","ZoneGlobale","All_modes","48"
"2020-03-26","Kasansa","Tshishimbi","3h","Study_Zone_Resident","Outside_Worker","ZoneGlobale","All_modes","48"
"2020-03-26","Kasansa","Tshishimbi","3h","Study_Zone_Resident","Destination_Zone_Worker","ZoneGlobale","All_modes","97"
"2020-03-26","Kasansa","Tshishimbi","3h","Study_Zone_Resident","Study_Zone_Worker","ZoneGlobale","All_modes","146"
"2020-03-26","Kasansa","Tshishimbi","3h","Origin_Zone_Resident","Destination_Zone_Worker","ZoneGlobale","All_modes","48"
"2020-03-26","Kasansa","Yangala","3h","Study_Zone_Resident","Study_Zone_Worker","ZoneGlobale","All_modes","48"
"2020-03-26","Kashobwe","Kikula","1h","Outside_Resident","Outside_Worker","ZoneGlobale","All_modes","35"
"2020-03-26","Kashobwe","Kikula","1h","Destination_Zone_Resident","Destination_Zone_Worker","ZoneGlobale","All_modes","35"
"2020-03-26","Kashobwe","Kikula","1h","Destination_Zone_Resident","Origin_Zone_Worker","ZoneGlobale","All_modes","71"
"2020-03-26","Kashobwe","Kikula","1h","Study_Zone_Resident","Study_Zone_Worker","ZoneGlobale","All_modes","35"
"2020-03-26","Kashobwe","Kikula","1h","Origin_Zone_Resident","Destination_Zone_Worker","ZoneGlobale","All_modes","35"
"2020-03-26","Kashobwe","Kikula","1h","Origin_Zone_Resident","Origin_Zone_Worker","ZoneGlobale","All_modes","35"
"2020-03-26","Kashobwe","Kikula","3h","Outside_Resident","Outside_Worker","ZoneGlobale","All_modes","35"
"2020-03-26","Kashobwe","Kikula","3h","Outside_Resident","Destination_Zone_Worker","ZoneGlobale","All_modes","35"
"2020-03-26","Kashobwe","Kikula","3h","Outside_Resident","Origin_Zone_Worker","ZoneGlobale","All_modes","71"
"2020-03-26","Kashobwe","Kikula","3h","Destination_Zone_Resident","Outside_Worker","ZoneGlobale","All_modes","35"
"2020-03-26","Kashobwe","Kikula","3h","Destination_Zone_Resident","Destination_Zone_Worker","ZoneGlobale","All_modes","71"
"2020-03-26","Kashobwe","Kikula","3h","Destination_Zone_Resident","Origin_Zone_Worker","ZoneGlobale","All_modes","71"
"2020-03-26","Kashobwe","Kikula","3h","Study_Zone_Resident","Study_Zone_Worker","ZoneGlobale","All_modes","35"
"2020-03-26","Kashobwe","Kikula","3h","Origin_Zone_Resident","Destination_Zone_Worker","ZoneGlobale","All_modes","35"
"2020-03-26","Kashobwe","Kikula","3h","Origin_Zone_Resident","Origin_Zone_Worker","ZoneGlobale","All_modes","71"
"2020-03-26","Kasongo","Kalole","3h","Outside_Resident","Outside_Worker","ZoneGlobale","All_modes","31"
"2020-03-26","Kasongo","Kampene","1h","Outside_Resident","Outside_Worker","ZoneGlobale","All_modes","362"
"2020-03-26","Kasongo","Kampene","1h","Outside_Resident","Origin_Zone_Worker","ZoneGlobale","All_modes","362"
"2020-03-26","Kasongo","Kampene","1h","Destination_Zone_Resident","Destination_Zone_Worker","ZoneGlobale","All_modes","362"
"2020-03-26","Kasongo","Kampene","1h","Origin_Zone_Resident","Origin_Zone_Worker","ZoneGlobale","All_modes","725"
"2020-03-26","Kasongo","Kampene","3h","Outside_Resident","Origin_Zone_Worker","ZoneGlobale","All_modes","362"
"2020-03-26","Kasongo","Kampene","3h","Destination_Zone_Resident","Destination_Zone_Worker","ZoneGlobale","All_modes","724"
"2020-03-26","Kasongo","Kampene","3h","Study_Zone_Resident","Outside_Worker","ZoneGlobale","All_modes","362"
"2020-03-26","Kasongo","Kampene","3h","Study_Zone_Resident","Destination_Zone_Worker","ZoneGlobale","All_modes","362"
"2020-03-26","Kasongo","Kampene","3h","Origin_Zone_Resident","Origin_Zone_Worker","ZoneGlobale","All_modes","1811"
"2020-03-26","Kasongo","Kunda","1h","Outside_Resident","Outside_Worker","ZoneGlobale","All_modes","362"
"2020-03-26","Kasongo","Samba","1h","Outside_Resident","Outside_Worker","ZoneGlobale","All_modes","362"
"2020-03-26","Kasongo","Samba","3h","Outside_Resident","Outside_Worker","ZoneGlobale","All_modes","724"
"2020-03-26","Kasongo","Samba","3h","Destination_Zone_Resident","Destination_Zone_Worker","ZoneGlobale","All_modes","362"
"2020-03-26","Katako Kombe","Djalo Djeka","1h","Destination_Zone_Resident","Origin_Zone_Worker","ZoneGlobale","All_modes","98"
"2020-03-26","Katako Kombe","Djalo Djeka","1h","Origin_Zone_Resident","Origin_Zone_Worker","ZoneGlobale","All_modes","49"
"2020-03-26","Katako Kombe","Djalo Djeka","3h","Outside_Resident","Outside_Worker","ZoneGlobale","All_modes","48"
"2020-03-26","Katako Kombe","Djalo Djeka","3h","Destination_Zone_Resident","Origin_Zone_Worker","ZoneGlobale","All_modes","48"
"2020-03-26","Katako Kombe","Djalo Djeka","3h","Origin_Zone_Resident","Origin_Zone_Worker","ZoneGlobale","All_modes","97"
"2020-03-26","Katana","Bunyakiri","3h","Outside_Resident","Study_Zone_Worker","ZoneGlobale","All_modes","31"
"2020-03-26","Katana","Ibanda","1h","Outside_Resident","Outside_Worker","ZoneGlobale","All_modes","94"
"2020-03-26","Katana","Ibanda","1h","Outside_Resident","Destination_Zone_Worker","ZoneGlobale","All_modes","94"
"2020-03-26","Katana","Ibanda","1h","Destination_Zone_Resident","Destination_Zone_Worker","ZoneGlobale","All_modes","410"
"2020-03-26","Katana","Ibanda","3h","Outside_Resident","Outside_Worker","ZoneGlobale","All_modes","126"
"2020-03-26","Katana","Ibanda","3h","Outside_Resident","Destination_Zone_Worker","ZoneGlobale","All_modes","126"
"2020-03-26","Katana","Ibanda","3h","Outside_Resident","Study_Zone_Worker","ZoneGlobale","All_modes","31"
"2020-03-26","Katana","Ibanda","3h","Outside_Resident","Origin_Zone_Worker","ZoneGlobale","All_modes","31"
"2020-03-26","Katana","Ibanda","3h","Destination_Zone_Resident","Destination_Zone_Worker","ZoneGlobale","All_modes","504"
"2020-03-26","Katana","Ibanda","3h","Study_Zone_Resident","Study_Zone_Worker","ZoneGlobale","All_modes","31"
"2020-03-26","Katana","Ibanda","3h","Origin_Zone_Resident","Origin_Zone_Worker","ZoneGlobale","All_modes","94"
"2020-03-26","Katana","Idjwi","1h","Outside_Resident","Outside_Worker","ZoneGlobale","All_modes","442"
"2020-03-26","Katana","Idjwi","1h","Outside_Resident","Destination_Zone_Worker","ZoneGlobale","All_modes","252"
"2020-03-26","Katana","Idjwi","1h","Destination_Zone_Resident","Outside_Worker","ZoneGlobale","All_modes","63"
"2020-03-26","Katana","Idjwi","1h","Destination_Zone_Resident","Destination_Zone_Worker","ZoneGlobale","All_modes","1231"
"2020-03-26","Katana","Idjwi","1h","Destination_Zone_Resident","Origin_Zone_Worker","ZoneGlobale","All_modes","568"
"2020-03-26","Katana","Idjwi","1h","Study_Zone_Resident","Destination_Zone_Worker","ZoneGlobale","All_modes","31"
"2020-03-26","Katana","Idjwi","1h","Study_Zone_Resident","Study_Zone_Worker","ZoneGlobale","All_modes","189"
"2020-03-26","Katana","Idjwi","1h","Origin_Zone_Resident","Outside_Worker","ZoneGlobale","All_modes","31"
"2020-03-26","Katana","Idjwi","1h","Origin_Zone_Resident","Destination_Zone_Worker","ZoneGlobale","All_modes","189"
"2020-03-26","Katana","Idjwi","1h","Origin_Zone_Resident","Origin_Zone_Worker","ZoneGlobale","All_modes","505"
"2020-03-26","Katana","Idjwi","3h","Outside_Resident","Outside_Worker","ZoneGlobale","All_modes","978"
"2020-03-26","Katana","Idjwi","3h","Outside_Resident","Destination_Zone_Worker","ZoneGlobale","All_modes","757"
"2020-03-26","Katana","Idjwi","3h","Outside_Resident","Study_Zone_Worker","ZoneGlobale","All_modes","47"
"2020-03-26","Katana","Idjwi","3h","Outside_Resident","Origin_Zone_Worker","ZoneGlobale","All_modes","284"
"2020-03-26","Katana","Idjwi","3h","Destination_Zone_Resident","Outside_Worker","ZoneGlobale","All_modes","126"
"2020-03-26","Katana","Idjwi","3h","Destination_Zone_Resident","Destination_Zone_Worker","ZoneGlobale","All_modes","3850"
"2020-03-26","Katana","Idjwi","3h","Destination_Zone_Resident","Study_Zone_Worker","ZoneGlobale","All_modes","31"
"2020-03-26","Katana","Idjwi","3h","Destination_Zone_Resident","Origin_Zone_Worker","ZoneGlobale","All_modes","1293"
"2020-03-26","Katana","Idjwi","3h","Study_Zone_Resident","Outside_Worker","ZoneGlobale","All_modes","31"
"2020-03-26","Katana","Idjwi","3h","Study_Zone_Resident","Destination_Zone_Worker","ZoneGlobale","All_modes","63"
"2020-03-26","Katana","Idjwi","3h","Study_Zone_Resident","Study_Zone_Worker","ZoneGlobale","All_modes","600"
"2020-03-26","Katana","Idjwi","3h","Study_Zone_Resident","Origin_Zone_Worker","ZoneGlobale","All_modes","31"
"2020-03-26","Katana","Idjwi","3h","Origin_Zone_Resident","Outside_Worker","ZoneGlobale","All_modes","157"
"2020-03-26","Katana","Idjwi","3h","Origin_Zone_Resident","Destination_Zone_Worker","ZoneGlobale","All_modes","883"
"2020-03-26","Katana","Idjwi","3h","Origin_Zone_Resident","Origin_Zone_Worker","ZoneGlobale","All_modes","4165"
"2020-03-26","Katana","Kabare","1h","Outside_Resident","Outside_Worker","ZoneGlobale","All_modes","31"
"2020-03-26","Katana","Kabare","1h","Outside_Resident","Study_Zone_Worker","ZoneGlobale","All_modes","31"
"2020-03-26","Katana","Kabare","1h","Study_Zone_Resident","Study_Zone_Worker","ZoneGlobale","All_modes","31"
"2020-03-26","Katana","Kabare","3h","Outside_Resident","Destination_Zone_Worker","ZoneGlobale","All_modes","31"
"2020-03-26","Katana","Kabare","3h","Outside_Resident","Origin_Zone_Worker","ZoneGlobale","All_modes","31"
"2020-03-26","Katana","Kabare","3h","Study_Zone_Resident","Study_Zone_Worker","ZoneGlobale","All_modes","63"
"2020-03-26","Katana","Kabare","3h","Origin_Zone_Resident","Study_Zone_Worker","ZoneGlobale","All_modes","31"
"2020-03-26","Katana","Kalonge","3h","Origin_Zone_Resident","Study_Zone_Worker","ZoneGlobale","All_modes","31"
"2020-03-26","Katana","Karisimbi","1h","Study_Zone_Resident","Study_Zone_Worker","ZoneGlobale","All_modes","31"
"2020-03-26","Katana","Karisimbi","3h","Destination_Zone_Resident","Destination_Zone_Worker","ZoneGlobale","All_modes","31"
"2020-03-26","Katana","Minova","1h","Outside_Resident","Outside_Worker","ZoneGlobale","All_modes","63"
"2020-03-26","Katana","Minova","1h","Outside_Resident","Destination_Zone_Worker","ZoneGlobale","All_modes","31"
"2020-03-26","Katana","Minova","1h","Outside_Resident","Origin_Zone_Worker","ZoneGlobale","All_modes","31"
"2020-03-26","Katana","Minova","1h","Study_Zone_Resident","Study_Zone_Worker","ZoneGlobale","All_modes","94"
"2020-03-26","Katana","Minova","3h","Outside_Resident","Outside_Worker","ZoneGlobale","All_modes","31"
"2020-03-26","Katana","Minova","3h","Outside_Resident","Destination_Zone_Worker","ZoneGlobale","All_modes","31"
"2020-03-26","Katana","Minova","3h","Outside_Resident","Study_Zone_Worker","ZoneGlobale","All_modes","63"
"2020-03-26","Katana","Minova","3h","Outside_Resident","Origin_Zone_Worker","ZoneGlobale","All_modes","31"
"2020-03-26","Katana","Minova","3h","Destination_Zone_Resident","Destination_Zone_Worker","ZoneGlobale","All_modes","31"
"2020-03-26","Katana","Minova","3h","Destination_Zone_Resident","Study_Zone_Worker","ZoneGlobale","All_modes","94"
"2020-03-26","Katana","Minova","3h","Destination_Zone_Resident","Origin_Zone_Worker","ZoneGlobale","All_modes","63"
"2020-03-26","Katana","Minova","3h","Study_Zone_Resident","Study_Zone_Worker","ZoneGlobale","All_modes","252"
"2020-03-26","Katana","Minova","3h","Study_Zone_Resident","Origin_Zone_Worker","ZoneGlobale","All_modes","31"
"2020-03-26","Katana","Minova","3h","Origin_Zone_Resident","Study_Zone_Worker","ZoneGlobale","All_modes","31"
"2020-03-26","Katana","Minova","3h","Origin_Zone_Resident","Origin_Zone_Worker","ZoneGlobale","All_modes","189"
"2020-03-26","Katwa","Beni","1h","Origin_Zone_Resident","Origin_Zone_Worker","ZoneGlobale","All_modes","95"
"2020-03-26","Katwa","Beni","3h","Outside_Resident","Outside_Worker","ZoneGlobale","All_modes","95"
"2020-03-26","Katwa","Beni","3h","Outside_Resident","Origin_Zone_Worker","ZoneGlobale","All_modes","47"
"2020-03-26","Katwa","Beni","3h","Destination_Zone_Resident","Destination_Zone_Worker","ZoneGlobale","All_modes","191"
"2020-03-26","Katwa","Beni","3h","Destination_Zone_Resident","Origin_Zone_Worker","ZoneGlobale","All_modes","47"
"2020-03-26","Katwa","Beni","3h","Study_Zone_Resident","Destination_Zone_Worker","ZoneGlobale","All_modes","47"
"2020-03-26","Katwa","Beni","3h","Origin_Zone_Resident","Origin_Zone_Worker","ZoneGlobale","All_modes","191"
"2020-03-26","Katwa","Biena","1h","Outside_Resident","Outside_Worker","ZoneGlobale","All_modes","47"
"2020-03-26","Katwa","Biena","1h","Outside_Resident","Origin_Zone_Worker","ZoneGlobale","All_modes","47"
"2020-03-26","Katwa","Biena","1h","Destination_Zone_Resident","Origin_Zone_Worker","ZoneGlobale","All_modes","95"
"2020-03-26","Katwa","Biena","1h","Study_Zone_Resident","Study_Zone_Worker","ZoneGlobale","All_modes","47"
"2020-03-26","Katwa","Biena","1h","Origin_Zone_Resident","Origin_Zone_Worker","ZoneGlobale","All_modes","95"
"2020-03-26","Katwa","Biena","3h","Outside_Resident","Outside_Worker","ZoneGlobale","All_modes","47"
"2020-03-26","Katwa","Biena","3h","Outside_Resident","Origin_Zone_Worker","ZoneGlobale","All_modes","47"
"2020-03-26","Katwa","Biena","3h","Destination_Zone_Resident","Study_Zone_Worker","ZoneGlobale","All_modes","47"
"2020-03-26","Katwa","Biena","3h","Destination_Zone_Resident","Origin_Zone_Worker","ZoneGlobale","All_modes","95"
"2020-03-26","Katwa","Biena","3h","Study_Zone_Resident","Origin_Zone_Worker","ZoneGlobale","All_modes","47"
"2020-03-26","Katwa","Biena","3h","Origin_Zone_Resident","Study_Zone_Worker","ZoneGlobale","All_modes","47"
"2020-03-26","Katwa","Biena","3h","Origin_Zone_Resident","Origin_Zone_Worker","ZoneGlobale","All_modes","691"
"2020-03-26","Katwa","Komanda","3h","Destination_Zone_Resident","Study_Zone_Worker","ZoneGlobale","All_modes","47"
"2020-03-26","Katwa","Komanda","3h","Study_Zone_Resident","Study_Zone_Worker","ZoneGlobale","All_modes","118"
"2020-03-26","Katwa","Kyondo","1h","Destination_Zone_Resident","Study_Zone_Worker","ZoneGlobale","All_modes","47"
"2020-03-26","Katwa","Kyondo","1h","Destination_Zone_Resident","Origin_Zone_Worker","ZoneGlobale","All_modes","143"
"2020-03-26","Katwa","Kyondo","3h","Outside_Resident","Outside_Worker","ZoneGlobale","All_modes","47"
"2020-03-26","Katwa","Kyondo","3h","Outside_Resident","Origin_Zone_Worker","ZoneGlobale","All_modes","47"
"2020-03-26","Katwa","Kyondo","3h","Destination_Zone_Resident","Outside_Worker","ZoneGlobale","All_modes","47"
"2020-03-26","Katwa","Kyondo","3h","Destination_Zone_Resident","Destination_Zone_Worker","ZoneGlobale","All_modes","47"
"2020-03-26","Katwa","Kyondo","3h","Destination_Zone_Resident","Study_Zone_Worker","ZoneGlobale","All_modes","47"
"2020-03-26","Katwa","Kyondo","3h","Destination_Zone_Resident","Origin_Zone_Worker","ZoneGlobale","All_modes","47"
"2020-03-26","Katwa","Kyondo","3h","Study_Zone_Resident","Study_Zone_Worker","ZoneGlobale","All_modes","47"
"2020-03-26","Katwa","Kyondo","3h","Study_Zone_Resident","Origin_Zone_Worker","ZoneGlobale","All_modes","95"
"2020-03-26","Katwa","Kyondo","3h","Origin_Zone_Resident","Outside_Worker","ZoneGlobale","All_modes","47"
"2020-03-26","Katwa","Kyondo","3h","Origin_Zone_Resident","Study_Zone_Worker","ZoneGlobale","All_modes","47"
"2020-03-26","Katwa","Kyondo","3h","Origin_Zone_Resident","Origin_Zone_Worker","ZoneGlobale","All_modes","95"
"2020-03-26","Katwa","Lubero","1h","Outside_Resident","Study_Zone_Worker","ZoneGlobale","All_modes","47"
"2020-03-26","Katwa","Lubero","1h","Study_Zone_Resident","Study_Zone_Worker","ZoneGlobale","All_modes","47"
"2020-03-26","Katwa","Lubero","1h","Origin_Zone_Resident","Origin_Zone_Worker","ZoneGlobale","All_modes","95"
"2020-03-26","Katwa","Lubero","3h","Outside_Resident","Study_Zone_Worker","ZoneGlobale","All_modes","47"
"2020-03-26","Katwa","Lubero","3h","Outside_Resident","Origin_Zone_Worker","ZoneGlobale","All_modes","47"
"2020-03-26","Katwa","Lubero","3h","Destination_Zone_Resident","Origin_Zone_Worker","ZoneGlobale","All_modes","47"
"2020-03-26","Katwa","Lubero","3h","Study_Zone_Resident","Study_Zone_Worker","ZoneGlobale","All_modes","47"
"2020-03-26","Katwa","Lubero","3h","Origin_Zone_Resident","Study_Zone_Worker","ZoneGlobale","All_modes","47"
"2020-03-26","Katwa","Lubero","3h","Origin_Zone_Resident","Origin_Zone_Worker","ZoneGlobale","All_modes","286"
"2020-03-26","Katwa","Mambasa","3h","Outside_Resident","Outside_Worker","ZoneGlobale","All_modes","47"
"2020-03-26","Katwa","Mambasa","3h","Destination_Zone_Resident","Destination_Zone_Worker","ZoneGlobale","All_modes","47"
"2020-03-26","Katwa","Musienene","1h","Outside_Resident","Origin_Zone_Worker","ZoneGlobale","All_modes","143"
"2020-03-26","Katwa","Musienene","1h","Destination_Zone_Resident","Destination_Zone_Worker","ZoneGlobale","All_modes","334"
"2020-03-26","Katwa","Musienene","1h","Destination_Zone_Resident","Study_Zone_Worker","ZoneGlobale","All_modes","47"
"2020-03-26","Katwa","Musienene","1h","Destination_Zone_Resident","Origin_Zone_Worker","ZoneGlobale","All_modes","621"
"2020-03-26","Katwa","Musienene","1h","Study_Zone_Resident","Study_Zone_Worker","ZoneGlobale","All_modes","47"
"2020-03-26","Katwa","Musienene","1h","Study_Zone_Resident","Origin_Zone_Worker","ZoneGlobale","All_modes","47"
"2020-03-26","Katwa","Musienene","1h","Origin_Zone_Resident","Origin_Zone_Worker","ZoneGlobale","All_modes","907"
"2020-03-26","Katwa","Musienene","3h","Outside_Resident","Outside_Worker","ZoneGlobale","All_modes","642"
"2020-03-26","Katwa","Musienene","3h","Outside_Resident","Destination_Zone_Worker","ZoneGlobale","All_modes","47"
"2020-03-26","Katwa","Musienene","3h","Outside_Resident","Study_Zone_Worker","ZoneGlobale","All_modes","95"
"2020-03-26","Katwa","Musienene","3h","Outside_Resident","Origin_Zone_Worker","ZoneGlobale","All_modes","955"
"2020-03-26","Katwa","Musienene","3h","Destination_Zone_Resident","Destination_Zone_Worker","ZoneGlobale","All_modes","621"
"2020-03-26","Katwa","Musienene","3h","Destination_Zone_Resident","Study_Zone_Worker","ZoneGlobale","All_modes","95"
"2020-03-26","Katwa","Musienene","3h","Destination_Zone_Resident","Origin_Zone_Worker","ZoneGlobale","All_modes","1480"
"2020-03-26","Katwa","Musienene","3h","Study_Zone_Resident","Study_Zone_Worker","ZoneGlobale","All_modes","332"
"2020-03-26","Katwa","Musienene","3h","Study_Zone_Resident","Origin_Zone_Worker","ZoneGlobale","All_modes","525"
"2020-03-26","Katwa","Musienene","3h","Origin_Zone_Resident","Study_Zone_Worker","ZoneGlobale","All_modes","47"
"2020-03-26","Katwa","Musienene","3h","Origin_Zone_Resident","Origin_Zone_Worker","ZoneGlobale","All_modes","2245"
"2020-03-26","Katwa","Oicha","3h","Outside_Resident","Outside_Worker","ZoneGlobale","All_modes","47"
"2020-03-26","Katwa","Vuhovi","1h","Outside_Resident","Outside_Worker","ZoneGlobale","All_modes","286"
"2020-03-26","Katwa","Vuhovi","1h","Outside_Resident","Study_Zone_Worker","ZoneGlobale","All_modes","166"
"2020-03-26","Katwa","Vuhovi","1h","Outside_Resident","Origin_Zone_Worker","ZoneGlobale","All_modes","239"
"2020-03-26","Katwa","Vuhovi","1h","Destination_Zone_Resident","Destination_Zone_Worker","ZoneGlobale","All_modes","430"
"2020-03-26","Katwa","Vuhovi","1h","Destination_Zone_Resident","Origin_Zone_Worker","ZoneGlobale","All_modes","716"
"2020-03-26","Katwa","Vuhovi","1h","Study_Zone_Resident","Study_Zone_Worker","ZoneGlobale","All_modes","118"
"2020-03-26","Katwa","Vuhovi","1h","Origin_Zone_Resident","Outside_Worker","ZoneGlobale","All_modes","47"
"2020-03-26","Katwa","Vuhovi","1h","Origin_Zone_Resident","Destination_Zone_Worker","ZoneGlobale","All_modes","47"
"2020-03-26","Katwa","Vuhovi","1h","Origin_Zone_Resident","Origin_Zone_Worker","ZoneGlobale","All_modes","1265"
"2020-03-26","Katwa","Vuhovi","3h","Outside_Resident","Outside_Worker","ZoneGlobale","All_modes","382"
"2020-03-26","Katwa","Vuhovi","3h","Outside_Resident","Destination_Zone_Worker","ZoneGlobale","All_modes","47"
"2020-03-26","Katwa","Vuhovi","3h","Outside_Resident","Study_Zone_Worker","ZoneGlobale","All_modes","47"
"2020-03-26","Katwa","Vuhovi","3h","Outside_Resident","Origin_Zone_Worker","ZoneGlobale","All_modes","859"
"2020-03-26","Katwa","Vuhovi","3h","Destination_Zone_Resident","Outside_Worker","ZoneGlobale","All_modes","95"
"2020-03-26","Katwa","Vuhovi","3h","Destination_Zone_Resident","Destination_Zone_Worker","ZoneGlobale","All_modes","716"
"2020-03-26","Katwa","Vuhovi","3h","Destination_Zone_Resident","Study_Zone_Worker","ZoneGlobale","All_modes","47"
"2020-03-26","Katwa","Vuhovi","3h","Destination_Zone_Resident","Origin_Zone_Worker","ZoneGlobale","All_modes","1289"
"2020-03-26","Katwa","Vuhovi","3h","Study_Zone_Resident","Study_Zone_Worker","ZoneGlobale","All_modes","47"
"2020-03-26","Katwa","Vuhovi","3h","Study_Zone_Resident","Origin_Zone_Worker","ZoneGlobale","All_modes","334"
"2020-03-26","Katwa","Vuhovi","3h","Origin_Zone_Resident","Outside_Worker","ZoneGlobale","All_modes","47"
"2020-03-26","Katwa","Vuhovi","3h","Origin_Zone_Resident","Destination_Zone_Worker","ZoneGlobale","All_modes","238"
"2020-03-26","Katwa","Vuhovi","3h","Origin_Zone_Resident","Origin_Zone_Worker","ZoneGlobale","All_modes","2627"
"2020-03-26","Kayna","Alimbongo","1h","Outside_Resident","Origin_Zone_Worker","ZoneGlobale","All_modes","95"
"2020-03-26","Kayna","Alimbongo","1h","Study_Zone_Resident","Study_Zone_Worker","ZoneGlobale","All_modes","47"
"2020-03-26","Kayna","Alimbongo","1h","Origin_Zone_Resident","Origin_Zone_Worker","ZoneGlobale","All_modes","47"
"2020-03-26","Kayna","Alimbongo","3h","Outside_Resident","Outside_Worker","ZoneGlobale","All_modes","191"
"2020-03-26","Kayna","Alimbongo","3h","Outside_Resident","Destination_Zone_Worker","ZoneGlobale","All_modes","47"
"2020-03-26","Kayna","Alimbongo","3h","Outside_Resident","Origin_Zone_Worker","ZoneGlobale","All_modes","143"
"2020-03-26","Kayna","Alimbongo","3h","Destination_Zone_Resident","Outside_Worker","ZoneGlobale","All_modes","47"
"2020-03-26","Kayna","Alimbongo","3h","Destination_Zone_Resident","Destination_Zone_Worker","ZoneGlobale","All_modes","47"
"2020-03-26","Kayna","Alimbongo","3h","Destination_Zone_Resident","Origin_Zone_Worker","ZoneGlobale","All_modes","95"
"2020-03-26","Kayna","Alimbongo","3h","Study_Zone_Resident","Study_Zone_Worker","ZoneGlobale","All_modes","95"
"2020-03-26","Kayna","Alimbongo","3h","Origin_Zone_Resident","Origin_Zone_Worker","ZoneGlobale","All_modes","238"
"2020-03-26","Kayna","Binza","1h","Outside_Resident","Study_Zone_Worker","ZoneGlobale","All_modes","47"
"2020-03-26","Kayna","Binza","1h","Destination_Zone_Resident","Destination_Zone_Worker","ZoneGlobale","All_modes","95"
"2020-03-26","Kayna","Binza","1h","Origin_Zone_Resident","Origin_Zone_Worker","ZoneGlobale","All_modes","47"
"2020-03-26","Kayna","Binza","3h","Outside_Resident","Outside_Worker","ZoneGlobale","All_modes","95"
"2020-03-26","Kayna","Binza","3h","Outside_Resident","Study_Zone_Worker","ZoneGlobale","All_modes","47"
"2020-03-26","Kayna","Binza","3h","Outside_Resident","Origin_Zone_Worker","ZoneGlobale","All_modes","143"
"2020-03-26","Kayna","Binza","3h","Study_Zone_Resident","Study_Zone_Worker","ZoneGlobale","All_modes","143"
"2020-03-26","Kayna","Binza","3h","Origin_Zone_Resident","Origin_Zone_Worker","ZoneGlobale","All_modes","47"
"2020-03-26","Kayna","Idjwi","3h","Outside_Resident","Study_Zone_Worker","ZoneGlobale","All_modes","47"
"2020-03-26","Kayna","Katwa","3h","Outside_Resident","Outside_Worker","ZoneGlobale","All_modes","47"
"2020-03-26","Kayna","Katwa","3h","Outside_Resident","Origin_Zone_Worker","ZoneGlobale","All_modes","47"
"2020-03-26","Kayna","Kibirizi","1h","Destination_Zone_Resident","Destination_Zone_Worker","ZoneGlobale","All_modes","286"
"2020-03-26","Kayna","Kibirizi","1h","Destination_Zone_Resident","Origin_Zone_Worker","ZoneGlobale","All_modes","95"
"2020-03-26","Kayna","Kibirizi","1h","Origin_Zone_Resident","Destination_Zone_Worker","ZoneGlobale","All_modes","47"
"2020-03-26","Kayna","Kibirizi","3h","Outside_Resident","Origin_Zone_Worker","ZoneGlobale","All_modes","47"
"2020-03-26","Kayna","Kibirizi","3h","Destination_Zone_Resident","Destination_Zone_Worker","ZoneGlobale","All_modes","143"
"2020-03-26","Kayna","Kibirizi","3h","Destination_Zone_Resident","Origin_Zone_Worker","ZoneGlobale","All_modes","47"
"2020-03-26","Kayna","Kibirizi","3h","Origin_Zone_Resident","Origin_Zone_Worker","ZoneGlobale","All_modes","143"
"2020-03-26","Kayna","Lubero","3h","Outside_Resident","Outside_Worker","ZoneGlobale","All_modes","47"
"2020-03-26","Kayna","Lubero","3h","Outside_Resident","Study_Zone_Worker","ZoneGlobale","All_modes","47"
"2020-03-26","Kayna","Lubero","3h","Destination_Zone_Resident","Origin_Zone_Worker","ZoneGlobale","All_modes","95"
"2020-03-26","Kayna","Lubero","3h","Study_Zone_Resident","Study_Zone_Worker","ZoneGlobale","All_modes","47"
"2020-03-26","Kayna","Musienene","1h","Origin_Zone_Resident","Origin_Zone_Worker","ZoneGlobale","All_modes","47"
"2020-03-26","Kayna","Musienene","3h","Outside_Resident","Outside_Worker","ZoneGlobale","All_modes","47"
"2020-03-26","Kayna","Musienene","3h","Origin_Zone_Resident","Origin_Zone_Worker","ZoneGlobale","All_modes","47"
"2020-03-26","Kenge","Boko","1h","Outside_Resident","Outside_Worker","ZoneGlobale","All_modes","1066"
"2020-03-26","Kenge","Boko","3h","Outside_Resident","Outside_Worker","ZoneGlobale","All_modes","355"
"2020-03-26","Kenge","Boko","3h","Outside_Resident","Destination_Zone_Worker","ZoneGlobale","All_modes","355"
"2020-03-26","Kenge","Boko","3h","Destination_Zone_Resident","Outside_Worker","ZoneGlobale","All_modes","355"
"2020-03-26","Kenge","Boko","3h","Origin_Zone_Resident","Outside_Worker","ZoneGlobale","All_modes","355"
"2020-03-26","Kenge","Kikongo","1h","Outside_Resident","Outside_Worker","ZoneGlobale","All_modes","355"
"2020-03-26","Kenge","Kikongo","1h","Destination_Zone_Resident","Destination_Zone_Worker","ZoneGlobale","All_modes","355"
"2020-03-26","Kenge","Kikongo","3h","Outside_Resident","Outside_Worker","ZoneGlobale","All_modes","355"
"2020-03-26","Kenge","Kikongo","3h","Destination_Zone_Resident","Destination_Zone_Worker","ZoneGlobale","All_modes","355"
"2020-03-26","Kenge","Vanga","3h","Outside_Resident","Outside_Worker","ZoneGlobale","All_modes","26"
"2020-03-26","Kibirizi","Binza","1h","Outside_Resident","Outside_Worker","ZoneGlobale","All_modes","47"
"2020-03-26","Kibirizi","Binza","1h","Outside_Resident","Origin_Zone_Worker","ZoneGlobale","All_modes","47"
"2020-03-26","Kibirizi","Binza","1h","Destination_Zone_Resident","Destination_Zone_Worker","ZoneGlobale","All_modes","95"
"2020-03-26","Kibirizi","Binza","1h","Study_Zone_Resident","Study_Zone_Worker","ZoneGlobale","All_modes","47"
"2020-03-26","Kibirizi","Binza","1h","Origin_Zone_Resident","Study_Zone_Worker","ZoneGlobale","All_modes","47"
"2020-03-26","Kibirizi","Binza","1h","Origin_Zone_Resident","Origin_Zone_Worker","ZoneGlobale","All_modes","143"
"2020-03-26","Kibirizi","Binza","3h","Outside_Resident","Outside_Worker","ZoneGlobale","All_modes","47"
"2020-03-26","Kibirizi","Binza","3h","Outside_Resident","Destination_Zone_Worker","ZoneGlobale","All_modes","47"
"2020-03-26","Kibirizi","Binza","3h","Outside_Resident","Study_Zone_Worker","ZoneGlobale","All_modes","47"
"2020-03-26","Kibirizi","Binza","3h","Outside_Resident","Origin_Zone_Worker","ZoneGlobale","All_modes","47"
"2020-03-26","Kibirizi","Binza","3h","Destination_Zone_Resident","Destination_Zone_Worker","ZoneGlobale","All_modes","47"
"2020-03-26","Kibirizi","Binza","3h","Study_Zone_Resident","Study_Zone_Worker","ZoneGlobale","All_modes","143"
"2020-03-26","Kibirizi","Binza","3h","Origin_Zone_Resident","Study_Zone_Worker","ZoneGlobale","All_modes","95"
"2020-03-26","Kibirizi","Binza","3h","Origin_Zone_Resident","Origin_Zone_Worker","ZoneGlobale","All_modes","238"
"2020-03-26","Kibirizi","Birambizo","1h","Outside_Resident","Outside_Worker","ZoneGlobale","All_modes","95"
"2020-03-26","Kibirizi","Birambizo","1h","Outside_Resident","Origin_Zone_Worker","ZoneGlobale","All_modes","47"
"2020-03-26","Kibirizi","Birambizo","1h","Destination_Zone_Resident","Outside_Worker","ZoneGlobale","All_modes","95"
"2020-03-26","Kibirizi","Birambizo","1h","Destination_Zone_Resident","Destination_Zone_Worker","ZoneGlobale","All_modes","191"
"2020-03-26","Kibirizi","Birambizo","1h","Destination_Zone_Resident","Study_Zone_Worker","ZoneGlobale","All_modes","47"
"2020-03-26","Kibirizi","Birambizo","1h","Destination_Zone_Resident","Origin_Zone_Worker","ZoneGlobale","All_modes","95"
"2020-03-26","Kibirizi","Birambizo","1h","Study_Zone_Resident","Study_Zone_Worker","ZoneGlobale","All_modes","47"
"2020-03-26","Kibirizi","Birambizo","1h","Origin_Zone_Resident","Study_Zone_Worker","ZoneGlobale","All_modes","47"
"2020-03-26","Kibirizi","Birambizo","1h","Origin_Zone_Resident","Origin_Zone_Worker","ZoneGlobale","All_modes","286"
"2020-03-26","Kibirizi","Birambizo","3h","Outside_Resident","Outside_Worker","ZoneGlobale","All_modes","286"
"2020-03-26","Kibirizi","Birambizo","3h","Outside_Resident","Origin_Zone_Worker","ZoneGlobale","All_modes","143"
"2020-03-26","Kibirizi","Birambizo","3h","Destination_Zone_Resident","Outside_Worker","ZoneGlobale","All_modes","143"
"2020-03-26","Kibirizi","Birambizo","3h","Destination_Zone_Resident","Destination_Zone_Worker","ZoneGlobale","All_modes","382"
"2020-03-26","Kibirizi","Birambizo","3h","Destination_Zone_Resident","Study_Zone_Worker","ZoneGlobale","All_modes","47"
"2020-03-26","Kibirizi","Birambizo","3h","Destination_Zone_Resident","Origin_Zone_Worker","ZoneGlobale","All_modes","286"
"2020-03-26","Kibirizi","Birambizo","3h","Study_Zone_Resident","Study_Zone_Worker","ZoneGlobale","All_modes","95"
"2020-03-26","Kibirizi","Birambizo","3h","Study_Zone_Resident","Origin_Zone_Worker","ZoneGlobale","All_modes","143"
"2020-03-26","Kibirizi","Birambizo","3h","Origin_Zone_Resident","Outside_Worker","ZoneGlobale","All_modes","47"
"2020-03-26","Kibirizi","Birambizo","3h","Origin_Zone_Resident","Destination_Zone_Worker","ZoneGlobale","All_modes","95"
"2020-03-26","Kibirizi","Birambizo","3h","Origin_Zone_Resident","Study_Zone_Worker","ZoneGlobale","All_modes","47"
"2020-03-26","Kibirizi","Birambizo","3h","Origin_Zone_Resident","Origin_Zone_Worker","ZoneGlobale","All_modes","1337"
"2020-03-26","Kibirizi","Idjwi","3h","Destination_Zone_Resident","Destination_Zone_Worker","ZoneGlobale","All_modes","47"
"2020-03-26","Kibirizi","Karisimbi","1h","Study_Zone_Resident","Study_Zone_Worker","ZoneGlobale","All_modes","47"
"2020-03-26","Kibirizi","Karisimbi","3h","Study_Zone_Resident","Study_Zone_Worker","ZoneGlobale","All_modes","47"
"2020-03-26","Kibirizi","Karisimbi","3h","Origin_Zone_Resident","Origin_Zone_Worker","ZoneGlobale","All_modes","47"
"2020-03-26","Kibirizi","Kayna","1h","Outside_Resident","Destination_Zone_Worker","ZoneGlobale","All_modes","95"
"2020-03-26","Kibirizi","Kayna","1h","Destination_Zone_Resident","Outside_Worker","ZoneGlobale","All_modes","47"
"2020-03-26","Kibirizi","Kayna","1h","Destination_Zone_Resident","Destination_Zone_Worker","ZoneGlobale","All_modes","47"
"2020-03-26","Kibirizi","Kayna","1h","Study_Zone_Resident","Outside_Worker","ZoneGlobale","All_modes","47"
"2020-03-26","Kibirizi","Kayna","1h","Origin_Zone_Resident","Destination_Zone_Worker","ZoneGlobale","All_modes","47"
"2020-03-26","Kibirizi","Kayna","1h","Origin_Zone_Resident","Study_Zone_Worker","ZoneGlobale","All_modes","47"
"2020-03-26","Kibirizi","Kayna","1h","Origin_Zone_Resident","Origin_Zone_Worker","ZoneGlobale","All_modes","191"
"2020-03-26","Kibirizi","Kayna","3h","Outside_Resident","Outside_Worker","ZoneGlobale","All_modes","47"
"2020-03-26","Kibirizi","Kayna","3h","Destination_Zone_Resident","Destination_Zone_Worker","ZoneGlobale","All_modes","191"
"2020-03-26","Kibirizi","Kayna","3h","Destination_Zone_Resident","Origin_Zone_Worker","ZoneGlobale","All_modes","95"
"2020-03-26","Kibirizi","Kayna","3h","Study_Zone_Resident","Outside_Worker","ZoneGlobale","All_modes","47"
"2020-03-26","Kibirizi","Kayna","3h","Origin_Zone_Resident","Destination_Zone_Worker","ZoneGlobale","All_modes","47"
"2020-03-26","Kibirizi","Kayna","3h","Origin_Zone_Resident","Study_Zone_Worker","ZoneGlobale","All_modes","47"
"2020-03-26","Kibirizi","Kayna","3h","Origin_Zone_Resident","Origin_Zone_Worker","ZoneGlobale","All_modes","143"
"2020-03-26","Kibirizi","Lubero","1h","Destination_Zone_Resident","Destination_Zone_Worker","ZoneGlobale","All_modes","47"
"2020-03-26","Kibirizi","Lubero","3h","Outside_Resident","Outside_Worker","ZoneGlobale","All_modes","143"
"2020-03-26","Kibirizi","Lubero","3h","Outside_Resident","Destination_Zone_Worker","ZoneGlobale","All_modes","47"
"2020-03-26","Kibirizi","Lubero","3h","Outside_Resident","Origin_Zone_Worker","ZoneGlobale","All_modes","95"
"2020-03-26","Kibirizi","Lubero","3h","Destination_Zone_Resident","Outside_Worker","ZoneGlobale","All_modes","47"
"2020-03-26","Kibirizi","Lubero","3h","Destination_Zone_Resident","Destination_Zone_Worker","ZoneGlobale","All_modes","95"
"2020-03-26","Kibirizi","Lubero","3h","Origin_Zone_Resident","Origin_Zone_Worker","ZoneGlobale","All_modes","382"
"2020-03-26","Kibirizi","Mweso","1h","Destination_Zone_Resident","Study_Zone_Worker","ZoneGlobale","All_modes","95"
"2020-03-26","Kibirizi","Mweso","3h","Outside_Resident","Outside_Worker","ZoneGlobale","All_modes","95"
"2020-03-26","Kibirizi","Mweso","3h","Outside_Resident","Destination_Zone_Worker","ZoneGlobale","All_modes","143"
"2020-03-26","Kibirizi","Mweso","3h","Destination_Zone_Resident","Destination_Zone_Worker","ZoneGlobale","All_modes","334"
"2020-03-26","Kibirizi","Mweso","3h","Destination_Zone_Resident","Study_Zone_Worker","ZoneGlobale","All_modes","143"
"2020-03-26","Kibirizi","Mweso","3h","Destination_Zone_Resident","Origin_Zone_Worker","ZoneGlobale","All_modes","143"
"2020-03-26","Kibirizi","Mweso","3h","Study_Zone_Resident","Study_Zone_Worker","ZoneGlobale","All_modes","95"
"2020-03-26","Kibirizi","Mweso","3h","Origin_Zone_Resident","Destination_Zone_Worker","ZoneGlobale","All_modes","47"
"2020-03-26","Kibirizi","Mweso","3h","Origin_Zone_Resident","Study_Zone_Worker","ZoneGlobale","All_modes","47"
"2020-03-26","Kibirizi","Mweso","3h","Origin_Zone_Resident","Origin_Zone_Worker","ZoneGlobale","All_modes","95"
"2020-03-26","Kibirizi","Rutshuru","1h","Outside_Resident","Outside_Worker","ZoneGlobale","All_modes","286"
"2020-03-26","Kibirizi","Rutshuru","1h","Outside_Resident","Destination_Zone_Worker","ZoneGlobale","All_modes","143"
"2020-03-26","Kibirizi","Rutshuru","1h","Outside_Resident","Origin_Zone_Worker","ZoneGlobale","All_modes","143"
"2020-03-26","Kibirizi","Rutshuru","1h","Destination_Zone_Resident","Outside_Worker","ZoneGlobale","All_modes","47"
"2020-03-26","Kibirizi","Rutshuru","1h","Destination_Zone_Resident","Destination_Zone_Worker","ZoneGlobale","All_modes","621"
"2020-03-26","Kibirizi","Rutshuru","1h","Destination_Zone_Resident","Origin_Zone_Worker","ZoneGlobale","All_modes","95"
"2020-03-26","Kibirizi","Rutshuru","1h","Study_Zone_Resident","Study_Zone_Worker","ZoneGlobale","All_modes","47"
"2020-03-26","Kibirizi","Rutshuru","1h","Origin_Zone_Resident","Outside_Worker","ZoneGlobale","All_modes","47"
"2020-03-26","Kibirizi","Rutshuru","1h","Origin_Zone_Resident","Destination_Zone_Worker","ZoneGlobale","All_modes","95"
"2020-03-26","Kibirizi","Rutshuru","1h","Origin_Zone_Resident","Origin_Zone_Worker","ZoneGlobale","All_modes","334"
"2020-03-26","Kibirizi","Rutshuru","3h","Outside_Resident","Outside_Worker","ZoneGlobale","All_modes","668"
"2020-03-26","Kibirizi","Rutshuru","3h","Outside_Resident","Destination_Zone_Worker","ZoneGlobale","All_modes","191"
"2020-03-26","Kibirizi","Rutshuru","3h","Outside_Resident","Study_Zone_Worker","ZoneGlobale","All_modes","47"
"2020-03-26","Kibirizi","Rutshuru","3h","Outside_Resident","Origin_Zone_Worker","ZoneGlobale","All_modes","191"
"2020-03-26","Kibirizi","Rutshuru","3h","Destination_Zone_Resident","Outside_Worker","ZoneGlobale","All_modes","143"
"2020-03-26","Kibirizi","Rutshuru","3h","Destination_Zone_Resident","Destination_Zone_Worker","ZoneGlobale","All_modes","1051"
"2020-03-26","Kibirizi","Rutshuru","3h","Destination_Zone_Resident","Study_Zone_Worker","ZoneGlobale","All_modes","95"
"2020-03-26","Kibirizi","Rutshuru","3h","Destination_Zone_Resident","Origin_Zone_Worker","ZoneGlobale","All_modes","477"
"2020-03-26","Kibirizi","Rutshuru","3h","Study_Zone_Resident","Destination_Zone_Worker","ZoneGlobale","All_modes","47"
"2020-03-26","Kibirizi","Rutshuru","3h","Study_Zone_Resident","Study_Zone_Worker","ZoneGlobale","All_modes","47"
"2020-03-26","Kibirizi","Rutshuru","3h","Study_Zone_Resident","Origin_Zone_Worker","ZoneGlobale","All_modes","143"
"2020-03-26","Kibirizi","Rutshuru","3h","Origin_Zone_Resident","Outside_Worker","ZoneGlobale","All_modes","95"
"2020-03-26","Kibirizi","Rutshuru","3h","Origin_Zone_Resident","Destination_Zone_Worker","ZoneGlobale","All_modes","334"
"2020-03-26","Kibirizi","Rutshuru","3h","Origin_Zone_Resident","Origin_Zone_Worker","ZoneGlobale","All_modes","1433"
"2020-03-26","Kibunzi","Inga","1h","Destination_Zone_Resident","Destination_Zone_Worker","ZoneGlobale","All_modes","38"
"2020-03-26","Kibunzi","Inga","1h","Study_Zone_Resident","Study_Zone_Worker","ZoneGlobale","All_modes","23"
"2020-03-26","Kibunzi","Seke-Banza","3h","Outside_Resident","Outside_Worker","ZoneGlobale","All_modes","26"
"2020-03-26","Kikimi","Barumbu","3h","Destination_Zone_Resident","Destination_Zone_Worker","ZoneGlobale","All_modes","36"
"2020-03-26","Kikimi","Barumbu","3h","Destination_Zone_Resident","Study_Zone_Worker","ZoneGlobale","All_modes","27"
"2020-03-26","Kikimi","Barumbu","3h","Origin_Zone_Resident","Origin_Zone_Worker","ZoneGlobale","All_modes","33"
"2020-03-26","Kikimi","Bumbu","1h","Destination_Zone_Resident","Origin_Zone_Worker","ZoneGlobale","All_modes","22"
"2020-03-26","Kikimi","Bumbu","3h","Outside_Resident","Outside_Worker","ZoneGlobale","All_modes","26"
"2020-03-26","Kikimi","Bumbu","3h","Destination_Zone_Resident","Origin_Zone_Worker","ZoneGlobale","All_modes","22"
"2020-03-26","Kikimi","Bumbu","3h","Study_Zone_Resident","Study_Zone_Worker","ZoneGlobale","All_modes","27"
"2020-03-26","Kikimi","Gombe","3h","Outside_Resident","Outside_Worker","ZoneGlobale","All_modes","27"
"2020-03-26","Kikimi","Kalamu I","1h","Outside_Resident","Outside_Worker","ZoneGlobale","All_modes","26"
"2020-03-26","Kikimi","Kalamu I","1h","Origin_Zone_Resident","Origin_Zone_Worker","ZoneGlobale","All_modes","23"
"2020-03-26","Kikimi","Kalamu II","3h","Destination_Zone_Resident","Destination_Zone_Worker","ZoneGlobale","All_modes","24"
"2020-03-26","Kikimi","Kasa-Vubu","1h","Destination_Zone_Resident","Destination_Zone_Worker","ZoneGlobale","All_modes","27"
"2020-03-26","Kikimi","Kasa-Vubu","3h","Destination_Zone_Resident","Destination_Zone_Worker","ZoneGlobale","All_modes","40"
"2020-03-26","Kikimi","Kimbanseke","1h","Outside_Resident","Outside_Worker","ZoneGlobale","All_modes","1172"
"2020-03-26","Kikimi","Kimbanseke","1h","Outside_Resident","Destination_Zone_Worker","ZoneGlobale","All_modes","221"
"2020-03-26","Kikimi","Kimbanseke","1h","Outside_Resident","Study_Zone_Worker","ZoneGlobale","All_modes","65"
"2020-03-26","Kikimi","Kimbanseke","1h","Outside_Resident","Origin_Zone_Worker","ZoneGlobale","All_modes","142"
"2020-03-26","Kikimi","Kimbanseke","1h","Destination_Zone_Resident","Outside_Worker","ZoneGlobale","All_modes","329"
"2020-03-26","Kikimi","Kimbanseke","1h","Destination_Zone_Resident","Destination_Zone_Worker","ZoneGlobale","All_modes","3589"
"2020-03-26","Kikimi","Kimbanseke","1h","Destination_Zone_Resident","Study_Zone_Worker","ZoneGlobale","All_modes","288"
"2020-03-26","Kikimi","Kimbanseke","1h","Destination_Zone_Resident","Origin_Zone_Worker","ZoneGlobale","All_modes","601"
"2020-03-26","Kikimi","Kimbanseke","1h","Study_Zone_Resident","Destination_Zone_Worker","ZoneGlobale","All_modes","85"
"2020-03-26","Kikimi","Kimbanseke","1h","Study_Zone_Resident","Study_Zone_Worker","ZoneGlobale","All_modes","314"
"2020-03-26","Kikimi","Kimbanseke","1h","Origin_Zone_Resident","Outside_Worker","ZoneGlobale","All_modes","175"
"2020-03-26","Kikimi","Kimbanseke","1h","Origin_Zone_Resident","Destination_Zone_Worker","ZoneGlobale","All_modes","443"
"2020-03-26","Kikimi","Kimbanseke","1h","Origin_Zone_Resident","Study_Zone_Worker","ZoneGlobale","All_modes","83"
"2020-03-26","Kikimi","Kimbanseke","1h","Origin_Zone_Resident","Origin_Zone_Worker","ZoneGlobale","All_modes","1618"
"2020-03-26","Kikimi","Kimbanseke","3h","Outside_Resident","Outside_Worker","ZoneGlobale","All_modes","2484"
"2020-03-26","Kikimi","Kimbanseke","3h","Outside_Resident","Destination_Zone_Worker","ZoneGlobale","All_modes","588"
"2020-03-26","Kikimi","Kimbanseke","3h","Outside_Resident","Study_Zone_Worker","ZoneGlobale","All_modes","89"
"2020-03-26","Kikimi","Kimbanseke","3h","Outside_Resident","Origin_Zone_Worker","ZoneGlobale","All_modes","862"
"2020-03-26","Kikimi","Kimbanseke","3h","Destination_Zone_Resident","Outside_Worker","ZoneGlobale","All_modes","393"
"2020-03-26","Kikimi","Kimbanseke","3h","Destination_Zone_Resident","Destination_Zone_Worker","ZoneGlobale","All_modes","3874"
"2020-03-26","Kikimi","Kimbanseke","3h","Destination_Zone_Resident","Study_Zone_Worker","ZoneGlobale","All_modes","359"
"2020-03-26","Kikimi","Kimbanseke","3h","Destination_Zone_Resident","Origin_Zone_Worker","ZoneGlobale","All_modes","1308"
"2020-03-26","Kikimi","Kimbanseke","3h","Study_Zone_Resident","Destination_Zone_Worker","ZoneGlobale","All_modes","88"
"2020-03-26","Kikimi","Kimbanseke","3h","Study_Zone_Resident","Study_Zone_Worker","ZoneGlobale","All_modes","355"
"2020-03-26","Kikimi","Kimbanseke","3h","Study_Zone_Resident","Origin_Zone_Worker","ZoneGlobale","All_modes","123"
"2020-03-26","Kikimi","Kimbanseke","3h","Origin_Zone_Resident","Outside_Worker","ZoneGlobale","All_modes","275"
"2020-03-26","Kikimi","Kimbanseke","3h","Origin_Zone_Resident","Destination_Zone_Worker","ZoneGlobale","All_modes","719"
"2020-03-26","Kikimi","Kimbanseke","3h","Origin_Zone_Resident","Study_Zone_Worker","ZoneGlobale","All_modes","223"
"2020-03-26","Kikimi","Kimbanseke","3h","Origin_Zone_Resident","Origin_Zone_Worker","ZoneGlobale","All_modes","3755"
"2020-03-26","Kikimi","Kingabwa","3h","Outside_Resident","Outside_Worker","ZoneGlobale","All_modes","56"
"2020-03-26","Kikimi","Kingabwa","3h","Outside_Resident","Study_Zone_Worker","ZoneGlobale","All_modes","46"
"2020-03-26","Kikimi","Kingabwa","3h","Study_Zone_Resident","Study_Zone_Worker","ZoneGlobale","All_modes","72"
"2020-03-26","Kikimi","Kingabwa","3h","Origin_Zone_Resident","Origin_Zone_Worker","ZoneGlobale","All_modes","70"
"2020-03-26","Kikimi","Kinshasa","3h","Destination_Zone_Resident","Destination_Zone_Worker","ZoneGlobale","All_modes","49"
"2020-03-26","Kikimi","Kisenso","1h","Outside_Resident","Outside_Worker","ZoneGlobale","All_modes","40"
"2020-03-26","Kikimi","Kisenso","1h","Destination_Zone_Resident","Destination_Zone_Worker","ZoneGlobale","All_modes","129"
"2020-03-26","Kikimi","Kisenso","1h","Destination_Zone_Resident","Study_Zone_Worker","ZoneGlobale","All_modes","22"
"2020-03-26","Kikimi","Kisenso","1h","Study_Zone_Resident","Study_Zone_Worker","ZoneGlobale","All_modes","23"
"2020-03-26","Kikimi","Kisenso","3h","Outside_Resident","Outside_Worker","ZoneGlobale","All_modes","135"
"2020-03-26","Kikimi","Kisenso","3h","Outside_Resident","Study_Zone_Worker","ZoneGlobale","All_modes","35"
"2020-03-26","Kikimi","Kisenso","3h","Destination_Zone_Resident","Destination_Zone_Worker","ZoneGlobale","All_modes","90"
"2020-03-26","Kikimi","Kisenso","3h","Destination_Zone_Resident","Study_Zone_Worker","ZoneGlobale","All_modes","35"
"2020-03-26","Kikimi","Kisenso","3h","Study_Zone_Resident","Study_Zone_Worker","ZoneGlobale","All_modes","26"
"2020-03-26","Kikimi","Kisenso","3h","Origin_Zone_Resident","Destination_Zone_Worker","ZoneGlobale","All_modes","35"
"2020-03-26","Kikimi","Kisenso","3h","Origin_Zone_Resident","Origin_Zone_Worker","ZoneGlobale","All_modes","59"
"2020-03-26","Kikimi","Lemba","1h","Outside_Resident","Outside_Worker","ZoneGlobale","All_modes","62"
"2020-03-26","Kikimi","Lemba","1h","Outside_Resident","Study_Zone_Worker","ZoneGlobale","All_modes","27"
"2020-03-26","Kikimi","Lemba","1h","Destination_Zone_Resident","Destination_Zone_Worker","ZoneGlobale","All_modes","157"
"2020-03-26","Kikimi","Lemba","1h","Destination_Zone_Resident","Origin_Zone_Worker","ZoneGlobale","All_modes","35"
"2020-03-26","Kikimi","Lemba","1h","Study_Zone_Resident","Destination_Zone_Worker","ZoneGlobale","All_modes","26"
"2020-03-26","Kikimi","Lemba","1h","Study_Zone_Resident","Study_Zone_Worker","ZoneGlobale","All_modes","48"
"2020-03-26","Kikimi","Lemba","1h","Origin_Zone_Resident","Origin_Zone_Worker","ZoneGlobale","All_modes","27"
"2020-03-26","Kikimi","Lemba","3h","Outside_Resident","Outside_Worker","ZoneGlobale","All_modes","74"
"2020-03-26","Kikimi","Lemba","3h","Outside_Resident","Study_Zone_Worker","ZoneGlobale","All_modes","22"
"2020-03-26","Kikimi","Lemba","3h","Destination_Zone_Resident","Outside_Worker","ZoneGlobale","All_modes","27"
"2020-03-26","Kikimi","Lemba","3h","Destination_Zone_Resident","Destination_Zone_Worker","ZoneGlobale","All_modes","249"
"2020-03-26","Kikimi","Lemba","3h","Destination_Zone_Resident","Study_Zone_Worker","ZoneGlobale","All_modes","36"
"2020-03-26","Kikimi","Lemba","3h","Destination_Zone_Resident","Origin_Zone_Worker","ZoneGlobale","All_modes","61"
"2020-03-26","Kikimi","Lemba","3h","Study_Zone_Resident","Study_Zone_Worker","ZoneGlobale","All_modes","22"
"2020-03-26","Kikimi","Lemba","3h","Origin_Zone_Resident","Origin_Zone_Worker","ZoneGlobale","All_modes","85"
"2020-03-26","Kikimi","Limete","1h","Destination_Zone_Resident","Destination_Zone_Worker","ZoneGlobale","All_modes","27"
"2020-03-26","Kikimi","Limete","3h","Destination_Zone_Resident","Destination_Zone_Worker","ZoneGlobale","All_modes","40"
"2020-03-26","Kikimi","Makala","3h","Outside_Resident","Outside_Worker","ZoneGlobale","All_modes","37"
"2020-03-26","Kikimi","Makala","3h","Origin_Zone_Resident","Origin_Zone_Worker","ZoneGlobale","All_modes","26"
"2020-03-26","Kikimi","Maluku I","3h","Destination_Zone_Resident","Study_Zone_Worker","ZoneGlobale","All_modes","27"
"2020-03-26","Kikimi","Maluku I","3h","Study_Zone_Resident","Study_Zone_Worker","ZoneGlobale","All_modes","27"
"2020-03-26","Kikimi","Maluku I","3h","Origin_Zone_Resident","Study_Zone_Worker","ZoneGlobale","All_modes","40"
"2020-03-26","Kikimi","Maluku I","3h","Origin_Zone_Resident","Origin_Zone_Worker","ZoneGlobale","All_modes","27"
"2020-03-26","Kikimi","Masina I","1h","Outside_Resident","Outside_Worker","ZoneGlobale","All_modes","56"
"2020-03-26","Kikimi","Masina I","1h","Destination_Zone_Resident","Destination_Zone_Worker","ZoneGlobale","All_modes","171"
"2020-03-26","Kikimi","Masina I","1h","Destination_Zone_Resident","Study_Zone_Worker","ZoneGlobale","All_modes","99"
"2020-03-26","Kikimi","Masina I","1h","Study_Zone_Resident","Study_Zone_Worker","ZoneGlobale","All_modes","56"
"2020-03-26","Kikimi","Masina I","1h","Origin_Zone_Resident","Origin_Zone_Worker","ZoneGlobale","All_modes","44"
"2020-03-26","Kikimi","Masina I","3h","Outside_Resident","Outside_Worker","ZoneGlobale","All_modes","176"
"2020-03-26","Kikimi","Masina I","3h","Outside_Resident","Study_Zone_Worker","ZoneGlobale","All_modes","35"
"2020-03-26","Kikimi","Masina I","3h","Destination_Zone_Resident","Outside_Worker","ZoneGlobale","All_modes","40"
"2020-03-26","Kikimi","Masina I","3h","Destination_Zone_Resident","Destination_Zone_Worker","ZoneGlobale","All_modes","241"
"2020-03-26","Kikimi","Masina I","3h","Destination_Zone_Resident","Study_Zone_Worker","ZoneGlobale","All_modes","111"
"2020-03-26","Kikimi","Masina I","3h","Destination_Zone_Resident","Origin_Zone_Worker","ZoneGlobale","All_modes","54"
"2020-03-26","Kikimi","Masina I","3h","Study_Zone_Resident","Destination_Zone_Worker","ZoneGlobale","All_modes","24"
"2020-03-26","Kikimi","Masina I","3h","Study_Zone_Resident","Study_Zone_Worker","ZoneGlobale","All_modes","49"
"2020-03-26","Kikimi","Masina I","3h","Study_Zone_Resident","Origin_Zone_Worker","ZoneGlobale","All_modes","24"
"2020-03-26","Kikimi","Masina I","3h","Origin_Zone_Resident","Study_Zone_Worker","ZoneGlobale","All_modes","26"
"2020-03-26","Kikimi","Masina I","3h","Origin_Zone_Resident","Origin_Zone_Worker","ZoneGlobale","All_modes","120"
"2020-03-26","Kikimi","Masina II","1h","Outside_Resident","Outside_Worker","ZoneGlobale","All_modes","36"
"2020-03-26","Kikimi","Masina II","1h","Destination_Zone_Resident","Destination_Zone_Worker","ZoneGlobale","All_modes","112"
"2020-03-26","Kikimi","Masina II","1h","Destination_Zone_Resident","Study_Zone_Worker","ZoneGlobale","All_modes","38"
"2020-03-26","Kikimi","Masina II","1h","Study_Zone_Resident","Study_Zone_Worker","ZoneGlobale","All_modes","40"
"2020-03-26","Kikimi","Masina II","1h","Origin_Zone_Resident","Outside_Worker","ZoneGlobale","All_modes","22"
"2020-03-26","Kikimi","Masina II","1h","Origin_Zone_Resident","Origin_Zone_Worker","ZoneGlobale","All_modes","90"
"2020-03-26","Kikimi","Masina II","3h","Outside_Resident","Outside_Worker","ZoneGlobale","All_modes","148"
"2020-03-26","Kikimi","Masina II","3h","Outside_Resident","Destination_Zone_Worker","ZoneGlobale","All_modes","61"
"2020-03-26","Kikimi","Masina II","3h","Outside_Resident","Origin_Zone_Worker","ZoneGlobale","All_modes","108"
"2020-03-26","Kikimi","Masina II","3h","Destination_Zone_Resident","Destination_Zone_Worker","ZoneGlobale","All_modes","116"
"2020-03-26","Kikimi","Masina II","3h","Destination_Zone_Resident","Study_Zone_Worker","ZoneGlobale","All_modes","75"
"2020-03-26","Kikimi","Masina II","3h","Destination_Zone_Resident","Origin_Zone_Worker","ZoneGlobale","All_modes","74"
"2020-03-26","Kikimi","Masina II","3h","Study_Zone_Resident","Destination_Zone_Worker","ZoneGlobale","All_modes","26"
"2020-03-26","Kikimi","Masina II","3h","Study_Zone_Resident","Study_Zone_Worker","ZoneGlobale","All_modes","85"
"2020-03-26","Kikimi","Masina II","3h","Study_Zone_Resident","Origin_Zone_Worker","ZoneGlobale","All_modes","40"
"2020-03-26","Kikimi","Masina II","3h","Origin_Zone_Resident","Outside_Worker","ZoneGlobale","All_modes","27"
"2020-03-26","Kikimi","Masina II","3h","Origin_Zone_Resident","Origin_Zone_Worker","ZoneGlobale","All_modes","311"
"2020-03-26","Kikimi","Matete","1h","Destination_Zone_Resident","Destination_Zone_Worker","ZoneGlobale","All_modes","36"
"2020-03-26","Kikimi","Matete","1h","Origin_Zone_Resident","Origin_Zone_Worker","ZoneGlobale","All_modes","27"
"2020-03-26","Kikimi","Matete","3h","Outside_Resident","Outside_Worker","ZoneGlobale","All_modes","45"
"2020-03-26","Kikimi","Matete","3h","Study_Zone_Resident","Outside_Worker","ZoneGlobale","All_modes","27"
"2020-03-26","Kikimi","Matete","3h","Origin_Zone_Resident","Origin_Zone_Worker","ZoneGlobale","All_modes","27"
"2020-03-26","Kikimi","Mont Ngafula I","1h","Outside_Resident","Outside_Worker","ZoneGlobale","All_modes","49"
"2020-03-26","Kikimi","Mont Ngafula I","1h","Outside_Resident","Destination_Zone_Worker","ZoneGlobale","All_modes","24"
"2020-03-26","Kikimi","Mont Ngafula I","1h","Destination_Zone_Resident","Outside_Worker","ZoneGlobale","All_modes","23"
"2020-03-26","Kikimi","Mont Ngafula I","1h","Destination_Zone_Resident","Destination_Zone_Worker","ZoneGlobale","All_modes","83"
"2020-03-26","Kikimi","Mont Ngafula I","1h","Origin_Zone_Resident","Origin_Zone_Worker","ZoneGlobale","All_modes","45"
"2020-03-26","Kikimi","Mont Ngafula I","3h","Outside_Resident","Outside_Worker","ZoneGlobale","All_modes","148"
"2020-03-26","Kikimi","Mont Ngafula I","3h","Outside_Resident","Destination_Zone_Worker","ZoneGlobale","All_modes","35"
"2020-03-26","Kikimi","Mont Ngafula I","3h","Outside_Resident","Origin_Zone_Worker","ZoneGlobale","All_modes","31"
"2020-03-26","Kikimi","Mont Ngafula I","3h","Destination_Zone_Resident","Outside_Worker","ZoneGlobale","All_modes","35"
"2020-03-26","Kikimi","Mont Ngafula I","3h","Destination_Zone_Resident","Destination_Zone_Worker","ZoneGlobale","All_modes","75"
"2020-03-26","Kikimi","Mont Ngafula I","3h","Destination_Zone_Resident","Origin_Zone_Worker","ZoneGlobale","All_modes","38"
"2020-03-26","Kikimi","Mont Ngafula I","3h","Study_Zone_Resident","Study_Zone_Worker","ZoneGlobale","All_modes","40"
"2020-03-26","Kikimi","Mont Ngafula I","3h","Origin_Zone_Resident","Origin_Zone_Worker","ZoneGlobale","All_modes","95"
"2020-03-26","Kikimi","Mont Ngafula II","1h","Destination_Zone_Resident","Destination_Zone_Worker","ZoneGlobale","All_modes","45"
"2020-03-26","Kikimi","Mont Ngafula II","1h","Destination_Zone_Resident","Study_Zone_Worker","ZoneGlobale","All_modes","24"
"2020-03-26","Kikimi","Mont Ngafula II","3h","Destination_Zone_Resident","Destination_Zone_Worker","ZoneGlobale","All_modes","51"
"2020-03-26","Kikimi","Mont Ngafula II","3h","Study_Zone_Resident","Study_Zone_Worker","ZoneGlobale","All_modes","23"
"2020-03-26","Kikimi","Mont Ngafula II","3h","Origin_Zone_Resident","Destination_Zone_Worker","ZoneGlobale","All_modes","24"
"2020-03-26","Kikimi","Ndjili","1h","Outside_Resident","Outside_Worker","ZoneGlobale","All_modes","147"
"2020-03-26","Kikimi","Ndjili","1h","Outside_Resident","Destination_Zone_Worker","ZoneGlobale","All_modes","22"
"2020-03-26","Kikimi","Ndjili","1h","Outside_Resident","Study_Zone_Worker","ZoneGlobale","All_modes","33"
"2020-03-26","Kikimi","Ndjili","1h","Destination_Zone_Resident","Outside_Worker","ZoneGlobale","All_modes","26"
"2020-03-26","Kikimi","Ndjili","1h","Destination_Zone_Resident","Destination_Zone_Worker","ZoneGlobale","All_modes","205"
"2020-03-26","Kikimi","Ndjili","1h","Destination_Zone_Resident","Study_Zone_Worker","ZoneGlobale","All_modes","24"
"2020-03-26","Kikimi","Ndjili","1h","Study_Zone_Resident","Study_Zone_Worker","ZoneGlobale","All_modes","50"
"2020-03-26","Kikimi","Ndjili","1h","Origin_Zone_Resident","Destination_Zone_Worker","ZoneGlobale","All_modes","39"
"2020-03-26","Kikimi","Ndjili","1h","Origin_Zone_Resident","Origin_Zone_Worker","ZoneGlobale","All_modes","177"
"2020-03-26","Kikimi","Ndjili","3h","Outside_Resident","Outside_Worker","ZoneGlobale","All_modes","443"
"2020-03-26","Kikimi","Ndjili","3h","Outside_Resident","Study_Zone_Worker","ZoneGlobale","All_modes","27"
"2020-03-26","Kikimi","Ndjili","3h","Outside_Resident","Origin_Zone_Worker","ZoneGlobale","All_modes","130"
"2020-03-26","Kikimi","Ndjili","3h","Destination_Zone_Resident","Destination_Zone_Worker","ZoneGlobale","All_modes","238"
"2020-03-26","Kikimi","Ndjili","3h","Destination_Zone_Resident","Study_Zone_Worker","ZoneGlobale","All_modes","82"
"2020-03-26","Kikimi","Ndjili","3h","Destination_Zone_Resident","Origin_Zone_Worker","ZoneGlobale","All_modes","90"
"2020-03-26","Kikimi","Ndjili","3h","Study_Zone_Resident","Study_Zone_Worker","ZoneGlobale","All_modes","257"
"2020-03-26","Kikimi","Ndjili","3h","Study_Zone_Resident","Origin_Zone_Worker","ZoneGlobale","All_modes","27"
"2020-03-26","Kikimi","Ndjili","3h","Origin_Zone_Resident","Destination_Zone_Worker","ZoneGlobale","All_modes","26"
"2020-03-26","Kikimi","Ndjili","3h","Origin_Zone_Resident","Study_Zone_Worker","ZoneGlobale","All_modes","53"
"2020-03-26","Kikimi","Ndjili","3h","Origin_Zone_Resident","Origin_Zone_Worker","ZoneGlobale","All_modes","300"
"2020-03-26","Kikimi","Ngiri-Ngiri","3h","Destination_Zone_Resident","Destination_Zone_Worker","ZoneGlobale","All_modes","27"
"2020-03-26","Kikimi","Nsele","1h","Outside_Resident","Outside_Worker","ZoneGlobale","All_modes","258"
"2020-03-26","Kikimi","Nsele","1h","Outside_Resident","Destination_Zone_Worker","ZoneGlobale","All_modes","65"
"2020-03-26","Kikimi","Nsele","1h","Outside_Resident","Origin_Zone_Worker","ZoneGlobale","All_modes","61"
"2020-03-26","Kikimi","Nsele","1h","Destination_Zone_Resident","Outside_Worker","ZoneGlobale","All_modes","59"
"2020-03-26","Kikimi","Nsele","1h","Destination_Zone_Resident","Destination_Zone_Worker","ZoneGlobale","All_modes","744"
"2020-03-26","Kikimi","Nsele","1h","Destination_Zone_Resident","Study_Zone_Worker","ZoneGlobale","All_modes","71"
"2020-03-26","Kikimi","Nsele","1h","Destination_Zone_Resident","Origin_Zone_Worker","ZoneGlobale","All_modes","228"
"2020-03-26","Kikimi","Nsele","1h","Study_Zone_Resident","Destination_Zone_Worker","ZoneGlobale","All_modes","35"
"2020-03-26","Kikimi","Nsele","1h","Study_Zone_Resident","Study_Zone_Worker","ZoneGlobale","All_modes","147"
"2020-03-26","Kikimi","Nsele","1h","Origin_Zone_Resident","Outside_Worker","ZoneGlobale","All_modes","77"
"2020-03-26","Kikimi","Nsele","1h","Origin_Zone_Resident","Destination_Zone_Worker","ZoneGlobale","All_modes","60"
"2020-03-26","Kikimi","Nsele","1h","Origin_Zone_Resident","Study_Zone_Worker","ZoneGlobale","All_modes","94"
"2020-03-26","Kikimi","Nsele","1h","Origin_Zone_Resident","Origin_Zone_Worker","ZoneGlobale","All_modes","414"
"2020-03-26","Kikimi","Nsele","3h","Outside_Resident","Outside_Worker","ZoneGlobale","All_modes","829"
"2020-03-26","Kikimi","Nsele","3h","Outside_Resident","Destination_Zone_Worker","ZoneGlobale","All_modes","205"
"2020-03-26","Kikimi","Nsele","3h","Outside_Resident","Study_Zone_Worker","ZoneGlobale","All_modes","73"
"2020-03-26","Kikimi","Nsele","3h","Outside_Resident","Origin_Zone_Worker","ZoneGlobale","All_modes","350"
"2020-03-26","Kikimi","Nsele","3h","Destination_Zone_Resident","Outside_Worker","ZoneGlobale","All_modes","69"
"2020-03-26","Kikimi","Nsele","3h","Destination_Zone_Resident","Destination_Zone_Worker","ZoneGlobale","All_modes","817"
"2020-03-26","Kikimi","Nsele","3h","Destination_Zone_Resident","Study_Zone_Worker","ZoneGlobale","All_modes","68"
"2020-03-26","Kikimi","Nsele","3h","Destination_Zone_Resident","Origin_Zone_Worker","ZoneGlobale","All_modes","473"
"2020-03-26","Kikimi","Nsele","3h","Study_Zone_Resident","Destination_Zone_Worker","ZoneGlobale","All_modes","48"
"2020-03-26","Kikimi","Nsele","3h","Study_Zone_Resident","Study_Zone_Worker","ZoneGlobale","All_modes","252"
"2020-03-26","Kikimi","Nsele","3h","Study_Zone_Resident","Origin_Zone_Worker","ZoneGlobale","All_modes","33"
"2020-03-26","Kikimi","Nsele","3h","Origin_Zone_Resident","Outside_Worker","ZoneGlobale","All_modes","165"
"2020-03-26","Kikimi","Nsele","3h","Origin_Zone_Resident","Destination_Zone_Worker","ZoneGlobale","All_modes","138"
"2020-03-26","Kikimi","Nsele","3h","Origin_Zone_Resident","Study_Zone_Worker","ZoneGlobale","All_modes","90"
"2020-03-26","Kikimi","Nsele","3h","Origin_Zone_Resident","Origin_Zone_Worker","ZoneGlobale","All_modes","1256"
"2020-03-26","Kikimi","Selembao","3h","Destination_Zone_Resident","Destination_Zone_Worker","ZoneGlobale","All_modes","27"
"2020-03-26","Kikimi","Sona-Bata","3h","Study_Zone_Resident","Study_Zone_Worker","ZoneGlobale","All_modes","40"
"2020-03-26","Kikongo","Bolobo","1h","Outside_Resident","Outside_Worker","ZoneGlobale","All_modes","2177"
"2020-03-26","Kikongo","Bolobo","1h","Destination_Zone_Resident","Outside_Worker","ZoneGlobale","All_modes","355"
"2020-03-26","Kikongo","Bolobo","1h","Destination_Zone_Resident","Destination_Zone_Worker","ZoneGlobale","All_modes","3200"
"2020-03-26","Kikongo","Bolobo","1h","Destination_Zone_Resident","Origin_Zone_Worker","ZoneGlobale","All_modes","711"
"2020-03-26","Kikongo","Bolobo","1h","Origin_Zone_Resident","Outside_Worker","ZoneGlobale","All_modes","355"
"2020-03-26","Kikongo","Bolobo","1h","Origin_Zone_Resident","Origin_Zone_Worker","ZoneGlobale","All_modes","2489"
"2020-03-26","Kikongo","Bolobo","3h","Outside_Resident","Outside_Worker","ZoneGlobale","All_modes","1777"
"2020-03-26","Kikongo","Bolobo","3h","Outside_Resident","Origin_Zone_Worker","ZoneGlobale","All_modes","1066"
"2020-03-26","Kikongo","Bolobo","3h","Destination_Zone_Resident","Destination_Zone_Worker","ZoneGlobale","All_modes","3909"
"2020-03-26","Kikongo","Bolobo","3h","Destination_Zone_Resident","Origin_Zone_Worker","ZoneGlobale","All_modes","2488"
"2020-03-26","Kikongo","Bolobo","3h","Study_Zone_Resident","Study_Zone_Worker","ZoneGlobale","All_modes","369"
"2020-03-26","Kikongo","Bolobo","3h","Study_Zone_Resident","Origin_Zone_Worker","ZoneGlobale","All_modes","355"
"2020-03-26","Kikongo","Bolobo","3h","Origin_Zone_Resident","Outside_Worker","ZoneGlobale","All_modes","710"
"2020-03-26","Kikongo","Bolobo","3h","Origin_Zone_Resident","Origin_Zone_Worker","ZoneGlobale","All_modes","3909"
"2020-03-26","Kikongo","Kenge","1h","Outside_Resident","Outside_Worker","ZoneGlobale","All_modes","355"
"2020-03-26","Kikongo","Nioki","1h","Outside_Resident","Outside_Worker","ZoneGlobale","All_modes","2133"
"2020-03-26","Kikongo","Nioki","1h","Outside_Resident","Study_Zone_Worker","ZoneGlobale","All_modes","355"
"2020-03-26","Kikongo","Nioki","1h","Destination_Zone_Resident","Destination_Zone_Worker","ZoneGlobale","All_modes","1777"
"2020-03-26","Kikongo","Nioki","1h","Destination_Zone_Resident","Study_Zone_Worker","ZoneGlobale","All_modes","355"
"2020-03-26","Kikongo","Nioki","1h","Destination_Zone_Resident","Origin_Zone_Worker","ZoneGlobale","All_modes","1422"
"2020-03-26","Kikongo","Nioki","1h","Study_Zone_Resident","Study_Zone_Worker","ZoneGlobale","All_modes","1080"
"2020-03-26","Kikongo","Nioki","1h","Study_Zone_Resident","Origin_Zone_Worker","ZoneGlobale","All_modes","355"
"2020-03-26","Kikongo","Nioki","1h","Origin_Zone_Resident","Outside_Worker","ZoneGlobale","All_modes","355"
"2020-03-26","Kikongo","Nioki","1h","Origin_Zone_Resident","Origin_Zone_Worker","ZoneGlobale","All_modes","1778"
"2020-03-26","Kikongo","Nioki","3h","Outside_Resident","Outside_Worker","ZoneGlobale","All_modes","4620"
"2020-03-26","Kikongo","Nioki","3h","Outside_Resident","Destination_Zone_Worker","ZoneGlobale","All_modes","355"
"2020-03-26","Kikongo","Nioki","3h","Outside_Resident","Study_Zone_Worker","ZoneGlobale","All_modes","1066"
"2020-03-26","Kikongo","Nioki","3h","Outside_Resident","Origin_Zone_Worker","ZoneGlobale","All_modes","1777"
"2020-03-26","Kikongo","Nioki","3h","Destination_Zone_Resident","Destination_Zone_Worker","ZoneGlobale","All_modes","3554"
"2020-03-26","Kikongo","Nioki","3h","Destination_Zone_Resident","Study_Zone_Worker","ZoneGlobale","All_modes","355"
"2020-03-26","Kikongo","Nioki","3h","Destination_Zone_Resident","Origin_Zone_Worker","ZoneGlobale","All_modes","3198"
"2020-03-26","Kikongo","Nioki","3h","Study_Zone_Resident","Outside_Worker","ZoneGlobale","All_modes","355"
"2020-03-26","Kikongo","Nioki","3h","Study_Zone_Resident","Study_Zone_Worker","ZoneGlobale","All_modes","1066"
"2020-03-26","Kikongo","Nioki","3h","Study_Zone_Resident","Origin_Zone_Worker","ZoneGlobale","All_modes","355"
"2020-03-26","Kikongo","Nioki","3h","Origin_Zone_Resident","Outside_Worker","ZoneGlobale","All_modes","710"
"2020-03-26","Kikongo","Nioki","3h","Origin_Zone_Resident","Destination_Zone_Worker","ZoneGlobale","All_modes","355"
"2020-03-26","Kikongo","Nioki","3h","Origin_Zone_Resident","Origin_Zone_Worker","ZoneGlobale","All_modes","4620"
"2020-03-26","Kikongo","Vanga","3h","Outside_Resident","Study_Zone_Worker","ZoneGlobale","All_modes","355"
"2020-03-26","Kikula","Bunkeya","1h","Outside_Resident","Outside_Worker","ZoneGlobale","All_modes","35"
"2020-03-26","Kikula","Bunkeya","1h","Outside_Resident","Destination_Zone_Worker","ZoneGlobale","All_modes","35"
"2020-03-26","Kikula","Bunkeya","1h","Outside_Resident","Origin_Zone_Worker","ZoneGlobale","All_modes","35"
"2020-03-26","Kikula","Bunkeya","1h","Destination_Zone_Resident","Destination_Zone_Worker","ZoneGlobale","All_modes","71"
"2020-03-26","Kikula","Bunkeya","1h","Origin_Zone_Resident","Origin_Zone_Worker","ZoneGlobale","All_modes","35"
"2020-03-26","Kikula","Bunkeya","3h","Outside_Resident","Outside_Worker","ZoneGlobale","All_modes","142"
"2020-03-26","Kikula","Bunkeya","3h","Outside_Resident","Origin_Zone_Worker","ZoneGlobale","All_modes","35"
"2020-03-26","Kikula","Bunkeya","3h","Destination_Zone_Resident","Destination_Zone_Worker","ZoneGlobale","All_modes","213"
"2020-03-26","Kikula","Bunkeya","3h","Destination_Zone_Resident","Study_Zone_Worker","ZoneGlobale","All_modes","35"
"2020-03-26","Kikula","Bunkeya","3h","Destination_Zone_Resident","Origin_Zone_Worker","ZoneGlobale","All_modes","71"
"2020-03-26","Kikula","Bunkeya","3h","Study_Zone_Resident","Study_Zone_Worker","ZoneGlobale","All_modes","35"
"2020-03-26","Kikula","Bunkeya","3h","Origin_Zone_Resident","Destination_Zone_Worker","ZoneGlobale","All_modes","71"
"2020-03-26","Kikula","Bunkeya","3h","Origin_Zone_Resident","Origin_Zone_Worker","ZoneGlobale","All_modes","142"
"2020-03-26","Kikula","Kapolowe","1h","Destination_Zone_Resident","Destination_Zone_Worker","ZoneGlobale","All_modes","21"
"2020-03-26","Kikula","Kapolowe","1h","Origin_Zone_Resident","Origin_Zone_Worker","ZoneGlobale","All_modes","35"
"2020-03-26","Kikula","Kapolowe","3h","Outside_Resident","Outside_Worker","ZoneGlobale","All_modes","35"
"2020-03-26","Kikula","Kapolowe","3h","Outside_Resident","Origin_Zone_Worker","ZoneGlobale","All_modes","35"
"2020-03-26","Kikula","Kapolowe","3h","Origin_Zone_Resident","Origin_Zone_Worker","ZoneGlobale","All_modes","178"
"2020-03-26","Kikula","Kashobwe","1h","Outside_Resident","Outside_Worker","ZoneGlobale","All_modes","106"
"2020-03-26","Kikula","Kashobwe","1h","Outside_Resident","Destination_Zone_Worker","ZoneGlobale","All_modes","35"
"2020-03-26","Kikula","Kashobwe","1h","Destination_Zone_Resident","Outside_Worker","ZoneGlobale","All_modes","35"
"2020-03-26","Kikula","Kashobwe","3h","Outside_Resident","Outside_Worker","ZoneGlobale","All_modes","71"
"2020-03-26","Kikula","Kashobwe","3h","Outside_Resident","Destination_Zone_Worker","ZoneGlobale","All_modes","35"
"2020-03-26","Kikula","Kashobwe","3h","Destination_Zone_Resident","Destination_Zone_Worker","ZoneGlobale","All_modes","71"
"2020-03-26","Kikula","Kashobwe","3h","Destination_Zone_Resident","Origin_Zone_Worker","ZoneGlobale","All_modes","35"
"2020-03-26","Kikula","Kashobwe","3h","Origin_Zone_Resident","Origin_Zone_Worker","ZoneGlobale","All_modes","35"
"2020-03-26","Kikula","Kipushi","3h","Origin_Zone_Resident","Origin_Zone_Worker","ZoneGlobale","All_modes","35"
"2020-03-26","Kikula","Likasi","1h","Destination_Zone_Resident","Origin_Zone_Worker","ZoneGlobale","All_modes","71"
"2020-03-26","Kikula","Likasi","1h","Origin_Zone_Resident","Origin_Zone_Worker","ZoneGlobale","All_modes","35"
"2020-03-26","Kikula","Likasi","3h","Destination_Zone_Resident","Destination_Zone_Worker","ZoneGlobale","All_modes","71"
"2020-03-26","Kikula","Likasi","3h","Destination_Zone_Resident","Origin_Zone_Worker","ZoneGlobale","All_modes","35"
"2020-03-26","Kikula","Likasi","3h","Origin_Zone_Resident","Origin_Zone_Worker","ZoneGlobale","All_modes","106"
"2020-03-26","Kikula","Lubumbashi","1h","Study_Zone_Resident","Study_Zone_Worker","ZoneGlobale","All_modes","35"
"2020-03-26","Kikula","Lubumbashi","3h","Outside_Resident","Outside_Worker","ZoneGlobale","All_modes","35"
"2020-03-26","Kikula","Lubumbashi","3h","Study_Zone_Resident","Study_Zone_Worker","ZoneGlobale","All_modes","35"
"2020-03-26","Kikula","Lubumbashi","3h","Origin_Zone_Resident","Origin_Zone_Worker","ZoneGlobale","All_modes","71"
"2020-03-26","Kikula","Rwashi","1h","Outside_Resident","Destination_Zone_Worker","ZoneGlobale","All_modes","35"
"2020-03-26","Kikula","Rwashi","1h","Destination_Zone_Resident","Study_Zone_Worker","ZoneGlobale","All_modes","35"
"2020-03-26","Kikula","Rwashi","3h","Destination_Zone_Resident","Destination_Zone_Worker","ZoneGlobale","All_modes","35"
"2020-03-26","Kikula","Rwashi","3h","Study_Zone_Resident","Destination_Zone_Worker","ZoneGlobale","All_modes","35"
"2020-03-26","Kikwit-Sud","Feshi","1h","Outside_Resident","Outside_Worker","ZoneGlobale","All_modes","355"
"2020-03-26","Kikwit-Sud","Gungu","1h","Destination_Zone_Resident","Destination_Zone_Worker","ZoneGlobale","All_modes","355"
"2020-03-26","Kikwit-Sud","Gungu","3h","Destination_Zone_Resident","Destination_Zone_Worker","ZoneGlobale","All_modes","355"
"2020-03-26","Kikwit-Sud","Idiofa","1h","Destination_Zone_Resident","Destination_Zone_Worker","ZoneGlobale","All_modes","355"
"2020-03-26","Kikwit-Sud","Kamonia","1h","Destination_Zone_Resident","Origin_Zone_Worker","ZoneGlobale","All_modes","308"
"2020-03-26","Kikwit-Sud","Kamonia","3h","Outside_Resident","Origin_Zone_Worker","ZoneGlobale","All_modes","305"
"2020-03-26","Kikwit-Sud","Kamonia","3h","Destination_Zone_Resident","Destination_Zone_Worker","ZoneGlobale","All_modes","305"
"2020-03-26","Kikwit-Sud","Kamonia","3h","Destination_Zone_Resident","Origin_Zone_Worker","ZoneGlobale","All_modes","305"
"2020-03-26","Kikwit-Sud","Kamonia","3h","Origin_Zone_Resident","Origin_Zone_Worker","ZoneGlobale","All_modes","355"
"2020-03-26","Kikwit-Sud","Lwamba","3h","Study_Zone_Resident","Outside_Worker","ZoneGlobale","All_modes","355"
"2020-03-26","Kikwit-Sud","Tshikapa","3h","Study_Zone_Resident","Study_Zone_Worker","ZoneGlobale","All_modes","48"
"2020-03-26","Kikwit-Sud","Vanga","1h","Outside_Resident","Outside_Worker","ZoneGlobale","All_modes","355"
"2020-03-26","Kikwit-Sud","Vanga","1h","Outside_Resident","Study_Zone_Worker","ZoneGlobale","All_modes","355"
"2020-03-26","Kikwit-Sud","Vanga","3h","Outside_Resident","Outside_Worker","ZoneGlobale","All_modes","355"
"2020-03-26","Kikwit-Sud","Vanga","3h","Outside_Resident","Destination_Zone_Worker","ZoneGlobale","All_modes","355"
"2020-03-26","Kikwit-Sud","Vanga","3h","Outside_Resident","Study_Zone_Worker","ZoneGlobale","All_modes","355"
"2020-03-26","Kikwit-Sud","Vanga","3h","Origin_Zone_Resident","Outside_Worker","ZoneGlobale","All_modes","355"
"2020-03-26","Kikwit-Sud","Vanga","3h","Origin_Zone_Resident","Origin_Zone_Worker","ZoneGlobale","All_modes","2488"
"2020-03-26","Kilwa","Pweto","1h","Outside_Resident","Outside_Worker","ZoneGlobale","All_modes","71"
"2020-03-26","Kilwa","Pweto","1h","Destination_Zone_Resident","Destination_Zone_Worker","ZoneGlobale","All_modes","106"
"2020-03-26","Kilwa","Pweto","3h","Outside_Resident","Outside_Worker","ZoneGlobale","All_modes","35"
"2020-03-26","Kilwa","Pweto","3h","Destination_Zone_Resident","Destination_Zone_Worker","ZoneGlobale","All_modes","106"
"2020-03-26","Kimbanseke","Barumbu","1h","Outside_Resident","Outside_Worker","ZoneGlobale","All_modes","35"
"2020-03-26","Kimbanseke","Barumbu","1h","Destination_Zone_Resident","Destination_Zone_Worker","ZoneGlobale","All_modes","32"
"2020-03-26","Kimbanseke","Barumbu","3h","Outside_Resident","Outside_Worker","ZoneGlobale","All_modes","36"
"2020-03-26","Kimbanseke","Barumbu","3h","Destination_Zone_Resident","Destination_Zone_Worker","ZoneGlobale","All_modes","50"
"2020-03-26","Kimbanseke","Binza Meteo","1h","Destination_Zone_Resident","Destination_Zone_Worker","ZoneGlobale","All_modes","36"
"2020-03-26","Kimbanseke","Binza Meteo","3h","Destination_Zone_Resident","Destination_Zone_Worker","ZoneGlobale","All_modes","39"
"2020-03-26","Kimbanseke","Binza Meteo","3h","Destination_Zone_Resident","Origin_Zone_Worker","ZoneGlobale","All_modes","22"
"2020-03-26","Kimbanseke","Bumbu","3h","Outside_Resident","Outside_Worker","ZoneGlobale","All_modes","42"
"2020-03-26","Kimbanseke","Bumbu","3h","Destination_Zone_Resident","Destination_Zone_Worker","ZoneGlobale","All_modes","22"
"2020-03-26","Kimbanseke","Bumbu","3h","Destination_Zone_Resident","Study_Zone_Worker","ZoneGlobale","All_modes","35"
"2020-03-26","Kimbanseke","Gombe","3h","Origin_Zone_Resident","Origin_Zone_Worker","ZoneGlobale","All_modes","21"
"2020-03-26","Kimbanseke","Kalamu I","1h","Destination_Zone_Resident","Destination_Zone_Worker","ZoneGlobale","All_modes","67"
"2020-03-26","Kimbanseke","Kalamu I","1h","Origin_Zone_Resident","Origin_Zone_Worker","ZoneGlobale","All_modes","30"
"2020-03-26","Kimbanseke","Kalamu I","3h","Outside_Resident","Outside_Worker","ZoneGlobale","All_modes","39"
"2020-03-26","Kimbanseke","Kalamu I","3h","Destination_Zone_Resident","Destination_Zone_Worker","ZoneGlobale","All_modes","108"
"2020-03-26","Kimbanseke","Kalamu I","3h","Destination_Zone_Resident","Study_Zone_Worker","ZoneGlobale","All_modes","24"
"2020-03-26","Kimbanseke","Kalamu I","3h","Destination_Zone_Resident","Origin_Zone_Worker","ZoneGlobale","All_modes","22"
"2020-03-26","Kimbanseke","Kalamu I","3h","Study_Zone_Resident","Study_Zone_Worker","ZoneGlobale","All_modes","53"
"2020-03-26","Kimbanseke","Kalamu II","1h","Destination_Zone_Resident","Destination_Zone_Worker","ZoneGlobale","All_modes","55"
"2020-03-26","Kimbanseke","Kalamu II","3h","Outside_Resident","Outside_Worker","ZoneGlobale","All_modes","26"
"2020-03-26","Kimbanseke","Kalamu II","3h","Outside_Resident","Study_Zone_Worker","ZoneGlobale","All_modes","24"
"2020-03-26","Kimbanseke","Kalamu II","3h","Destination_Zone_Resident","Destination_Zone_Worker","ZoneGlobale","All_modes","87"
"2020-03-26","Kimbanseke","Kalamu II","3h","Study_Zone_Resident","Study_Zone_Worker","ZoneGlobale","All_modes","40"
"2020-03-26","Kimbanseke","Kalamu II","3h","Origin_Zone_Resident","Origin_Zone_Worker","ZoneGlobale","All_modes","35"
"2020-03-26","Kimbanseke","Kasa-Vubu","1h","Destination_Zone_Resident","Destination_Zone_Worker","ZoneGlobale","All_modes","52"
"2020-03-26","Kimbanseke","Kasa-Vubu","3h","Outside_Resident","Outside_Worker","ZoneGlobale","All_modes","23"
"2020-03-26","Kimbanseke","Kasa-Vubu","3h","Destination_Zone_Resident","Destination_Zone_Worker","ZoneGlobale","All_modes","49"
"2020-03-26","Kimbanseke","Kasa-Vubu","3h","Destination_Zone_Resident","Study_Zone_Worker","ZoneGlobale","All_modes","36"
"2020-03-26","Kimbanseke","Kasa-Vubu","3h","Study_Zone_Resident","Study_Zone_Worker","ZoneGlobale","All_modes","38"
"2020-03-26","Kimbanseke","Kasa-Vubu","3h","Origin_Zone_Resident","Origin_Zone_Worker","ZoneGlobale","All_modes","23"
"2020-03-26","Kimbanseke","Kikimi","1h","Outside_Resident","Outside_Worker","ZoneGlobale","All_modes","1570"
"2020-03-26","Kimbanseke","Kikimi","1h","Outside_Resident","Destination_Zone_Worker","ZoneGlobale","All_modes","221"
"2020-03-26","Kimbanseke","Kikimi","1h","Outside_Resident","Study_Zone_Worker","ZoneGlobale","All_modes","122"
"2020-03-26","Kimbanseke","Kikimi","1h","Outside_Resident","Origin_Zone_Worker","ZoneGlobale","All_modes","298"
"2020-03-26","Kimbanseke","Kikimi","1h","Destination_Zone_Resident","Outside_Worker","ZoneGlobale","All_modes","371"
"2020-03-26","Kimbanseke","Kikimi","1h","Destination_Zone_Resident","Destination_Zone_Worker","ZoneGlobale","All_modes","3298"
"2020-03-26","Kimbanseke","Kikimi","1h","Destination_Zone_Resident","Study_Zone_Worker","ZoneGlobale","All_modes","425"
"2020-03-26","Kimbanseke","Kikimi","1h","Destination_Zone_Resident","Origin_Zone_Worker","ZoneGlobale","All_modes","1476"
"2020-03-26","Kimbanseke","Kikimi","1h","Study_Zone_Resident","Outside_Worker","ZoneGlobale","All_modes","40"
"2020-03-26","Kimbanseke","Kikimi","1h","Study_Zone_Resident","Destination_Zone_Worker","ZoneGlobale","All_modes","24"
"2020-03-26","Kimbanseke","Kikimi","1h","Study_Zone_Resident","Study_Zone_Worker","ZoneGlobale","All_modes","292"
"2020-03-26","Kimbanseke","Kikimi","1h","Study_Zone_Resident","Origin_Zone_Worker","ZoneGlobale","All_modes","71"
"2020-03-26","Kimbanseke","Kikimi","1h","Origin_Zone_Resident","Outside_Worker","ZoneGlobale","All_modes","170"
"2020-03-26","Kimbanseke","Kikimi","1h","Origin_Zone_Resident","Destination_Zone_Worker","ZoneGlobale","All_modes","233"
"2020-03-26","Kimbanseke","Kikimi","1h","Origin_Zone_Resident","Study_Zone_Worker","ZoneGlobale","All_modes","190"
"2020-03-26","Kimbanseke","Kikimi","1h","Origin_Zone_Resident","Origin_Zone_Worker","ZoneGlobale","All_modes","1823"
"2020-03-26","Kimbanseke","Kikimi","3h","Outside_Resident","Outside_Worker","ZoneGlobale","All_modes","3092"
"2020-03-26","Kimbanseke","Kikimi","3h","Outside_Resident","Destination_Zone_Worker","ZoneGlobale","All_modes","630"
"2020-03-26","Kimbanseke","Kikimi","3h","Outside_Resident","Study_Zone_Worker","ZoneGlobale","All_modes","244"
"2020-03-26","Kimbanseke","Kikimi","3h","Outside_Resident","Origin_Zone_Worker","ZoneGlobale","All_modes","977"
"2020-03-26","Kimbanseke","Kikimi","3h","Destination_Zone_Resident","Outside_Worker","ZoneGlobale","All_modes","465"
"2020-03-26","Kimbanseke","Kikimi","3h","Destination_Zone_Resident","Destination_Zone_Worker","ZoneGlobale","All_modes","4079"
"2020-03-26","Kimbanseke","Kikimi","3h","Destination_Zone_Resident","Study_Zone_Worker","ZoneGlobale","All_modes","649"
"2020-03-26","Kimbanseke","Kikimi","3h","Destination_Zone_Resident","Origin_Zone_Worker","ZoneGlobale","All_modes","2757"
"2020-03-26","Kimbanseke","Kikimi","3h","Study_Zone_Resident","Outside_Worker","ZoneGlobale","All_modes","73"
"2020-03-26","Kimbanseke","Kikimi","3h","Study_Zone_Resident","Destination_Zone_Worker","ZoneGlobale","All_modes","69"
"2020-03-26","Kimbanseke","Kikimi","3h","Study_Zone_Resident","Study_Zone_Worker","ZoneGlobale","All_modes","341"
"2020-03-26","Kimbanseke","Kikimi","3h","Study_Zone_Resident","Origin_Zone_Worker","ZoneGlobale","All_modes","78"
"2020-03-26","Kimbanseke","Kikimi","3h","Origin_Zone_Resident","Outside_Worker","ZoneGlobale","All_modes","294"
"2020-03-26","Kimbanseke","Kikimi","3h","Origin_Zone_Resident","Destination_Zone_Worker","ZoneGlobale","All_modes","515"
"2020-03-26","Kimbanseke","Kikimi","3h","Origin_Zone_Resident","Study_Zone_Worker","ZoneGlobale","All_modes","213"
"2020-03-26","Kimbanseke","Kikimi","3h","Origin_Zone_Resident","Origin_Zone_Worker","ZoneGlobale","All_modes","4181"
"2020-03-26","Kimbanseke","Kingabwa","1h","Outside_Resident","Outside_Worker","ZoneGlobale","All_modes","70"
"2020-03-26","Kimbanseke","Kingabwa","1h","Destination_Zone_Resident","Destination_Zone_Worker","ZoneGlobale","All_modes","83"
"2020-03-26","Kimbanseke","Kingabwa","1h","Study_Zone_Resident","Study_Zone_Worker","ZoneGlobale","All_modes","40"
"2020-03-26","Kimbanseke","Kingabwa","3h","Outside_Resident","Outside_Worker","ZoneGlobale","All_modes","131"
"2020-03-26","Kimbanseke","Kingabwa","3h","Outside_Resident","Study_Zone_Worker","ZoneGlobale","All_modes","29"
"2020-03-26","Kimbanseke","Kingabwa","3h","Outside_Resident","Origin_Zone_Worker","ZoneGlobale","All_modes","33"
"2020-03-26","Kimbanseke","Kingabwa","3h","Destination_Zone_Resident","Outside_Worker","ZoneGlobale","All_modes","26"
"2020-03-26","Kimbanseke","Kingabwa","3h","Destination_Zone_Resident","Destination_Zone_Worker","ZoneGlobale","All_modes","105"
"2020-03-26","Kimbanseke","Kingabwa","3h","Destination_Zone_Resident","Study_Zone_Worker","ZoneGlobale","All_modes","25"
"2020-03-26","Kimbanseke","Kingabwa","3h","Destination_Zone_Resident","Origin_Zone_Worker","ZoneGlobale","All_modes","36"
"2020-03-26","Kimbanseke","Kingabwa","3h","Study_Zone_Resident","Outside_Worker","ZoneGlobale","All_modes","24"
"2020-03-26","Kimbanseke","Kingabwa","3h","Study_Zone_Resident","Study_Zone_Worker","ZoneGlobale","All_modes","97"
"2020-03-26","Kimbanseke","Kingabwa","3h","Study_Zone_Resident","Origin_Zone_Worker","ZoneGlobale","All_modes","35"
"2020-03-26","Kimbanseke","Kinshasa","1h","Destination_Zone_Resident","Destination_Zone_Worker","ZoneGlobale","All_modes","24"
"2020-03-26","Kimbanseke","Kinshasa","1h","Study_Zone_Resident","Study_Zone_Worker","ZoneGlobale","All_modes","23"
"2020-03-26","Kimbanseke","Kinshasa","3h","Outside_Resident","Outside_Worker","ZoneGlobale","All_modes","35"
"2020-03-26","Kimbanseke","Kinshasa","3h","Destination_Zone_Resident","Destination_Zone_Worker","ZoneGlobale","All_modes","63"
"2020-03-26","Kimbanseke","Kinshasa","3h","Destination_Zone_Resident","Study_Zone_Worker","ZoneGlobale","All_modes","25"
"2020-03-26","Kimbanseke","Kinshasa","3h","Destination_Zone_Resident","Origin_Zone_Worker","ZoneGlobale","All_modes","24"
"2020-03-26","Kimbanseke","Kinshasa","3h","Study_Zone_Resident","Study_Zone_Worker","ZoneGlobale","All_modes","36"
"2020-03-26","Kimbanseke","Kintambo","3h","Destination_Zone_Resident","Study_Zone_Worker","ZoneGlobale","All_modes","355"
"2020-03-26","Kimbanseke","Kisenso","1h","Outside_Resident","Outside_Worker","ZoneGlobale","All_modes","794"
"2020-03-26","Kimbanseke","Kisenso","1h","Outside_Resident","Destination_Zone_Worker","ZoneGlobale","All_modes","102"
"2020-03-26","Kimbanseke","Kisenso","1h","Outside_Resident","Study_Zone_Worker","ZoneGlobale","All_modes","61"
"2020-03-26","Kimbanseke","Kisenso","1h","Outside_Resident","Origin_Zone_Worker","ZoneGlobale","All_modes","24"
"2020-03-26","Kimbanseke","Kisenso","1h","Destination_Zone_Resident","Outside_Worker","ZoneGlobale","All_modes","97"
"2020-03-26","Kimbanseke","Kisenso","1h","Destination_Zone_Resident","Destination_Zone_Worker","ZoneGlobale","All_modes","1139"
"2020-03-26","Kimbanseke","Kisenso","1h","Destination_Zone_Resident","Study_Zone_Worker","ZoneGlobale","All_modes","156"
"2020-03-26","Kimbanseke","Kisenso","1h","Destination_Zone_Resident","Origin_Zone_Worker","ZoneGlobale","All_modes","188"
"2020-03-26","Kimbanseke","Kisenso","1h","Study_Zone_Resident","Destination_Zone_Worker","ZoneGlobale","All_modes","37"
"2020-03-26","Kimbanseke","Kisenso","1h","Study_Zone_Resident","Study_Zone_Worker","ZoneGlobale","All_modes","50"
"2020-03-26","Kimbanseke","Kisenso","1h","Study_Zone_Resident","Origin_Zone_Worker","ZoneGlobale","All_modes","26"
"2020-03-26","Kimbanseke","Kisenso","1h","Origin_Zone_Resident","Outside_Worker","ZoneGlobale","All_modes","63"
"2020-03-26","Kimbanseke","Kisenso","1h","Origin_Zone_Resident","Destination_Zone_Worker","ZoneGlobale","All_modes","64"
"2020-03-26","Kimbanseke","Kisenso","1h","Origin_Zone_Resident","Origin_Zone_Worker","ZoneGlobale","All_modes","352"
"2020-03-26","Kimbanseke","Kisenso","3h","Outside_Resident","Outside_Worker","ZoneGlobale","All_modes","713"
"2020-03-26","Kimbanseke","Kisenso","3h","Outside_Resident","Destination_Zone_Worker","ZoneGlobale","All_modes","198"
"2020-03-26","Kimbanseke","Kisenso","3h","Outside_Resident","Study_Zone_Worker","ZoneGlobale","All_modes","45"
"2020-03-26","Kimbanseke","Kisenso","3h","Outside_Resident","Origin_Zone_Worker","ZoneGlobale","All_modes","183"
"2020-03-26","Kimbanseke","Kisenso","3h","Destination_Zone_Resident","Outside_Worker","ZoneGlobale","All_modes","168"
"2020-03-26","Kimbanseke","Kisenso","3h","Destination_Zone_Resident","Destination_Zone_Worker","ZoneGlobale","All_modes","1360"
"2020-03-26","Kimbanseke","Kisenso","3h","Destination_Zone_Resident","Study_Zone_Worker","ZoneGlobale","All_modes","147"
"2020-03-26","Kimbanseke","Kisenso","3h","Destination_Zone_Resident","Origin_Zone_Worker","ZoneGlobale","All_modes","377"
"2020-03-26","Kimbanseke","Kisenso","3h","Study_Zone_Resident","Destination_Zone_Worker","ZoneGlobale","All_modes","38"
"2020-03-26","Kimbanseke","Kisenso","3h","Study_Zone_Resident","Study_Zone_Worker","ZoneGlobale","All_modes","170"
"2020-03-26","Kimbanseke","Kisenso","3h","Study_Zone_Resident","Origin_Zone_Worker","ZoneGlobale","All_modes","103"
"2020-03-26","Kimbanseke","Kisenso","3h","Origin_Zone_Resident","Outside_Worker","ZoneGlobale","All_modes","37"
"2020-03-26","Kimbanseke","Kisenso","3h","Origin_Zone_Resident","Destination_Zone_Worker","ZoneGlobale","All_modes","199"
"2020-03-26","Kimbanseke","Kisenso","3h","Origin_Zone_Resident","Study_Zone_Worker","ZoneGlobale","All_modes","82"
"2020-03-26","Kimbanseke","Kisenso","3h","Origin_Zone_Resident","Origin_Zone_Worker","ZoneGlobale","All_modes","865"
"2020-03-26","Kimbanseke","Kokolo","1h","Study_Zone_Resident","Study_Zone_Worker","ZoneGlobale","All_modes","26"
"2020-03-26","Kimbanseke","Kokolo","3h","Outside_Resident","Destination_Zone_Worker","ZoneGlobale","All_modes","26"
"2020-03-26","Kimbanseke","Kokolo","3h","Destination_Zone_Resident","Destination_Zone_Worker","ZoneGlobale","All_modes","43"
"2020-03-26","Kimbanseke","Kokolo","3h","Destination_Zone_Resident","Study_Zone_Worker","ZoneGlobale","All_modes","27"
"2020-03-26","Kimbanseke","Kokolo","3h","Origin_Zone_Resident","Origin_Zone_Worker","ZoneGlobale","All_modes","23"
"2020-03-26","Kimbanseke","Lemba","1h","Outside_Resident","Study_Zone_Worker","ZoneGlobale","All_modes","35"
"2020-03-26","Kimbanseke","Lemba","1h","Destination_Zone_Resident","Destination_Zone_Worker","ZoneGlobale","All_modes","195"
"2020-03-26","Kimbanseke","Lemba","1h","Destination_Zone_Resident","Study_Zone_Worker","ZoneGlobale","All_modes","50"
"2020-03-26","Kimbanseke","Lemba","1h","Study_Zone_Resident","Study_Zone_Worker","ZoneGlobale","All_modes","24"
"2020-03-26","Kimbanseke","Lemba","1h","Origin_Zone_Resident","Origin_Zone_Worker","ZoneGlobale","All_modes","35"
"2020-03-26","Kimbanseke","Lemba","3h","Outside_Resident","Outside_Worker","ZoneGlobale","All_modes","80"
"2020-03-26","Kimbanseke","Lemba","3h","Outside_Resident","Destination_Zone_Worker","ZoneGlobale","All_modes","38"
"2020-03-26","Kimbanseke","Lemba","3h","Outside_Resident","Study_Zone_Worker","ZoneGlobale","All_modes","35"
"2020-03-26","Kimbanseke","Lemba","3h","Outside_Resident","Origin_Zone_Worker","ZoneGlobale","All_modes","23"
"2020-03-26","Kimbanseke","Lemba","3h","Destination_Zone_Resident","Destination_Zone_Worker","ZoneGlobale","All_modes","180"
"2020-03-26","Kimbanseke","Lemba","3h","Destination_Zone_Resident","Study_Zone_Worker","ZoneGlobale","All_modes","46"
"2020-03-26","Kimbanseke","Lemba","3h","Destination_Zone_Resident","Origin_Zone_Worker","ZoneGlobale","All_modes","60"
"2020-03-26","Kimbanseke","Lemba","3h","Study_Zone_Resident","Outside_Worker","ZoneGlobale","All_modes","27"
"2020-03-26","Kimbanseke","Lemba","3h","Study_Zone_Resident","Destination_Zone_Worker","ZoneGlobale","All_modes","26"
"2020-03-26","Kimbanseke","Lemba","3h","Study_Zone_Resident","Study_Zone_Worker","ZoneGlobale","All_modes","51"
"2020-03-26","Kimbanseke","Lemba","3h","Study_Zone_Resident","Origin_Zone_Worker","ZoneGlobale","All_modes","50"
"2020-03-26","Kimbanseke","Lemba","3h","Origin_Zone_Resident","Origin_Zone_Worker","ZoneGlobale","All_modes","63"
"2020-03-26","Kimbanseke","Limete","1h","Outside_Resident","Outside_Worker","ZoneGlobale","All_modes","37"
"2020-03-26","Kimbanseke","Limete","1h","Destination_Zone_Resident","Destination_Zone_Worker","ZoneGlobale","All_modes","103"
"2020-03-26","Kimbanseke","Limete","1h","Study_Zone_Resident","Study_Zone_Worker","ZoneGlobale","All_modes","24"
"2020-03-26","Kimbanseke","Limete","1h","Origin_Zone_Resident","Origin_Zone_Worker","ZoneGlobale","All_modes","32"
"2020-03-26","Kimbanseke","Limete","3h","Outside_Resident","Outside_Worker","ZoneGlobale","All_modes","24"
"2020-03-26","Kimbanseke","Limete","3h","Outside_Resident","Destination_Zone_Worker","ZoneGlobale","All_modes","22"
"2020-03-26","Kimbanseke","Limete","3h","Outside_Resident","Study_Zone_Worker","ZoneGlobale","All_modes","24"
"2020-03-26","Kimbanseke","Limete","3h","Outside_Resident","Origin_Zone_Worker","ZoneGlobale","All_modes","24"
"2020-03-26","Kimbanseke","Limete","3h","Destination_Zone_Resident","Destination_Zone_Worker","ZoneGlobale","All_modes","156"
"2020-03-26","Kimbanseke","Limete","3h","Destination_Zone_Resident","Origin_Zone_Worker","ZoneGlobale","All_modes","46"
"2020-03-26","Kimbanseke","Limete","3h","Study_Zone_Resident","Study_Zone_Worker","ZoneGlobale","All_modes","35"
"2020-03-26","Kimbanseke","Limete","3h","Origin_Zone_Resident","Origin_Zone_Worker","ZoneGlobale","All_modes","93"
"2020-03-26","Kimbanseke","Makala","1h","Study_Zone_Resident","Study_Zone_Worker","ZoneGlobale","All_modes","33"
"2020-03-26","Kimbanseke","Makala","3h","Destination_Zone_Resident","Destination_Zone_Worker","ZoneGlobale","All_modes","21"
"2020-03-26","Kimbanseke","Makala","3h","Destination_Zone_Resident","Study_Zone_Worker","ZoneGlobale","All_modes","26"
"2020-03-26","Kimbanseke","Makala","3h","Study_Zone_Resident","Study_Zone_Worker","ZoneGlobale","All_modes","35"
"2020-03-26","Kimbanseke","Maluku I","1h","Outside_Resident","Outside_Worker","ZoneGlobale","All_modes","26"
"2020-03-26","Kimbanseke","Maluku I","1h","Destination_Zone_Resident","Study_Zone_Worker","ZoneGlobale","All_modes","35"
"2020-03-26","Kimbanseke","Maluku I","1h","Origin_Zone_Resident","Origin_Zone_Worker","ZoneGlobale","All_modes","105"
"2020-03-26","Kimbanseke","Maluku I","3h","Outside_Resident","Outside_Worker","ZoneGlobale","All_modes","47"
"2020-03-26","Kimbanseke","Maluku I","3h","Outside_Resident","Origin_Zone_Worker","ZoneGlobale","All_modes","25"
"2020-03-26","Kimbanseke","Maluku I","3h","Study_Zone_Resident","Study_Zone_Worker","ZoneGlobale","All_modes","38"
"2020-03-26","Kimbanseke","Maluku I","3h","Origin_Zone_Resident","Origin_Zone_Worker","ZoneGlobale","All_modes","351"
"2020-03-26","Kimbanseke","Masina I","1h","Outside_Resident","Outside_Worker","ZoneGlobale","All_modes","418"
"2020-03-26","Kimbanseke","Masina I","1h","Outside_Resident","Destination_Zone_Worker","ZoneGlobale","All_modes","82"
"2020-03-26","Kimbanseke","Masina I","1h","Outside_Resident","Study_Zone_Worker","ZoneGlobale","All_modes","38"
"2020-03-26","Kimbanseke","Masina I","1h","Outside_Resident","Origin_Zone_Worker","ZoneGlobale","All_modes","103"
"2020-03-26","Kimbanseke","Masina I","1h","Destination_Zone_Resident","Outside_Worker","ZoneGlobale","All_modes","79"
"2020-03-26","Kimbanseke","Masina I","1h","Destination_Zone_Resident","Destination_Zone_Worker","ZoneGlobale","All_modes","1690"
"2020-03-26","Kimbanseke","Masina I","1h","Destination_Zone_Resident","Study_Zone_Worker","ZoneGlobale","All_modes","234"
"2020-03-26","Kimbanseke","Masina I","1h","Destination_Zone_Resident","Origin_Zone_Worker","ZoneGlobale","All_modes","369"
"2020-03-26","Kimbanseke","Masina I","1h","Study_Zone_Resident","Destination_Zone_Worker","ZoneGlobale","All_modes","25"
"2020-03-26","Kimbanseke","Masina I","1h","Study_Zone_Resident","Study_Zone_Worker","ZoneGlobale","All_modes","70"
"2020-03-26","Kimbanseke","Masina I","1h","Study_Zone_Resident","Origin_Zone_Worker","ZoneGlobale","All_modes","25"
"2020-03-26","Kimbanseke","Masina I","1h","Origin_Zone_Resident","Destination_Zone_Worker","ZoneGlobale","All_modes","437"
"2020-03-26","Kimbanseke","Masina I","1h","Origin_Zone_Resident","Study_Zone_Worker","ZoneGlobale","All_modes","38"
"2020-03-26","Kimbanseke","Masina I","1h","Origin_Zone_Resident","Origin_Zone_Worker","ZoneGlobale","All_modes","706"
"2020-03-26","Kimbanseke","Masina I","3h","Outside_Resident","Outside_Worker","ZoneGlobale","All_modes","670"
"2020-03-26","Kimbanseke","Masina I","3h","Outside_Resident","Destination_Zone_Worker","ZoneGlobale","All_modes","188"
"2020-03-26","Kimbanseke","Masina I","3h","Outside_Resident","Study_Zone_Worker","ZoneGlobale","All_modes","112"
"2020-03-26","Kimbanseke","Masina I","3h","Outside_Resident","Origin_Zone_Worker","ZoneGlobale","All_modes","219"
"2020-03-26","Kimbanseke","Masina I","3h","Destination_Zone_Resident","Outside_Worker","ZoneGlobale","All_modes","178"
"2020-03-26","Kimbanseke","Masina I","3h","Destination_Zone_Resident","Destination_Zone_Worker","ZoneGlobale","All_modes","1856"
"2020-03-26","Kimbanseke","Masina I","3h","Destination_Zone_Resident","Study_Zone_Worker","ZoneGlobale","All_modes","224"
"2020-03-26","Kimbanseke","Masina I","3h","Destination_Zone_Resident","Origin_Zone_Worker","ZoneGlobale","All_modes","682"
"2020-03-26","Kimbanseke","Masina I","3h","Study_Zone_Resident","Destination_Zone_Worker","ZoneGlobale","All_modes","60"
"2020-03-26","Kimbanseke","Masina I","3h","Study_Zone_Resident","Study_Zone_Worker","ZoneGlobale","All_modes","189"
"2020-03-26","Kimbanseke","Masina I","3h","Study_Zone_Resident","Origin_Zone_Worker","ZoneGlobale","All_modes","27"
"2020-03-26","Kimbanseke","Masina I","3h","Origin_Zone_Resident","Outside_Worker","ZoneGlobale","All_modes","49"
"2020-03-26","Kimbanseke","Masina I","3h","Origin_Zone_Resident","Destination_Zone_Worker","ZoneGlobale","All_modes","135"
"2020-03-26","Kimbanseke","Masina I","3h","Origin_Zone_Resident","Study_Zone_Worker","ZoneGlobale","All_modes","49"
"2020-03-26","Kimbanseke","Masina I","3h","Origin_Zone_Resident","Origin_Zone_Worker","ZoneGlobale","All_modes","1380"
"2020-03-26","Kimbanseke","Masina II","1h","Outside_Resident","Outside_Worker","ZoneGlobale","All_modes","632"
"2020-03-26","Kimbanseke","Masina II","1h","Outside_Resident","Destination_Zone_Worker","ZoneGlobale","All_modes","64"
"2020-03-26","Kimbanseke","Masina II","1h","Outside_Resident","Study_Zone_Worker","ZoneGlobale","All_modes","53"
"2020-03-26","Kimbanseke","Masina II","1h","Outside_Resident","Origin_Zone_Worker","ZoneGlobale","All_modes","51"
"2020-03-26","Kimbanseke","Masina II","1h","Destination_Zone_Resident","Outside_Worker","ZoneGlobale","All_modes","110"
"2020-03-26","Kimbanseke","Masina II","1h","Destination_Zone_Resident","Destination_Zone_Worker","ZoneGlobale","All_modes","1148"
"2020-03-26","Kimbanseke","Masina II","1h","Destination_Zone_Resident","Study_Zone_Worker","ZoneGlobale","All_modes","204"
"2020-03-26","Kimbanseke","Masina II","1h","Destination_Zone_Resident","Origin_Zone_Worker","ZoneGlobale","All_modes","444"
"2020-03-26","Kimbanseke","Masina II","1h","Study_Zone_Resident","Study_Zone_Worker","ZoneGlobale","All_modes","201"
"2020-03-26","Kimbanseke","Masina II","1h","Study_Zone_Resident","Origin_Zone_Worker","ZoneGlobale","All_modes","35"
"2020-03-26","Kimbanseke","Masina II","1h","Origin_Zone_Resident","Outside_Worker","ZoneGlobale","All_modes","24"
"2020-03-26","Kimbanseke","Masina II","1h","Origin_Zone_Resident","Destination_Zone_Worker","ZoneGlobale","All_modes","78"
"2020-03-26","Kimbanseke","Masina II","1h","Origin_Zone_Resident","Study_Zone_Worker","ZoneGlobale","All_modes","73"
"2020-03-26","Kimbanseke","Masina II","1h","Origin_Zone_Resident","Origin_Zone_Worker","ZoneGlobale","All_modes","693"
"2020-03-26","Kimbanseke","Masina II","3h","Outside_Resident","Outside_Worker","ZoneGlobale","All_modes","805"
"2020-03-26","Kimbanseke","Masina II","3h","Outside_Resident","Destination_Zone_Worker","ZoneGlobale","All_modes","233"
"2020-03-26","Kimbanseke","Masina II","3h","Outside_Resident","Study_Zone_Worker","ZoneGlobale","All_modes","121"
"2020-03-26","Kimbanseke","Masina II","3h","Outside_Resident","Origin_Zone_Worker","ZoneGlobale","All_modes","215"
"2020-03-26","Kimbanseke","Masina II","3h","Destination_Zone_Resident","Outside_Worker","ZoneGlobale","All_modes","172"
"2020-03-26","Kimbanseke","Masina II","3h","Destination_Zone_Resident","Destination_Zone_Worker","ZoneGlobale","All_modes","1386"
"2020-03-26","Kimbanseke","Masina II","3h","Destination_Zone_Resident","Study_Zone_Worker","ZoneGlobale","All_modes","177"
"2020-03-26","Kimbanseke","Masina II","3h","Destination_Zone_Resident","Origin_Zone_Worker","ZoneGlobale","All_modes","765"
"2020-03-26","Kimbanseke","Masina II","3h","Study_Zone_Resident","Outside_Worker","ZoneGlobale","All_modes","88"
"2020-03-26","Kimbanseke","Masina II","3h","Study_Zone_Resident","Destination_Zone_Worker","ZoneGlobale","All_modes","62"
"2020-03-26","Kimbanseke","Masina II","3h","Study_Zone_Resident","Study_Zone_Worker","ZoneGlobale","All_modes","292"
"2020-03-26","Kimbanseke","Masina II","3h","Study_Zone_Resident","Origin_Zone_Worker","ZoneGlobale","All_modes","87"
"2020-03-26","Kimbanseke","Masina II","3h","Origin_Zone_Resident","Outside_Worker","ZoneGlobale","All_modes","51"
"2020-03-26","Kimbanseke","Masina II","3h","Origin_Zone_Resident","Destination_Zone_Worker","ZoneGlobale","All_modes","137"
"2020-03-26","Kimbanseke","Masina II","3h","Origin_Zone_Resident","Study_Zone_Worker","ZoneGlobale","All_modes","122"
"2020-03-26","Kimbanseke","Masina II","3h","Origin_Zone_Resident","Origin_Zone_Worker","ZoneGlobale","All_modes","1199"
"2020-03-26","Kimbanseke","Matete","1h","Outside_Resident","Outside_Worker","ZoneGlobale","All_modes","22"
"2020-03-26","Kimbanseke","Matete","1h","Destination_Zone_Resident","Destination_Zone_Worker","ZoneGlobale","All_modes","145"
"2020-03-26","Kimbanseke","Matete","1h","Destination_Zone_Resident","Origin_Zone_Worker","ZoneGlobale","All_modes","38"
"2020-03-26","Kimbanseke","Matete","1h","Study_Zone_Resident","Study_Zone_Worker","ZoneGlobale","All_modes","65"
"2020-03-26","Kimbanseke","Matete","3h","Outside_Resident","Outside_Worker","ZoneGlobale","All_modes","85"
"2020-03-26","Kimbanseke","Matete","3h","Destination_Zone_Resident","Destination_Zone_Worker","ZoneGlobale","All_modes","102"
"2020-03-26","Kimbanseke","Matete","3h","Destination_Zone_Resident","Study_Zone_Worker","ZoneGlobale","All_modes","68"
"2020-03-26","Kimbanseke","Matete","3h","Destination_Zone_Resident","Origin_Zone_Worker","ZoneGlobale","All_modes","70"
"2020-03-26","Kimbanseke","Matete","3h","Study_Zone_Resident","Outside_Worker","ZoneGlobale","All_modes","22"
"2020-03-26","Kimbanseke","Matete","3h","Study_Zone_Resident","Study_Zone_Worker","ZoneGlobale","All_modes","117"
"2020-03-26","Kimbanseke","Matete","3h","Study_Zone_Resident","Origin_Zone_Worker","ZoneGlobale","All_modes","38"
"2020-03-26","Kimbanseke","Matete","3h","Origin_Zone_Resident","Origin_Zone_Worker","ZoneGlobale","All_modes","48"
"2020-03-26","Kimbanseke","Mont Ngafula I","1h","Outside_Resident","Outside_Worker","ZoneGlobale","All_modes","207"
"2020-03-26","Kimbanseke","Mont Ngafula I","1h","Destination_Zone_Resident","Outside_Worker","ZoneGlobale","All_modes","49"
"2020-03-26","Kimbanseke","Mont Ngafula I","1h","Destination_Zone_Resident","Destination_Zone_Worker","ZoneGlobale","All_modes","277"
"2020-03-26","Kimbanseke","Mont Ngafula I","1h","Destination_Zone_Resident","Study_Zone_Worker","ZoneGlobale","All_modes","42"
"2020-03-26","Kimbanseke","Mont Ngafula I","1h","Destination_Zone_Resident","Origin_Zone_Worker","ZoneGlobale","All_modes","47"
"2020-03-26","Kimbanseke","Mont Ngafula I","1h","Study_Zone_Resident","Study_Zone_Worker","ZoneGlobale","All_modes","153"
"2020-03-26","Kimbanseke","Mont Ngafula I","1h","Origin_Zone_Resident","Origin_Zone_Worker","ZoneGlobale","All_modes","226"
"2020-03-26","Kimbanseke","Mont Ngafula I","3h","Outside_Resident","Outside_Worker","ZoneGlobale","All_modes","346"
"2020-03-26","Kimbanseke","Mont Ngafula I","3h","Outside_Resident","Destination_Zone_Worker","ZoneGlobale","All_modes","115"
"2020-03-26","Kimbanseke","Mont Ngafula I","3h","Outside_Resident","Study_Zone_Worker","ZoneGlobale","All_modes","51"
"2020-03-26","Kimbanseke","Mont Ngafula I","3h","Outside_Resident","Origin_Zone_Worker","ZoneGlobale","All_modes","69"
"2020-03-26","Kimbanseke","Mont Ngafula I","3h","Destination_Zone_Resident","Outside_Worker","ZoneGlobale","All_modes","59"
"2020-03-26","Kimbanseke","Mont Ngafula I","3h","Destination_Zone_Resident","Destination_Zone_Worker","ZoneGlobale","All_modes","387"
"2020-03-26","Kimbanseke","Mont Ngafula I","3h","Destination_Zone_Resident","Origin_Zone_Worker","ZoneGlobale","All_modes","144"
"2020-03-26","Kimbanseke","Mont Ngafula I","3h","Study_Zone_Resident","Outside_Worker","ZoneGlobale","All_modes","22"
"2020-03-26","Kimbanseke","Mont Ngafula I","3h","Study_Zone_Resident","Study_Zone_Worker","ZoneGlobale","All_modes","145"
"2020-03-26","Kimbanseke","Mont Ngafula I","3h","Origin_Zone_Resident","Outside_Worker","ZoneGlobale","All_modes","83"
"2020-03-26","Kimbanseke","Mont Ngafula I","3h","Origin_Zone_Resident","Destination_Zone_Worker","ZoneGlobale","All_modes","22"
"2020-03-26","Kimbanseke","Mont Ngafula I","3h","Origin_Zone_Resident","Study_Zone_Worker","ZoneGlobale","All_modes","38"
"2020-03-26","Kimbanseke","Mont Ngafula I","3h","Origin_Zone_Resident","Origin_Zone_Worker","ZoneGlobale","All_modes","466"
"2020-03-26","Kimbanseke","Ndjili","1h","Outside_Resident","Outside_Worker","ZoneGlobale","All_modes","936"
"2020-03-26","Kimbanseke","Ndjili","1h","Outside_Resident","Destination_Zone_Worker","ZoneGlobale","All_modes","349"
"2020-03-26","Kimbanseke","Ndjili","1h","Outside_Resident","Study_Zone_Worker","ZoneGlobale","All_modes","66"
"2020-03-26","Kimbanseke","Ndjili","1h","Outside_Resident","Origin_Zone_Worker","ZoneGlobale","All_modes","202"
"2020-03-26","Kimbanseke","Ndjili","1h","Destination_Zone_Resident","Outside_Worker","ZoneGlobale","All_modes","169"
"2020-03-26","Kimbanseke","Ndjili","1h","Destination_Zone_Resident","Destination_Zone_Worker","ZoneGlobale","All_modes","4359"
"2020-03-26","Kimbanseke","Ndjili","1h","Destination_Zone_Resident","Study_Zone_Worker","ZoneGlobale","All_modes","335"
"2020-03-26","Kimbanseke","Ndjili","1h","Destination_Zone_Resident","Origin_Zone_Worker","ZoneGlobale","All_modes","875"
"2020-03-26","Kimbanseke","Ndjili","1h","Study_Zone_Resident","Outside_Worker","ZoneGlobale","All_modes","27"
"2020-03-26","Kimbanseke","Ndjili","1h","Study_Zone_Resident","Destination_Zone_Worker","ZoneGlobale","All_modes","104"
"2020-03-26","Kimbanseke","Ndjili","1h","Study_Zone_Resident","Study_Zone_Worker","ZoneGlobale","All_modes","246"
"2020-03-26","Kimbanseke","Ndjili","1h","Study_Zone_Resident","Origin_Zone_Worker","ZoneGlobale","All_modes","85"
"2020-03-26","Kimbanseke","Ndjili","1h","Origin_Zone_Resident","Outside_Worker","ZoneGlobale","All_modes","131"
"2020-03-26","Kimbanseke","Ndjili","1h","Origin_Zone_Resident","Destination_Zone_Worker","ZoneGlobale","All_modes","438"
"2020-03-26","Kimbanseke","Ndjili","1h","Origin_Zone_Resident","Study_Zone_Worker","ZoneGlobale","All_modes","142"
"2020-03-26","Kimbanseke","Ndjili","1h","Origin_Zone_Resident","Origin_Zone_Worker","ZoneGlobale","All_modes","2079"
"2020-03-26","Kimbanseke","Ndjili","3h","Outside_Resident","Outside_Worker","ZoneGlobale","All_modes","3290"
"2020-03-26","Kimbanseke","Ndjili","3h","Outside_Resident","Destination_Zone_Worker","ZoneGlobale","All_modes","597"
"2020-03-26","Kimbanseke","Ndjili","3h","Outside_Resident","Study_Zone_Worker","ZoneGlobale","All_modes","152"
"2020-03-26","Kimbanseke","Ndjili","3h","Outside_Resident","Origin_Zone_Worker","ZoneGlobale","All_modes","712"
"2020-03-26","Kimbanseke","Ndjili","3h","Destination_Zone_Resident","Outside_Worker","ZoneGlobale","All_modes","305"
"2020-03-26","Kimbanseke","Ndjili","3h","Destination_Zone_Resident","Destination_Zone_Worker","ZoneGlobale","All_modes","4707"
"2020-03-26","Kimbanseke","Ndjili","3h","Destination_Zone_Resident","Study_Zone_Worker","ZoneGlobale","All_modes","426"
"2020-03-26","Kimbanseke","Ndjili","3h","Destination_Zone_Resident","Origin_Zone_Worker","ZoneGlobale","All_modes","1797"
"2020-03-26","Kimbanseke","Ndjili","3h","Study_Zone_Resident","Outside_Worker","ZoneGlobale","All_modes","45"
"2020-03-26","Kimbanseke","Ndjili","3h","Study_Zone_Resident","Destination_Zone_Worker","ZoneGlobale","All_modes","86"
"2020-03-26","Kimbanseke","Ndjili","3h","Study_Zone_Resident","Study_Zone_Worker","ZoneGlobale","All_modes","476"
"2020-03-26","Kimbanseke","Ndjili","3h","Study_Zone_Resident","Origin_Zone_Worker","ZoneGlobale","All_modes","196"
"2020-03-26","Kimbanseke","Ndjili","3h","Origin_Zone_Resident","Outside_Worker","ZoneGlobale","All_modes","181"
"2020-03-26","Kimbanseke","Ndjili","3h","Origin_Zone_Resident","Destination_Zone_Worker","ZoneGlobale","All_modes","625"
"2020-03-26","Kimbanseke","Ndjili","3h","Origin_Zone_Resident","Study_Zone_Worker","ZoneGlobale","All_modes","234"
"2020-03-26","Kimbanseke","Ndjili","3h","Origin_Zone_Resident","Origin_Zone_Worker","ZoneGlobale","All_modes","4210"
"2020-03-26","Kimbanseke","Ngiri-Ngiri","1h","Destination_Zone_Resident","Destination_Zone_Worker","ZoneGlobale","All_modes","38"
"2020-03-26","Kimbanseke","Ngiri-Ngiri","3h","Outside_Resident","Outside_Worker","ZoneGlobale","All_modes","40"
"2020-03-26","Kimbanseke","Ngiri-Ngiri","3h","Destination_Zone_Resident","Destination_Zone_Worker","ZoneGlobale","All_modes","58"
"2020-03-26","Kimbanseke","Ngiri-Ngiri","3h","Destination_Zone_Resident","Origin_Zone_Worker","ZoneGlobale","All_modes","21"
"2020-03-26","Kimbanseke","Ngiri-Ngiri","3h","Study_Zone_Resident","Study_Zone_Worker","ZoneGlobale","All_modes","23"
"2020-03-26","Kimbanseke","Nsele","1h","Outside_Resident","Outside_Worker","ZoneGlobale","All_modes","245"
"2020-03-26","Kimbanseke","Nsele","1h","Outside_Resident","Destination_Zone_Worker","ZoneGlobale","All_modes","52"
"2020-03-26","Kimbanseke","Nsele","1h","Outside_Resident","Study_Zone_Worker","ZoneGlobale","All_modes","32"
"2020-03-26","Kimbanseke","Nsele","1h","Outside_Resident","Origin_Zone_Worker","ZoneGlobale","All_modes","32"
"2020-03-26","Kimbanseke","Nsele","1h","Destination_Zone_Resident","Outside_Worker","ZoneGlobale","All_modes","47"
"2020-03-26","Kimbanseke","Nsele","1h","Destination_Zone_Resident","Destination_Zone_Worker","ZoneGlobale","All_modes","544"
"2020-03-26","Kimbanseke","Nsele","1h","Destination_Zone_Resident","Study_Zone_Worker","ZoneGlobale","All_modes","211"
"2020-03-26","Kimbanseke","Nsele","1h","Destination_Zone_Resident","Origin_Zone_Worker","ZoneGlobale","All_modes","104"
"2020-03-26","Kimbanseke","Nsele","1h","Study_Zone_Resident","Study_Zone_Worker","ZoneGlobale","All_modes","155"
"2020-03-26","Kimbanseke","Nsele","1h","Study_Zone_Resident","Origin_Zone_Worker","ZoneGlobale","All_modes","105"
"2020-03-26","Kimbanseke","Nsele","1h","Origin_Zone_Resident","Study_Zone_Worker","ZoneGlobale","All_modes","40"
"2020-03-26","Kimbanseke","Nsele","1h","Origin_Zone_Resident","Origin_Zone_Worker","ZoneGlobale","All_modes","323"
"2020-03-26","Kimbanseke","Nsele","3h","Outside_Resident","Outside_Worker","ZoneGlobale","All_modes","656"
"2020-03-26","Kimbanseke","Nsele","3h","Outside_Resident","Destination_Zone_Worker","ZoneGlobale","All_modes","122"
"2020-03-26","Kimbanseke","Nsele","3h","Outside_Resident","Study_Zone_Worker","ZoneGlobale","All_modes","44"
"2020-03-26","Kimbanseke","Nsele","3h","Outside_Resident","Origin_Zone_Worker","ZoneGlobale","All_modes","172"
"2020-03-26","Kimbanseke","Nsele","3h","Destination_Zone_Resident","Outside_Worker","ZoneGlobale","All_modes","122"
"2020-03-26","Kimbanseke","Nsele","3h","Destination_Zone_Resident","Destination_Zone_Worker","ZoneGlobale","All_modes","611"
"2020-03-26","Kimbanseke","Nsele","3h","Destination_Zone_Resident","Study_Zone_Worker","ZoneGlobale","All_modes","196"
"2020-03-26","Kimbanseke","Nsele","3h","Destination_Zone_Resident","Origin_Zone_Worker","ZoneGlobale","All_modes","238"
"2020-03-26","Kimbanseke","Nsele","3h","Study_Zone_Resident","Outside_Worker","ZoneGlobale","All_modes","33"
"2020-03-26","Kimbanseke","Nsele","3h","Study_Zone_Resident","Destination_Zone_Worker","ZoneGlobale","All_modes","27"
"2020-03-26","Kimbanseke","Nsele","3h","Study_Zone_Resident","Study_Zone_Worker","ZoneGlobale","All_modes","424"
"2020-03-26","Kimbanseke","Nsele","3h","Study_Zone_Resident","Origin_Zone_Worker","ZoneGlobale","All_modes","142"
"2020-03-26","Kimbanseke","Nsele","3h","Origin_Zone_Resident","Outside_Worker","ZoneGlobale","All_modes","27"
"2020-03-26","Kimbanseke","Nsele","3h","Origin_Zone_Resident","Study_Zone_Worker","ZoneGlobale","All_modes","52"
"2020-03-26","Kimbanseke","Nsele","3h","Origin_Zone_Resident","Origin_Zone_Worker","ZoneGlobale","All_modes","825"
"2020-03-26","Kimbanseke","Police","3h","Destination_Zone_Resident","Destination_Zone_Worker","ZoneGlobale","All_modes","53"
"2020-03-26","Kimbanseke","Selembao","3h","Outside_Resident","Outside_Worker","ZoneGlobale","All_modes","38"
"2020-03-26","Kimbanseke","Sona-Bata","1h","Outside_Resident","Outside_Worker","ZoneGlobale","All_modes","280"
"2020-03-26","Kimbanseke","Sona-Bata","1h","Destination_Zone_Resident","Destination_Zone_Worker","ZoneGlobale","All_modes","40"
"2020-03-26","Kimbanseke","Sona-Bata","1h","Study_Zone_Resident","Destination_Zone_Worker","ZoneGlobale","All_modes","32"
"2020-03-26","Kimbanseke","Sona-Bata","1h","Study_Zone_Resident","Study_Zone_Worker","ZoneGlobale","All_modes","46"
"2020-03-26","Kimbanseke","Sona-Bata","1h","Origin_Zone_Resident","Study_Zone_Worker","ZoneGlobale","All_modes","22"
"2020-03-26","Kimbanseke","Sona-Bata","1h","Origin_Zone_Resident","Origin_Zone_Worker","ZoneGlobale","All_modes","114"
"2020-03-26","Kimbanseke","Sona-Bata","3h","Outside_Resident","Outside_Worker","ZoneGlobale","All_modes","66"
"2020-03-26","Kimbanseke","Sona-Bata","3h","Outside_Resident","Origin_Zone_Worker","ZoneGlobale","All_modes","32"
"2020-03-26","Kimbanseke","Sona-Bata","3h","Destination_Zone_Resident","Destination_Zone_Worker","ZoneGlobale","All_modes","26"
"2020-03-26","Kimbanseke","Sona-Bata","3h","Study_Zone_Resident","Study_Zone_Worker","ZoneGlobale","All_modes","27"
"2020-03-26","Kimbanseke","Sona-Bata","3h","Study_Zone_Resident","Origin_Zone_Worker","ZoneGlobale","All_modes","24"
"2020-03-26","Kimbanseke","Sona-Bata","3h","Origin_Zone_Resident","Study_Zone_Worker","ZoneGlobale","All_modes","22"
"2020-03-26","Kimbanseke","Sona-Bata","3h","Origin_Zone_Resident","Origin_Zone_Worker","ZoneGlobale","All_modes","223"
"2020-03-26","Kimpangu","Kimpese","1h","Destination_Zone_Resident","Destination_Zone_Worker","ZoneGlobale","All_modes","75"
"2020-03-26","Kimpangu","Kimpese","1h","Origin_Zone_Resident","Origin_Zone_Worker","ZoneGlobale","All_modes","27"
"2020-03-26","Kimpangu","Kimpese","3h","Outside_Resident","Outside_Worker","ZoneGlobale","All_modes","81"
"2020-03-26","Kimpangu","Kimpese","3h","Outside_Resident","Destination_Zone_Worker","ZoneGlobale","All_modes","26"
"2020-03-26","Kimpangu","Kimpese","3h","Destination_Zone_Resident","Destination_Zone_Worker","ZoneGlobale","All_modes","137"
"2020-03-26","Kimpangu","Kimpese","3h","Destination_Zone_Resident","Origin_Zone_Worker","ZoneGlobale","All_modes","40"
"2020-03-26","Kimpangu","Kimpese","3h","Origin_Zone_Resident","Origin_Zone_Worker","ZoneGlobale","All_modes","131"
"2020-03-26","Kimpangu","Kwilu-Ngongo","1h","Outside_Resident","Outside_Worker","ZoneGlobale","All_modes","85"
"2020-03-26","Kimpangu","Kwilu-Ngongo","1h","Destination_Zone_Resident","Destination_Zone_Worker","ZoneGlobale","All_modes","38"
"2020-03-26","Kimpangu","Kwilu-Ngongo","3h","Outside_Resident","Outside_Worker","ZoneGlobale","All_modes","36"
"2020-03-26","Kimpangu","Kwilu-Ngongo","3h","Outside_Resident","Origin_Zone_Worker","ZoneGlobale","All_modes","27"
"2020-03-26","Kimpangu","Kwilu-Ngongo","3h","Destination_Zone_Resident","Destination_Zone_Worker","ZoneGlobale","All_modes","53"
"2020-03-26","Kimpese","Boko-Kivulu","1h","Outside_Resident","Outside_Worker","ZoneGlobale","All_modes","27"
"2020-03-26","Kimpese","Boko-Kivulu","1h","Destination_Zone_Resident","Study_Zone_Worker","ZoneGlobale","All_modes","27"
"2020-03-26","Kimpese","Boko-Kivulu","3h","Outside_Resident","Outside_Worker","ZoneGlobale","All_modes","27"
"2020-03-26","Kimpese","Boko-Kivulu","3h","Destination_Zone_Resident","Destination_Zone_Worker","ZoneGlobale","All_modes","40"
"2020-03-26","Kimpese","Boko-Kivulu","3h","Study_Zone_Resident","Study_Zone_Worker","ZoneGlobale","All_modes","38"
"2020-03-26","Kimpese","Kimpangu","1h","Outside_Resident","Outside_Worker","ZoneGlobale","All_modes","48"
"2020-03-26","Kimpese","Kimpangu","1h","Destination_Zone_Resident","Origin_Zone_Worker","ZoneGlobale","All_modes","24"
"2020-03-26","Kimpese","Kimpangu","1h","Study_Zone_Resident","Study_Zone_Worker","ZoneGlobale","All_modes","26"
"2020-03-26","Kimpese","Kimpangu","3h","Outside_Resident","Outside_Worker","ZoneGlobale","All_modes","51"
"2020-03-26","Kimpese","Kimpangu","3h","Destination_Zone_Resident","Destination_Zone_Worker","ZoneGlobale","All_modes","24"
"2020-03-26","Kimpese","Kimpangu","3h","Destination_Zone_Resident","Origin_Zone_Worker","ZoneGlobale","All_modes","24"
"2020-03-26","Kimpese","Kimpangu","3h","Origin_Zone_Resident","Origin_Zone_Worker","ZoneGlobale","All_modes","61"
"2020-03-26","Kimpese","Kingabwa","3h","Outside_Resident","Outside_Worker","ZoneGlobale","All_modes","24"
"2020-03-26","Kimpese","Kisantu","3h","Outside_Resident","Outside_Worker","ZoneGlobale","All_modes","24"
"2020-03-26","Kimpese","Kwilu-Ngongo","1h","Outside_Resident","Outside_Worker","ZoneGlobale","All_modes","266"
"2020-03-26","Kimpese","Kwilu-Ngongo","1h","Outside_Resident","Destination_Zone_Worker","ZoneGlobale","All_modes","62"
"2020-03-26","Kimpese","Kwilu-Ngongo","1h","Outside_Resident","Study_Zone_Worker","ZoneGlobale","All_modes","21"
"2020-03-26","Kimpese","Kwilu-Ngongo","1h","Outside_Resident","Origin_Zone_Worker","ZoneGlobale","All_modes","70"
"2020-03-26","Kimpese","Kwilu-Ngongo","1h","Destination_Zone_Resident","Outside_Worker","ZoneGlobale","All_modes","24"
"2020-03-26","Kimpese","Kwilu-Ngongo","1h","Destination_Zone_Resident","Destination_Zone_Worker","ZoneGlobale","All_modes","890"
"2020-03-26","Kimpese","Kwilu-Ngongo","1h","Destination_Zone_Resident","Origin_Zone_Worker","ZoneGlobale","All_modes","266"
"2020-03-26","Kimpese","Kwilu-Ngongo","1h","Study_Zone_Resident","Destination_Zone_Worker","ZoneGlobale","All_modes","24"
"2020-03-26","Kimpese","Kwilu-Ngongo","1h","Study_Zone_Resident","Study_Zone_Worker","ZoneGlobale","All_modes","148"
"2020-03-26","Kimpese","Kwilu-Ngongo","1h","Origin_Zone_Resident","Destination_Zone_Worker","ZoneGlobale","All_modes","48"
"2020-03-26","Kimpese","Kwilu-Ngongo","1h","Origin_Zone_Resident","Origin_Zone_Worker","ZoneGlobale","All_modes","345"
"2020-03-26","Kimpese","Kwilu-Ngongo","3h","Outside_Resident","Outside_Worker","ZoneGlobale","All_modes","251"
"2020-03-26","Kimpese","Kwilu-Ngongo","3h","Outside_Resident","Destination_Zone_Worker","ZoneGlobale","All_modes","120"
"2020-03-26","Kimpese","Kwilu-Ngongo","3h","Outside_Resident","Origin_Zone_Worker","ZoneGlobale","All_modes","115"
"2020-03-26","Kimpese","Kwilu-Ngongo","3h","Destination_Zone_Resident","Outside_Worker","ZoneGlobale","All_modes","76"
"2020-03-26","Kimpese","Kwilu-Ngongo","3h","Destination_Zone_Resident","Destination_Zone_Worker","ZoneGlobale","All_modes","857"
"2020-03-26","Kimpese","Kwilu-Ngongo","3h","Destination_Zone_Resident","Origin_Zone_Worker","ZoneGlobale","All_modes","424"
"2020-03-26","Kimpese","Kwilu-Ngongo","3h","Study_Zone_Resident","Destination_Zone_Worker","ZoneGlobale","All_modes","23"
"2020-03-26","Kimpese","Kwilu-Ngongo","3h","Study_Zone_Resident","Study_Zone_Worker","ZoneGlobale","All_modes","158"
"2020-03-26","Kimpese","Kwilu-Ngongo","3h","Origin_Zone_Resident","Outside_Worker","ZoneGlobale","All_modes","25"
"2020-03-26","Kimpese","Kwilu-Ngongo","3h","Origin_Zone_Resident","Destination_Zone_Worker","ZoneGlobale","All_modes","53"
"2020-03-26","Kimpese","Kwilu-Ngongo","3h","Origin_Zone_Resident","Origin_Zone_Worker","ZoneGlobale","All_modes","790"
"2020-03-26","Kimpese","Luozi","1h","Outside_Resident","Outside_Worker","ZoneGlobale","All_modes","197"
"2020-03-26","Kimpese","Luozi","1h","Outside_Resident","Destination_Zone_Worker","ZoneGlobale","All_modes","21"
"2020-03-26","Kimpese","Luozi","1h","Destination_Zone_Resident","Outside_Worker","ZoneGlobale","All_modes","53"
"2020-03-26","Kimpese","Luozi","1h","Destination_Zone_Resident","Destination_Zone_Worker","ZoneGlobale","All_modes","188"
"2020-03-26","Kimpese","Luozi","1h","Destination_Zone_Resident","Study_Zone_Worker","ZoneGlobale","All_modes","27"
"2020-03-26","Kimpese","Luozi","1h","Study_Zone_Resident","Destination_Zone_Worker","ZoneGlobale","All_modes","26"
"2020-03-26","Kimpese","Luozi","1h","Study_Zone_Resident","Study_Zone_Worker","ZoneGlobale","All_modes","51"
"2020-03-26","Kimpese","Luozi","1h","Study_Zone_Resident","Origin_Zone_Worker","ZoneGlobale","All_modes","35"
"2020-03-26","Kimpese","Luozi","1h","Origin_Zone_Resident","Destination_Zone_Worker","ZoneGlobale","All_modes","51"
"2020-03-26","Kimpese","Luozi","1h","Origin_Zone_Resident","Origin_Zone_Worker","ZoneGlobale","All_modes","78"
"2020-03-26","Kimpese","Luozi","3h","Outside_Resident","Outside_Worker","ZoneGlobale","All_modes","203"
"2020-03-26","Kimpese","Luozi","3h","Outside_Resident","Destination_Zone_Worker","ZoneGlobale","All_modes","105"
"2020-03-26","Kimpese","Luozi","3h","Outside_Resident","Study_Zone_Worker","ZoneGlobale","All_modes","26"
"2020-03-26","Kimpese","Luozi","3h","Outside_Resident","Origin_Zone_Worker","ZoneGlobale","All_modes","39"
"2020-03-26","Kimpese","Luozi","3h","Destination_Zone_Resident","Outside_Worker","ZoneGlobale","All_modes","27"
"2020-03-26","Kimpese","Luozi","3h","Destination_Zone_Resident","Destination_Zone_Worker","ZoneGlobale","All_modes","374"
"2020-03-26","Kimpese","Luozi","3h","Destination_Zone_Resident","Origin_Zone_Worker","ZoneGlobale","All_modes","24"
"2020-03-26","Kimpese","Luozi","3h","Study_Zone_Resident","Destination_Zone_Worker","ZoneGlobale","All_modes","21"
"2020-03-26","Kimpese","Luozi","3h","Study_Zone_Resident","Study_Zone_Worker","ZoneGlobale","All_modes","81"
"2020-03-26","Kimpese","Luozi","3h","Study_Zone_Resident","Origin_Zone_Worker","ZoneGlobale","All_modes","24"
"2020-03-26","Kimpese","Luozi","3h","Origin_Zone_Resident","Outside_Worker","ZoneGlobale","All_modes","64"
"2020-03-26","Kimpese","Luozi","3h","Origin_Zone_Resident","Destination_Zone_Worker","ZoneGlobale","All_modes","83"
"2020-03-26","Kimpese","Luozi","3h","Origin_Zone_Resident","Origin_Zone_Worker","ZoneGlobale","All_modes","121"
"2020-03-26","Kimpese","Mangembo","1h","Outside_Resident","Outside_Worker","ZoneGlobale","All_modes","27"
"2020-03-26","Kimpese","Mangembo","1h","Outside_Resident","Study_Zone_Worker","ZoneGlobale","All_modes","26"
"2020-03-26","Kimpese","Mangembo","1h","Destination_Zone_Resident","Destination_Zone_Worker","ZoneGlobale","All_modes","67"
"2020-03-26","Kimpese","Mangembo","1h","Study_Zone_Resident","Study_Zone_Worker","ZoneGlobale","All_modes","72"
"2020-03-26","Kimpese","Mangembo","3h","Outside_Resident","Outside_Worker","ZoneGlobale","All_modes","165"
"2020-03-26","Kimpese","Mangembo","3h","Outside_Resident","Study_Zone_Worker","ZoneGlobale","All_modes","26"
"2020-03-26","Kimpese","Mangembo","3h","Destination_Zone_Resident","Destination_Zone_Worker","ZoneGlobale","All_modes","40"
"2020-03-26","Kimpese","Mangembo","3h","Destination_Zone_Resident","Study_Zone_Worker","ZoneGlobale","All_modes","27"
"2020-03-26","Kimpese","Mangembo","3h","Destination_Zone_Resident","Origin_Zone_Worker","ZoneGlobale","All_modes","40"
"2020-03-26","Kimpese","Mangembo","3h","Study_Zone_Resident","Study_Zone_Worker","ZoneGlobale","All_modes","67"
"2020-03-26","Kimpese","Mangembo","3h","Study_Zone_Resident","Origin_Zone_Worker","ZoneGlobale","All_modes","26"
"2020-03-26","Kimpese","Mangembo","3h","Origin_Zone_Resident","Origin_Zone_Worker","ZoneGlobale","All_modes","26"
"2020-03-26","Kimpese","Masa","3h","Outside_Resident","Outside_Worker","ZoneGlobale","All_modes","67"
"2020-03-26","Kimpese","Masa","3h","Study_Zone_Resident","Study_Zone_Worker","ZoneGlobale","All_modes","40"
"2020-03-26","Kimpese","Masa","3h","Origin_Zone_Resident","Origin_Zone_Worker","ZoneGlobale","All_modes","26"
"2020-03-26","Kimpese","Matadi","1h","Destination_Zone_Resident","Destination_Zone_Worker","ZoneGlobale","All_modes","88"
"2020-03-26","Kimpese","Matadi","3h","Destination_Zone_Resident","Destination_Zone_Worker","ZoneGlobale","All_modes","44"
"2020-03-26","Kimpese","Matadi","3h","Study_Zone_Resident","Study_Zone_Worker","ZoneGlobale","All_modes","27"
"2020-03-26","Kimpese","Mbanza-Ngungu","1h","Outside_Resident","Outside_Worker","ZoneGlobale","All_modes","62"
"2020-03-26","Kimpese","Mbanza-Ngungu","1h","Destination_Zone_Resident","Destination_Zone_Worker","ZoneGlobale","All_modes","24"
"2020-03-26","Kimpese","Mbanza-Ngungu","1h","Study_Zone_Resident","Study_Zone_Worker","ZoneGlobale","All_modes","25"
"2020-03-26","Kimpese","Mbanza-Ngungu","3h","Outside_Resident","Outside_Worker","ZoneGlobale","All_modes","51"
"2020-03-26","Kimpese","Mbanza-Ngungu","3h","Destination_Zone_Resident","Destination_Zone_Worker","ZoneGlobale","All_modes","66"
"2020-03-26","Kimpese","Mbanza-Ngungu","3h","Study_Zone_Resident","Study_Zone_Worker","ZoneGlobale","All_modes","93"
"2020-03-26","Kimpese","Mbanza-Ngungu","3h","Origin_Zone_Resident","Outside_Worker","ZoneGlobale","All_modes","27"
"2020-03-26","Kimpese","Mbanza-Ngungu","3h","Origin_Zone_Resident","Destination_Zone_Worker","ZoneGlobale","All_modes","27"
"2020-03-26","Kimpese","Mbanza-Ngungu","3h","Origin_Zone_Resident","Origin_Zone_Worker","ZoneGlobale","All_modes","51"
"2020-03-26","Kimpese","Mont Ngafula I","3h","Outside_Resident","Outside_Worker","ZoneGlobale","All_modes","22"
"2020-03-26","Kimpese","Nsona-Mpangu","1h","Outside_Resident","Outside_Worker","ZoneGlobale","All_modes","62"
"2020-03-26","Kimpese","Nsona-Mpangu","1h","Destination_Zone_Resident","Destination_Zone_Worker","ZoneGlobale","All_modes","24"
"2020-03-26","Kimpese","Nsona-Mpangu","1h","Study_Zone_Resident","Outside_Worker","ZoneGlobale","All_modes","26"
"2020-03-26","Kimpese","Nsona-Mpangu","1h","Study_Zone_Resident","Study_Zone_Worker","ZoneGlobale","All_modes","151"
"2020-03-26","Kimpese","Nsona-Mpangu","1h","Origin_Zone_Resident","Origin_Zone_Worker","ZoneGlobale","All_modes","50"
"2020-03-26","Kimpese","Nsona-Mpangu","3h","Outside_Resident","Outside_Worker","ZoneGlobale","All_modes","100"
"2020-03-26","Kimpese","Nsona-Mpangu","3h","Destination_Zone_Resident","Destination_Zone_Worker","ZoneGlobale","All_modes","40"
"2020-03-26","Kimpese","Nsona-Mpangu","3h","Destination_Zone_Resident","Study_Zone_Worker","ZoneGlobale","All_modes","56"
"2020-03-26","Kimpese","Nsona-Mpangu","3h","Study_Zone_Resident","Study_Zone_Worker","ZoneGlobale","All_modes","26"
"2020-03-26","Kimpese","Nsona-Mpangu","3h","Origin_Zone_Resident","Origin_Zone_Worker","ZoneGlobale","All_modes","108"
"2020-03-26","Kinda","Baka","1h","Outside_Resident","Origin_Zone_Worker","ZoneGlobale","All_modes","35"
"2020-03-26","Kinda","Baka","1h","Destination_Zone_Resident","Origin_Zone_Worker","ZoneGlobale","All_modes","35"
"2020-03-26","Kinda","Baka","1h","Origin_Zone_Resident","Destination_Zone_Worker","ZoneGlobale","All_modes","35"
"2020-03-26","Kinda","Baka","1h","Origin_Zone_Resident","Origin_Zone_Worker","ZoneGlobale","All_modes","35"
"2020-03-26","Kinda","Baka","3h","Outside_Resident","Outside_Worker","ZoneGlobale","All_modes","35"
"2020-03-26","Kinda","Baka","3h","Outside_Resident","Study_Zone_Worker","ZoneGlobale","All_modes","35"
"2020-03-26","Kinda","Baka","3h","Outside_Resident","Origin_Zone_Worker","ZoneGlobale","All_modes","35"
"2020-03-26","Kinda","Baka","3h","Destination_Zone_Resident","Outside_Worker","ZoneGlobale","All_modes","35"
"2020-03-26","Kinda","Baka","3h","Destination_Zone_Resident","Destination_Zone_Worker","ZoneGlobale","All_modes","106"
"2020-03-26","Kinda","Baka","3h","Destination_Zone_Resident","Origin_Zone_Worker","ZoneGlobale","All_modes","106"
"2020-03-26","Kinda","Baka","3h","Study_Zone_Resident","Origin_Zone_Worker","ZoneGlobale","All_modes","35"
"2020-03-26","Kinda","Baka","3h","Origin_Zone_Resident","Origin_Zone_Worker","ZoneGlobale","All_modes","35"
"2020-03-26","Kinda","Bukama","1h","Outside_Resident","Outside_Worker","ZoneGlobale","All_modes","35"
"2020-03-26","Kinda","Bukama","3h","Outside_Resident","Outside_Worker","ZoneGlobale","All_modes","35"
"2020-03-26","Kinda","Bukama","3h","Study_Zone_Resident","Study_Zone_Worker","ZoneGlobale","All_modes","35"
"2020-03-26","Kinda","Kabondo Dianda","3h","Outside_Resident","Outside_Worker","ZoneGlobale","All_modes","35"
"2020-03-26","Kinda","Kabondo Dianda","3h","Outside_Resident","Study_Zone_Worker","ZoneGlobale","All_modes","71"
"2020-03-26","Kinda","Kabondo Dianda","3h","Outside_Resident","Origin_Zone_Worker","ZoneGlobale","All_modes","35"
"2020-03-26","Kinda","Kamina","1h","Outside_Resident","Outside_Worker","ZoneGlobale","All_modes","142"
"2020-03-26","Kinda","Kamina","1h","Destination_Zone_Resident","Destination_Zone_Worker","ZoneGlobale","All_modes","106"
"2020-03-26","Kinda","Kamina","1h","Destination_Zone_Resident","Origin_Zone_Worker","ZoneGlobale","All_modes","35"
"2020-03-26","Kinda","Kamina","1h","Origin_Zone_Resident","Origin_Zone_Worker","ZoneGlobale","All_modes","142"
"2020-03-26","Kinda","Kamina","3h","Outside_Resident","Outside_Worker","ZoneGlobale","All_modes","284"
"2020-03-26","Kinda","Kamina","3h","Outside_Resident","Destination_Zone_Worker","ZoneGlobale","All_modes","249"
"2020-03-26","Kinda","Kamina","3h","Outside_Resident","Origin_Zone_Worker","ZoneGlobale","All_modes","142"
"2020-03-26","Kinda","Kamina","3h","Destination_Zone_Resident","Destination_Zone_Worker","ZoneGlobale","All_modes","320"
"2020-03-26","Kinda","Kamina","3h","Destination_Zone_Resident","Study_Zone_Worker","ZoneGlobale","All_modes","35"
"2020-03-26","Kinda","Kamina","3h","Destination_Zone_Resident","Origin_Zone_Worker","ZoneGlobale","All_modes","249"
"2020-03-26","Kinda","Kamina","3h","Study_Zone_Resident","Outside_Worker","ZoneGlobale","All_modes","71"
"2020-03-26","Kinda","Kamina","3h","Study_Zone_Resident","Destination_Zone_Worker","ZoneGlobale","All_modes","35"
"2020-03-26","Kinda","Kamina","3h","Study_Zone_Resident","Study_Zone_Worker","ZoneGlobale","All_modes","71"
"2020-03-26","Kinda","Kamina","3h","Origin_Zone_Resident","Destination_Zone_Worker","ZoneGlobale","All_modes","35"
"2020-03-26","Kinda","Kamina","3h","Origin_Zone_Resident","Origin_Zone_Worker","ZoneGlobale","All_modes","427"
"2020-03-26","Kingabwa","Barumbu","1h","Outside_Resident","Outside_Worker","ZoneGlobale","All_modes","71"
"2020-03-26","Kingabwa","Barumbu","1h","Outside_Resident","Destination_Zone_Worker","ZoneGlobale","All_modes","36"
"2020-03-26","Kingabwa","Barumbu","1h","Destination_Zone_Resident","Outside_Worker","ZoneGlobale","All_modes","24"
"2020-03-26","Kingabwa","Barumbu","1h","Destination_Zone_Resident","Destination_Zone_Worker","ZoneGlobale","All_modes","147"
"2020-03-26","Kingabwa","Barumbu","1h","Destination_Zone_Resident","Study_Zone_Worker","ZoneGlobale","All_modes","99"
"2020-03-26","Kingabwa","Barumbu","1h","Destination_Zone_Resident","Origin_Zone_Worker","ZoneGlobale","All_modes","50"
"2020-03-26","Kingabwa","Barumbu","1h","Study_Zone_Resident","Study_Zone_Worker","ZoneGlobale","All_modes","52"
"2020-03-26","Kingabwa","Barumbu","1h","Origin_Zone_Resident","Origin_Zone_Worker","ZoneGlobale","All_modes","22"
"2020-03-26","Kingabwa","Barumbu","3h","Outside_Resident","Outside_Worker","ZoneGlobale","All_modes","119"
"2020-03-26","Kingabwa","Barumbu","3h","Outside_Resident","Destination_Zone_Worker","ZoneGlobale","All_modes","36"
"2020-03-26","Kingabwa","Barumbu","3h","Outside_Resident","Origin_Zone_Worker","ZoneGlobale","All_modes","60"
"2020-03-26","Kingabwa","Barumbu","3h","Destination_Zone_Resident","Outside_Worker","ZoneGlobale","All_modes","40"
"2020-03-26","Kingabwa","Barumbu","3h","Destination_Zone_Resident","Destination_Zone_Worker","ZoneGlobale","All_modes","193"
"2020-03-26","Kingabwa","Barumbu","3h","Destination_Zone_Resident","Study_Zone_Worker","ZoneGlobale","All_modes","59"
"2020-03-26","Kingabwa","Barumbu","3h","Destination_Zone_Resident","Origin_Zone_Worker","ZoneGlobale","All_modes","166"
"2020-03-26","Kingabwa","Barumbu","3h","Study_Zone_Resident","Study_Zone_Worker","ZoneGlobale","All_modes","111"
"2020-03-26","Kingabwa","Barumbu","3h","Study_Zone_Resident","Origin_Zone_Worker","ZoneGlobale","All_modes","50"
"2020-03-26","Kingabwa","Barumbu","3h","Origin_Zone_Resident","Study_Zone_Worker","ZoneGlobale","All_modes","23"
"2020-03-26","Kingabwa","Barumbu","3h","Origin_Zone_Resident","Origin_Zone_Worker","ZoneGlobale","All_modes","63"
"2020-03-26","Kingabwa","Bikoro","1h","Origin_Zone_Resident","Origin_Zone_Worker","ZoneGlobale","All_modes","260"
"2020-03-26","Kingabwa","Binza Meteo","1h","Destination_Zone_Resident","Destination_Zone_Worker","ZoneGlobale","All_modes","68"
"2020-03-26","Kingabwa","Binza Meteo","1h","Destination_Zone_Resident","Study_Zone_Worker","ZoneGlobale","All_modes","46"
"2020-03-26","Kingabwa","Binza Meteo","1h","Study_Zone_Resident","Study_Zone_Worker","ZoneGlobale","All_modes","22"
"2020-03-26","Kingabwa","Binza Meteo","3h","Outside_Resident","Outside_Worker","ZoneGlobale","All_modes","27"
"2020-03-26","Kingabwa","Binza Meteo","3h","Outside_Resident","Origin_Zone_Worker","ZoneGlobale","All_modes","24"
"2020-03-26","Kingabwa","Binza Meteo","3h","Destination_Zone_Resident","Destination_Zone_Worker","ZoneGlobale","All_modes","77"
"2020-03-26","Kingabwa","Binza Meteo","3h","Destination_Zone_Resident","Study_Zone_Worker","ZoneGlobale","All_modes","55"
"2020-03-26","Kingabwa","Binza Meteo","3h","Destination_Zone_Resident","Origin_Zone_Worker","ZoneGlobale","All_modes","47"
"2020-03-26","Kingabwa","Binza Meteo","3h","Study_Zone_Resident","Study_Zone_Worker","ZoneGlobale","All_modes","52"
"2020-03-26","Kingabwa","Binza Meteo","3h","Study_Zone_Resident","Origin_Zone_Worker","ZoneGlobale","All_modes","48"
"2020-03-26","Kingabwa","Binza Ozone","1h","Outside_Resident","Outside_Worker","ZoneGlobale","All_modes","22"
"2020-03-26","Kingabwa","Binza Ozone","1h","Destination_Zone_Resident","Destination_Zone_Worker","ZoneGlobale","All_modes","72"
"2020-03-26","Kingabwa","Binza Ozone","1h","Destination_Zone_Resident","Origin_Zone_Worker","ZoneGlobale","All_modes","22"
"2020-03-26","Kingabwa","Binza Ozone","3h","Outside_Resident","Outside_Worker","ZoneGlobale","All_modes","45"
"2020-03-26","Kingabwa","Binza Ozone","3h","Destination_Zone_Resident","Destination_Zone_Worker","ZoneGlobale","All_modes","120"
"2020-03-26","Kingabwa","Binza Ozone","3h","Destination_Zone_Resident","Study_Zone_Worker","ZoneGlobale","All_modes","21"
"2020-03-26","Kingabwa","Binza Ozone","3h","Destination_Zone_Resident","Origin_Zone_Worker","ZoneGlobale","All_modes","36"
"2020-03-26","Kingabwa","Binza Ozone","3h","Study_Zone_Resident","Study_Zone_Worker","ZoneGlobale","All_modes","26"
"2020-03-26","Kingabwa","Binza Ozone","3h","Study_Zone_Resident","Origin_Zone_Worker","ZoneGlobale","All_modes","24"
"2020-03-26","Kingabwa","Bumbu","1h","Destination_Zone_Resident","Destination_Zone_Worker","ZoneGlobale","All_modes","49"
"2020-03-26","Kingabwa","Bumbu","1h","Study_Zone_Resident","Origin_Zone_Worker","ZoneGlobale","All_modes","22"
"2020-03-26","Kingabwa","Bumbu","3h","Outside_Resident","Outside_Worker","ZoneGlobale","All_modes","24"
"2020-03-26","Kingabwa","Bumbu","3h","Destination_Zone_Resident","Outside_Worker","ZoneGlobale","All_modes","63"
"2020-03-26","Kingabwa","Bumbu","3h","Destination_Zone_Resident","Destination_Zone_Worker","ZoneGlobale","All_modes","75"
"2020-03-26","Kingabwa","Bumbu","3h","Destination_Zone_Resident","Study_Zone_Worker","ZoneGlobale","All_modes","35"
"2020-03-26","Kingabwa","Bumbu","3h","Destination_Zone_Resident","Origin_Zone_Worker","ZoneGlobale","All_modes","26"
"2020-03-26","Kingabwa","Bumbu","3h","Study_Zone_Resident","Outside_Worker","ZoneGlobale","All_modes","24"
"2020-03-26","Kingabwa","Bumbu","3h","Study_Zone_Resident","Study_Zone_Worker","ZoneGlobale","All_modes","40"
"2020-03-26","Kingabwa","Bumbu","3h","Study_Zone_Resident","Origin_Zone_Worker","ZoneGlobale","All_modes","66"
"2020-03-26","Kingabwa","Gombe","1h","Destination_Zone_Resident","Destination_Zone_Worker","ZoneGlobale","All_modes","49"
"2020-03-26","Kingabwa","Gombe","1h","Destination_Zone_Resident","Origin_Zone_Worker","ZoneGlobale","All_modes","46"
"2020-03-26","Kingabwa","Gombe","3h","Outside_Resident","Outside_Worker","ZoneGlobale","All_modes","50"
"2020-03-26","Kingabwa","Gombe","3h","Outside_Resident","Destination_Zone_Worker","ZoneGlobale","All_modes","31"
"2020-03-26","Kingabwa","Gombe","3h","Destination_Zone_Resident","Destination_Zone_Worker","ZoneGlobale","All_modes","59"
"2020-03-26","Kingabwa","Gombe","3h","Destination_Zone_Resident","Study_Zone_Worker","ZoneGlobale","All_modes","30"
"2020-03-26","Kingabwa","Gombe","3h","Destination_Zone_Resident","Origin_Zone_Worker","ZoneGlobale","All_modes","72"
"2020-03-26","Kingabwa","Gombe","3h","Study_Zone_Resident","Study_Zone_Worker","ZoneGlobale","All_modes","26"
"2020-03-26","Kingabwa","Gombe","3h","Origin_Zone_Resident","Origin_Zone_Worker","ZoneGlobale","All_modes","27"
"2020-03-26","Kingabwa","Kalamu I","1h","Outside_Resident","Outside_Worker","ZoneGlobale","All_modes","47"
"2020-03-26","Kingabwa","Kalamu I","1h","Outside_Resident","Origin_Zone_Worker","ZoneGlobale","All_modes","37"
"2020-03-26","Kingabwa","Kalamu I","1h","Destination_Zone_Resident","Destination_Zone_Worker","ZoneGlobale","All_modes","141"
"2020-03-26","Kingabwa","Kalamu I","1h","Destination_Zone_Resident","Origin_Zone_Worker","ZoneGlobale","All_modes","91"
"2020-03-26","Kingabwa","Kalamu I","1h","Study_Zone_Resident","Study_Zone_Worker","ZoneGlobale","All_modes","51"
"2020-03-26","Kingabwa","Kalamu I","3h","Outside_Resident","Outside_Worker","ZoneGlobale","All_modes","110"
"2020-03-26","Kingabwa","Kalamu I","3h","Outside_Resident","Origin_Zone_Worker","ZoneGlobale","All_modes","69"
"2020-03-26","Kingabwa","Kalamu I","3h","Destination_Zone_Resident","Destination_Zone_Worker","ZoneGlobale","All_modes","135"
"2020-03-26","Kingabwa","Kalamu I","3h","Destination_Zone_Resident","Study_Zone_Worker","ZoneGlobale","All_modes","40"
"2020-03-26","Kingabwa","Kalamu I","3h","Destination_Zone_Resident","Origin_Zone_Worker","ZoneGlobale","All_modes","148"
"2020-03-26","Kingabwa","Kalamu I","3h","Study_Zone_Resident","Study_Zone_Worker","ZoneGlobale","All_modes","93"
"2020-03-26","Kingabwa","Kalamu I","3h","Study_Zone_Resident","Origin_Zone_Worker","ZoneGlobale","All_modes","109"
"2020-03-26","Kingabwa","Kalamu I","3h","Origin_Zone_Resident","Origin_Zone_Worker","ZoneGlobale","All_modes","22"
"2020-03-26","Kingabwa","Kalamu II","1h","Outside_Resident","Outside_Worker","ZoneGlobale","All_modes","73"
"2020-03-26","Kingabwa","Kalamu II","1h","Destination_Zone_Resident","Destination_Zone_Worker","ZoneGlobale","All_modes","133"
"2020-03-26","Kingabwa","Kalamu II","1h","Study_Zone_Resident","Study_Zone_Worker","ZoneGlobale","All_modes","22"
"2020-03-26","Kingabwa","Kalamu II","1h","Origin_Zone_Resident","Origin_Zone_Worker","ZoneGlobale","All_modes","22"
"2020-03-26","Kingabwa","Kalamu II","3h","Outside_Resident","Outside_Worker","ZoneGlobale","All_modes","105"
"2020-03-26","Kingabwa","Kalamu II","3h","Outside_Resident","Study_Zone_Worker","ZoneGlobale","All_modes","36"
"2020-03-26","Kingabwa","Kalamu II","3h","Outside_Resident","Origin_Zone_Worker","ZoneGlobale","All_modes","23"
"2020-03-26","Kingabwa","Kalamu II","3h","Destination_Zone_Resident","Destination_Zone_Worker","ZoneGlobale","All_modes","134"
"2020-03-26","Kingabwa","Kalamu II","3h","Destination_Zone_Resident","Study_Zone_Worker","ZoneGlobale","All_modes","64"
"2020-03-26","Kingabwa","Kalamu II","3h","Destination_Zone_Resident","Origin_Zone_Worker","ZoneGlobale","All_modes","46"
"2020-03-26","Kingabwa","Kalamu II","3h","Study_Zone_Resident","Study_Zone_Worker","ZoneGlobale","All_modes","64"
"2020-03-26","Kingabwa","Kalamu II","3h","Origin_Zone_Resident","Destination_Zone_Worker","ZoneGlobale","All_modes","22"
"2020-03-26","Kingabwa","Kalamu II","3h","Origin_Zone_Resident","Origin_Zone_Worker","ZoneGlobale","All_modes","22"
"2020-03-26","Kingabwa","Kasa-Vubu","1h","Destination_Zone_Resident","Destination_Zone_Worker","ZoneGlobale","All_modes","73"
"2020-03-26","Kingabwa","Kasa-Vubu","1h","Origin_Zone_Resident","Origin_Zone_Worker","ZoneGlobale","All_modes","24"
"2020-03-26","Kingabwa","Kasa-Vubu","3h","Outside_Resident","Outside_Worker","ZoneGlobale","All_modes","72"
"2020-03-26","Kingabwa","Kasa-Vubu","3h","Destination_Zone_Resident","Destination_Zone_Worker","ZoneGlobale","All_modes","148"
"2020-03-26","Kingabwa","Kasa-Vubu","3h","Destination_Zone_Resident","Study_Zone_Worker","ZoneGlobale","All_modes","46"
"2020-03-26","Kingabwa","Kasa-Vubu","3h","Destination_Zone_Resident","Origin_Zone_Worker","ZoneGlobale","All_modes","60"
"2020-03-26","Kingabwa","Kikimi","1h","Outside_Resident","Outside_Worker","ZoneGlobale","All_modes","46"
"2020-03-26","Kingabwa","Kikimi","1h","Destination_Zone_Resident","Destination_Zone_Worker","ZoneGlobale","All_modes","53"
"2020-03-26","Kingabwa","Kikimi","1h","Destination_Zone_Resident","Study_Zone_Worker","ZoneGlobale","All_modes","45"
"2020-03-26","Kingabwa","Kikimi","1h","Destination_Zone_Resident","Origin_Zone_Worker","ZoneGlobale","All_modes","32"
"2020-03-26","Kingabwa","Kikimi","3h","Outside_Resident","Outside_Worker","ZoneGlobale","All_modes","158"
"2020-03-26","Kingabwa","Kikimi","3h","Outside_Resident","Destination_Zone_Worker","ZoneGlobale","All_modes","27"
"2020-03-26","Kingabwa","Kikimi","3h","Outside_Resident","Study_Zone_Worker","ZoneGlobale","All_modes","21"
"2020-03-26","Kingabwa","Kikimi","3h","Destination_Zone_Resident","Outside_Worker","ZoneGlobale","All_modes","58"
"2020-03-26","Kingabwa","Kikimi","3h","Destination_Zone_Resident","Destination_Zone_Worker","ZoneGlobale","All_modes","145"
"2020-03-26","Kingabwa","Kikimi","3h","Destination_Zone_Resident","Study_Zone_Worker","ZoneGlobale","All_modes","59"
"2020-03-26","Kingabwa","Kikimi","3h","Destination_Zone_Resident","Origin_Zone_Worker","ZoneGlobale","All_modes","83"
"2020-03-26","Kingabwa","Kikimi","3h","Study_Zone_Resident","Origin_Zone_Worker","ZoneGlobale","All_modes","47"
"2020-03-26","Kingabwa","Kimbanseke","1h","Outside_Resident","Outside_Worker","ZoneGlobale","All_modes","110"
"2020-03-26","Kingabwa","Kimbanseke","1h","Outside_Resident","Destination_Zone_Worker","ZoneGlobale","All_modes","37"
"2020-03-26","Kingabwa","Kimbanseke","1h","Outside_Resident","Study_Zone_Worker","ZoneGlobale","All_modes","55"
"2020-03-26","Kingabwa","Kimbanseke","1h","Outside_Resident","Origin_Zone_Worker","ZoneGlobale","All_modes","404"
"2020-03-26","Kingabwa","Kimbanseke","1h","Destination_Zone_Resident","Outside_Worker","ZoneGlobale","All_modes","71"
"2020-03-26","Kingabwa","Kimbanseke","1h","Destination_Zone_Resident","Destination_Zone_Worker","ZoneGlobale","All_modes","254"
"2020-03-26","Kingabwa","Kimbanseke","1h","Destination_Zone_Resident","Study_Zone_Worker","ZoneGlobale","All_modes","108"
"2020-03-26","Kingabwa","Kimbanseke","1h","Destination_Zone_Resident","Origin_Zone_Worker","ZoneGlobale","All_modes","170"
"2020-03-26","Kingabwa","Kimbanseke","1h","Study_Zone_Resident","Study_Zone_Worker","ZoneGlobale","All_modes","53"
"2020-03-26","Kingabwa","Kimbanseke","3h","Outside_Resident","Outside_Worker","ZoneGlobale","All_modes","405"
"2020-03-26","Kingabwa","Kimbanseke","3h","Outside_Resident","Destination_Zone_Worker","ZoneGlobale","All_modes","24"
"2020-03-26","Kingabwa","Kimbanseke","3h","Outside_Resident","Origin_Zone_Worker","ZoneGlobale","All_modes","417"
"2020-03-26","Kingabwa","Kimbanseke","3h","Destination_Zone_Resident","Outside_Worker","ZoneGlobale","All_modes","113"
"2020-03-26","Kingabwa","Kimbanseke","3h","Destination_Zone_Resident","Destination_Zone_Worker","ZoneGlobale","All_modes","356"
"2020-03-26","Kingabwa","Kimbanseke","3h","Destination_Zone_Resident","Study_Zone_Worker","ZoneGlobale","All_modes","192"
"2020-03-26","Kingabwa","Kimbanseke","3h","Destination_Zone_Resident","Origin_Zone_Worker","ZoneGlobale","All_modes","454"
"2020-03-26","Kingabwa","Kimbanseke","3h","Study_Zone_Resident","Outside_Worker","ZoneGlobale","All_modes","66"
"2020-03-26","Kingabwa","Kimbanseke","3h","Study_Zone_Resident","Study_Zone_Worker","ZoneGlobale","All_modes","97"
"2020-03-26","Kingabwa","Kimbanseke","3h","Study_Zone_Resident","Origin_Zone_Worker","ZoneGlobale","All_modes","96"
"2020-03-26","Kingabwa","Kimbanseke","3h","Origin_Zone_Resident","Origin_Zone_Worker","ZoneGlobale","All_modes","36"
"2020-03-26","Kingabwa","Kinshasa","1h","Outside_Resident","Outside_Worker","ZoneGlobale","All_modes","24"
"2020-03-26","Kingabwa","Kinshasa","1h","Destination_Zone_Resident","Destination_Zone_Worker","ZoneGlobale","All_modes","79"
"2020-03-26","Kingabwa","Kinshasa","1h","Destination_Zone_Resident","Study_Zone_Worker","ZoneGlobale","All_modes","44"
"2020-03-26","Kingabwa","Kinshasa","1h","Destination_Zone_Resident","Origin_Zone_Worker","ZoneGlobale","All_modes","25"
"2020-03-26","Kingabwa","Kinshasa","3h","Outside_Resident","Outside_Worker","ZoneGlobale","All_modes","48"
"2020-03-26","Kingabwa","Kinshasa","3h","Outside_Resident","Study_Zone_Worker","ZoneGlobale","All_modes","23"
"2020-03-26","Kingabwa","Kinshasa","3h","Destination_Zone_Resident","Destination_Zone_Worker","ZoneGlobale","All_modes","103"
"2020-03-26","Kingabwa","Kinshasa","3h","Destination_Zone_Resident","Study_Zone_Worker","ZoneGlobale","All_modes","59"
"2020-03-26","Kingabwa","Kinshasa","3h","Destination_Zone_Resident","Origin_Zone_Worker","ZoneGlobale","All_modes","52"
"2020-03-26","Kingabwa","Kinshasa","3h","Study_Zone_Resident","Study_Zone_Worker","ZoneGlobale","All_modes","35"
"2020-03-26","Kingabwa","Kinshasa","3h","Study_Zone_Resident","Origin_Zone_Worker","ZoneGlobale","All_modes","37"
"2020-03-26","Kingabwa","Kinshasa","3h","Origin_Zone_Resident","Origin_Zone_Worker","ZoneGlobale","All_modes","40"
"2020-03-26","Kingabwa","Kintambo","3h","Outside_Resident","Study_Zone_Worker","ZoneGlobale","All_modes","21"
"2020-03-26","Kingabwa","Kintambo","3h","Study_Zone_Resident","Study_Zone_Worker","ZoneGlobale","All_modes","40"
"2020-03-26","Kingabwa","Kisenso","1h","Outside_Resident","Outside_Worker","ZoneGlobale","All_modes","130"
"2020-03-26","Kingabwa","Kisenso","1h","Outside_Resident","Destination_Zone_Worker","ZoneGlobale","All_modes","35"
"2020-03-26","Kingabwa","Kisenso","1h","Outside_Resident","Study_Zone_Worker","ZoneGlobale","All_modes","45"
"2020-03-26","Kingabwa","Kisenso","1h","Destination_Zone_Resident","Outside_Worker","ZoneGlobale","All_modes","38"
"2020-03-26","Kingabwa","Kisenso","1h","Destination_Zone_Resident","Destination_Zone_Worker","ZoneGlobale","All_modes","370"
"2020-03-26","Kingabwa","Kisenso","1h","Destination_Zone_Resident","Study_Zone_Worker","ZoneGlobale","All_modes","146"
"2020-03-26","Kingabwa","Kisenso","1h","Destination_Zone_Resident","Origin_Zone_Worker","ZoneGlobale","All_modes","205"
"2020-03-26","Kingabwa","Kisenso","1h","Study_Zone_Resident","Outside_Worker","ZoneGlobale","All_modes","21"
"2020-03-26","Kingabwa","Kisenso","1h","Study_Zone_Resident","Study_Zone_Worker","ZoneGlobale","All_modes","47"
"2020-03-26","Kingabwa","Kisenso","3h","Outside_Resident","Outside_Worker","ZoneGlobale","All_modes","241"
"2020-03-26","Kingabwa","Kisenso","3h","Outside_Resident","Destination_Zone_Worker","ZoneGlobale","All_modes","49"
"2020-03-26","Kingabwa","Kisenso","3h","Outside_Resident","Study_Zone_Worker","ZoneGlobale","All_modes","70"
"2020-03-26","Kingabwa","Kisenso","3h","Outside_Resident","Origin_Zone_Worker","ZoneGlobale","All_modes","96"
"2020-03-26","Kingabwa","Kisenso","3h","Destination_Zone_Resident","Outside_Worker","ZoneGlobale","All_modes","114"
"2020-03-26","Kingabwa","Kisenso","3h","Destination_Zone_Resident","Destination_Zone_Worker","ZoneGlobale","All_modes","500"
"2020-03-26","Kingabwa","Kisenso","3h","Destination_Zone_Resident","Study_Zone_Worker","ZoneGlobale","All_modes","168"
"2020-03-26","Kingabwa","Kisenso","3h","Destination_Zone_Resident","Origin_Zone_Worker","ZoneGlobale","All_modes","546"
"2020-03-26","Kingabwa","Kisenso","3h","Study_Zone_Resident","Outside_Worker","ZoneGlobale","All_modes","24"
"2020-03-26","Kingabwa","Kisenso","3h","Study_Zone_Resident","Destination_Zone_Worker","ZoneGlobale","All_modes","32"
"2020-03-26","Kingabwa","Kisenso","3h","Study_Zone_Resident","Study_Zone_Worker","ZoneGlobale","All_modes","111"
"2020-03-26","Kingabwa","Kisenso","3h","Study_Zone_Resident","Origin_Zone_Worker","ZoneGlobale","All_modes","62"
"2020-03-26","Kingabwa","Kokolo","1h","Outside_Resident","Outside_Worker","ZoneGlobale","All_modes","26"
"2020-03-26","Kingabwa","Kokolo","1h","Destination_Zone_Resident","Destination_Zone_Worker","ZoneGlobale","All_modes","22"
"2020-03-26","Kingabwa","Kokolo","1h","Destination_Zone_Resident","Origin_Zone_Worker","ZoneGlobale","All_modes","35"
"2020-03-26","Kingabwa","Kokolo","1h","Study_Zone_Resident","Study_Zone_Worker","ZoneGlobale","All_modes","24"
"2020-03-26","Kingabwa","Kokolo","1h","Origin_Zone_Resident","Origin_Zone_Worker","ZoneGlobale","All_modes","26"
"2020-03-26","Kingabwa","Kokolo","3h","Outside_Resident","Outside_Worker","ZoneGlobale","All_modes","27"
"2020-03-26","Kingabwa","Kokolo","3h","Destination_Zone_Resident","Destination_Zone_Worker","ZoneGlobale","All_modes","45"
"2020-03-26","Kingabwa","Kokolo","3h","Destination_Zone_Resident","Origin_Zone_Worker","ZoneGlobale","All_modes","86"
"2020-03-26","Kingabwa","Kokolo","3h","Origin_Zone_Resident","Origin_Zone_Worker","ZoneGlobale","All_modes","26"
"2020-03-26","Kingabwa","Lemba","1h","Outside_Resident","Outside_Worker","ZoneGlobale","All_modes","91"
"2020-03-26","Kingabwa","Lemba","1h","Outside_Resident","Destination_Zone_Worker","ZoneGlobale","All_modes","56"
"2020-03-26","Kingabwa","Lemba","1h","Outside_Resident","Study_Zone_Worker","ZoneGlobale","All_modes","23"
"2020-03-26","Kingabwa","Lemba","1h","Outside_Resident","Origin_Zone_Worker","ZoneGlobale","All_modes","24"
"2020-03-26","Kingabwa","Lemba","1h","Destination_Zone_Resident","Outside_Worker","ZoneGlobale","All_modes","40"
"2020-03-26","Kingabwa","Lemba","1h","Destination_Zone_Resident","Destination_Zone_Worker","ZoneGlobale","All_modes","405"
"2020-03-26","Kingabwa","Lemba","1h","Destination_Zone_Resident","Study_Zone_Worker","ZoneGlobale","All_modes","158"
"2020-03-26","Kingabwa","Lemba","1h","Destination_Zone_Resident","Origin_Zone_Worker","ZoneGlobale","All_modes","127"
"2020-03-26","Kingabwa","Lemba","1h","Study_Zone_Resident","Outside_Worker","ZoneGlobale","All_modes","63"
"2020-03-26","Kingabwa","Lemba","1h","Study_Zone_Resident","Destination_Zone_Worker","ZoneGlobale","All_modes","37"
"2020-03-26","Kingabwa","Lemba","1h","Study_Zone_Resident","Study_Zone_Worker","ZoneGlobale","All_modes","70"
"2020-03-26","Kingabwa","Lemba","1h","Origin_Zone_Resident","Origin_Zone_Worker","ZoneGlobale","All_modes","130"
"2020-03-26","Kingabwa","Lemba","3h","Outside_Resident","Outside_Worker","ZoneGlobale","All_modes","239"
"2020-03-26","Kingabwa","Lemba","3h","Outside_Resident","Destination_Zone_Worker","ZoneGlobale","All_modes","41"
"2020-03-26","Kingabwa","Lemba","3h","Outside_Resident","Study_Zone_Worker","ZoneGlobale","All_modes","91"
"2020-03-26","Kingabwa","Lemba","3h","Outside_Resident","Origin_Zone_Worker","ZoneGlobale","All_modes","62"
"2020-03-26","Kingabwa","Lemba","3h","Destination_Zone_Resident","Outside_Worker","ZoneGlobale","All_modes","47"
"2020-03-26","Kingabwa","Lemba","3h","Destination_Zone_Resident","Destination_Zone_Worker","ZoneGlobale","All_modes","555"
"2020-03-26","Kingabwa","Lemba","3h","Destination_Zone_Resident","Study_Zone_Worker","ZoneGlobale","All_modes","176"
"2020-03-26","Kingabwa","Lemba","3h","Destination_Zone_Resident","Origin_Zone_Worker","ZoneGlobale","All_modes","215"
"2020-03-26","Kingabwa","Lemba","3h","Study_Zone_Resident","Outside_Worker","ZoneGlobale","All_modes","49"
"2020-03-26","Kingabwa","Lemba","3h","Study_Zone_Resident","Destination_Zone_Worker","ZoneGlobale","All_modes","27"
"2020-03-26","Kingabwa","Lemba","3h","Study_Zone_Resident","Study_Zone_Worker","ZoneGlobale","All_modes","432"
"2020-03-26","Kingabwa","Lemba","3h","Study_Zone_Resident","Origin_Zone_Worker","ZoneGlobale","All_modes","114"
"2020-03-26","Kingabwa","Lemba","3h","Origin_Zone_Resident","Outside_Worker","ZoneGlobale","All_modes","22"
"2020-03-26","Kingabwa","Lemba","3h","Origin_Zone_Resident","Origin_Zone_Worker","ZoneGlobale","All_modes","138"
"2020-03-26","Kingabwa","Limete","1h","Outside_Resident","Outside_Worker","ZoneGlobale","All_modes","464"
"2020-03-26","Kingabwa","Limete","1h","Outside_Resident","Destination_Zone_Worker","ZoneGlobale","All_modes","101"
"2020-03-26","Kingabwa","Limete","1h","Outside_Resident","Study_Zone_Worker","ZoneGlobale","All_modes","339"
"2020-03-26","Kingabwa","Limete","1h","Outside_Resident","Origin_Zone_Worker","ZoneGlobale","All_modes","85"
"2020-03-26","Kingabwa","Limete","1h","Destination_Zone_Resident","Outside_Worker","ZoneGlobale","All_modes","39"
"2020-03-26","Kingabwa","Limete","1h","Destination_Zone_Resident","Destination_Zone_Worker","ZoneGlobale","All_modes","1287"
"2020-03-26","Kingabwa","Limete","1h","Destination_Zone_Resident","Study_Zone_Worker","ZoneGlobale","All_modes","249"
"2020-03-26","Kingabwa","Limete","1h","Destination_Zone_Resident","Origin_Zone_Worker","ZoneGlobale","All_modes","268"
"2020-03-26","Kingabwa","Limete","1h","Study_Zone_Resident","Destination_Zone_Worker","ZoneGlobale","All_modes","56"
"2020-03-26","Kingabwa","Limete","1h","Study_Zone_Resident","Study_Zone_Worker","ZoneGlobale","All_modes","330"
"2020-03-26","Kingabwa","Limete","1h","Study_Zone_Resident","Origin_Zone_Worker","ZoneGlobale","All_modes","32"
"2020-03-26","Kingabwa","Limete","1h","Origin_Zone_Resident","Destination_Zone_Worker","ZoneGlobale","All_modes","155"
"2020-03-26","Kingabwa","Limete","1h","Origin_Zone_Resident","Study_Zone_Worker","ZoneGlobale","All_modes","44"
"2020-03-26","Kingabwa","Limete","1h","Origin_Zone_Resident","Origin_Zone_Worker","ZoneGlobale","All_modes","459"
"2020-03-26","Kingabwa","Limete","3h","Outside_Resident","Outside_Worker","ZoneGlobale","All_modes","828"
"2020-03-26","Kingabwa","Limete","3h","Outside_Resident","Destination_Zone_Worker","ZoneGlobale","All_modes","193"
"2020-03-26","Kingabwa","Limete","3h","Outside_Resident","Study_Zone_Worker","ZoneGlobale","All_modes","103"
"2020-03-26","Kingabwa","Limete","3h","Outside_Resident","Origin_Zone_Worker","ZoneGlobale","All_modes","410"
"2020-03-26","Kingabwa","Limete","3h","Destination_Zone_Resident","Outside_Worker","ZoneGlobale","All_modes","122"
"2020-03-26","Kingabwa","Limete","3h","Destination_Zone_Resident","Destination_Zone_Worker","ZoneGlobale","All_modes","1419"
"2020-03-26","Kingabwa","Limete","3h","Destination_Zone_Resident","Study_Zone_Worker","ZoneGlobale","All_modes","218"
"2020-03-26","Kingabwa","Limete","3h","Destination_Zone_Resident","Origin_Zone_Worker","ZoneGlobale","All_modes","495"
"2020-03-26","Kingabwa","Limete","3h","Study_Zone_Resident","Destination_Zone_Worker","ZoneGlobale","All_modes","76"
"2020-03-26","Kingabwa","Limete","3h","Study_Zone_Resident","Study_Zone_Worker","ZoneGlobale","All_modes","377"
"2020-03-26","Kingabwa","Limete","3h","Study_Zone_Resident","Origin_Zone_Worker","ZoneGlobale","All_modes","107"
"2020-03-26","Kingabwa","Limete","3h","Origin_Zone_Resident","Outside_Worker","ZoneGlobale","All_modes","35"
"2020-03-26","Kingabwa","Limete","3h","Origin_Zone_Resident","Destination_Zone_Worker","ZoneGlobale","All_modes","161"
"2020-03-26","Kingabwa","Limete","3h","Origin_Zone_Resident","Study_Zone_Worker","ZoneGlobale","All_modes","66"
"2020-03-26","Kingabwa","Limete","3h","Origin_Zone_Resident","Origin_Zone_Worker","ZoneGlobale","All_modes","1045"
"2020-03-26","Kingabwa","Makala","1h","Destination_Zone_Resident","Destination_Zone_Worker","ZoneGlobale","All_modes","37"
"2020-03-26","Kingabwa","Makala","3h","Outside_Resident","Outside_Worker","ZoneGlobale","All_modes","59"
"2020-03-26","Kingabwa","Makala","3h","Outside_Resident","Origin_Zone_Worker","ZoneGlobale","All_modes","40"
"2020-03-26","Kingabwa","Makala","3h","Destination_Zone_Resident","Outside_Worker","ZoneGlobale","All_modes","24"
"2020-03-26","Kingabwa","Makala","3h","Destination_Zone_Resident","Destination_Zone_Worker","ZoneGlobale","All_modes","50"
"2020-03-26","Kingabwa","Makala","3h","Destination_Zone_Resident","Study_Zone_Worker","ZoneGlobale","All_modes","27"
"2020-03-26","Kingabwa","Makala","3h","Destination_Zone_Resident","Origin_Zone_Worker","ZoneGlobale","All_modes","60"
"2020-03-26","Kingabwa","Makala","3h","Study_Zone_Resident","Study_Zone_Worker","ZoneGlobale","All_modes","26"
"2020-03-26","Kingabwa","Maluku I","1h","Origin_Zone_Resident","Origin_Zone_Worker","ZoneGlobale","All_modes","46"
"2020-03-26","Kingabwa","Maluku I","3h","Outside_Resident","Outside_Worker","ZoneGlobale","All_modes","27"
"2020-03-26","Kingabwa","Maluku I","3h","Study_Zone_Resident","Study_Zone_Worker","ZoneGlobale","All_modes","49"
"2020-03-26","Kingabwa","Maluku I","3h","Origin_Zone_Resident","Study_Zone_Worker","ZoneGlobale","All_modes","26"
"2020-03-26","Kingabwa","Maluku I","3h","Origin_Zone_Resident","Origin_Zone_Worker","ZoneGlobale","All_modes","112"
"2020-03-26","Kingabwa","Masa","3h","Outside_Resident","Outside_Worker","ZoneGlobale","All_modes","27"
"2020-03-26","Kingabwa","Masa","3h","Study_Zone_Resident","Study_Zone_Worker","ZoneGlobale","All_modes","24"
"2020-03-26","Kingabwa","Masina I","1h","Outside_Resident","Outside_Worker","ZoneGlobale","All_modes","44"
"2020-03-26","Kingabwa","Masina I","1h","Destination_Zone_Resident","Outside_Worker","ZoneGlobale","All_modes","26"
"2020-03-26","Kingabwa","Masina I","1h","Destination_Zone_Resident","Destination_Zone_Worker","ZoneGlobale","All_modes","106"
"2020-03-26","Kingabwa","Masina I","1h","Destination_Zone_Resident","Study_Zone_Worker","ZoneGlobale","All_modes","22"
"2020-03-26","Kingabwa","Masina I","1h","Destination_Zone_Resident","Origin_Zone_Worker","ZoneGlobale","All_modes","27"
"2020-03-26","Kingabwa","Masina I","1h","Study_Zone_Resident","Study_Zone_Worker","ZoneGlobale","All_modes","24"
"2020-03-26","Kingabwa","Masina I","3h","Outside_Resident","Outside_Worker","ZoneGlobale","All_modes","44"
"2020-03-26","Kingabwa","Masina I","3h","Outside_Resident","Origin_Zone_Worker","ZoneGlobale","All_modes","24"
"2020-03-26","Kingabwa","Masina I","3h","Destination_Zone_Resident","Outside_Worker","ZoneGlobale","All_modes","39"
"2020-03-26","Kingabwa","Masina I","3h","Destination_Zone_Resident","Destination_Zone_Worker","ZoneGlobale","All_modes","121"
"2020-03-26","Kingabwa","Masina I","3h","Destination_Zone_Resident","Study_Zone_Worker","ZoneGlobale","All_modes","64"
"2020-03-26","Kingabwa","Masina I","3h","Destination_Zone_Resident","Origin_Zone_Worker","ZoneGlobale","All_modes","96"
"2020-03-26","Kingabwa","Masina I","3h","Study_Zone_Resident","Origin_Zone_Worker","ZoneGlobale","All_modes","40"
"2020-03-26","Kingabwa","Masina II","1h","Outside_Resident","Outside_Worker","ZoneGlobale","All_modes","534"
"2020-03-26","Kingabwa","Masina II","1h","Outside_Resident","Destination_Zone_Worker","ZoneGlobale","All_modes","128"
"2020-03-26","Kingabwa","Masina II","1h","Outside_Resident","Study_Zone_Worker","ZoneGlobale","All_modes","60"
"2020-03-26","Kingabwa","Masina II","1h","Outside_Resident","Origin_Zone_Worker","ZoneGlobale","All_modes","122"
"2020-03-26","Kingabwa","Masina II","1h","Destination_Zone_Resident","Outside_Worker","ZoneGlobale","All_modes","165"
"2020-03-26","Kingabwa","Masina II","1h","Destination_Zone_Resident","Destination_Zone_Worker","ZoneGlobale","All_modes","1731"
"2020-03-26","Kingabwa","Masina II","1h","Destination_Zone_Resident","Study_Zone_Worker","ZoneGlobale","All_modes","313"
"2020-03-26","Kingabwa","Masina II","1h","Destination_Zone_Resident","Origin_Zone_Worker","ZoneGlobale","All_modes","396"
"2020-03-26","Kingabwa","Masina II","1h","Study_Zone_Resident","Study_Zone_Worker","ZoneGlobale","All_modes","185"
"2020-03-26","Kingabwa","Masina II","1h","Origin_Zone_Resident","Outside_Worker","ZoneGlobale","All_modes","46"
"2020-03-26","Kingabwa","Masina II","1h","Origin_Zone_Resident","Destination_Zone_Worker","ZoneGlobale","All_modes","87"
"2020-03-26","Kingabwa","Masina II","1h","Origin_Zone_Resident","Study_Zone_Worker","ZoneGlobale","All_modes","101"
"2020-03-26","Kingabwa","Masina II","1h","Origin_Zone_Resident","Origin_Zone_Worker","ZoneGlobale","All_modes","585"
"2020-03-26","Kingabwa","Masina II","3h","Outside_Resident","Outside_Worker","ZoneGlobale","All_modes","1000"
"2020-03-26","Kingabwa","Masina II","3h","Outside_Resident","Destination_Zone_Worker","ZoneGlobale","All_modes","251"
"2020-03-26","Kingabwa","Masina II","3h","Outside_Resident","Study_Zone_Worker","ZoneGlobale","All_modes","124"
"2020-03-26","Kingabwa","Masina II","3h","Outside_Resident","Origin_Zone_Worker","ZoneGlobale","All_modes","446"
"2020-03-26","Kingabwa","Masina II","3h","Destination_Zone_Resident","Outside_Worker","ZoneGlobale","All_modes","257"
"2020-03-26","Kingabwa","Masina II","3h","Destination_Zone_Resident","Destination_Zone_Worker","ZoneGlobale","All_modes","1647"
"2020-03-26","Kingabwa","Masina II","3h","Destination_Zone_Resident","Study_Zone_Worker","ZoneGlobale","All_modes","335"
"2020-03-26","Kingabwa","Masina II","3h","Destination_Zone_Resident","Origin_Zone_Worker","ZoneGlobale","All_modes","736"
"2020-03-26","Kingabwa","Masina II","3h","Study_Zone_Resident","Outside_Worker","ZoneGlobale","All_modes","21"
"2020-03-26","Kingabwa","Masina II","3h","Study_Zone_Resident","Study_Zone_Worker","ZoneGlobale","All_modes","264"
"2020-03-26","Kingabwa","Masina II","3h","Study_Zone_Resident","Origin_Zone_Worker","ZoneGlobale","All_modes","91"
"2020-03-26","Kingabwa","Masina II","3h","Origin_Zone_Resident","Outside_Worker","ZoneGlobale","All_modes","99"
"2020-03-26","Kingabwa","Masina II","3h","Origin_Zone_Resident","Destination_Zone_Worker","ZoneGlobale","All_modes","150"
"2020-03-26","Kingabwa","Masina II","3h","Origin_Zone_Resident","Study_Zone_Worker","ZoneGlobale","All_modes","174"
"2020-03-26","Kingabwa","Masina II","3h","Origin_Zone_Resident","Origin_Zone_Worker","ZoneGlobale","All_modes","1874"
"2020-03-26","Kingabwa","Matete","1h","Outside_Resident","Outside_Worker","ZoneGlobale","All_modes","221"
"2020-03-26","Kingabwa","Matete","1h","Outside_Resident","Destination_Zone_Worker","ZoneGlobale","All_modes","82"
"2020-03-26","Kingabwa","Matete","1h","Outside_Resident","Study_Zone_Worker","ZoneGlobale","All_modes","43"
"2020-03-26","Kingabwa","Matete","1h","Outside_Resident","Origin_Zone_Worker","ZoneGlobale","All_modes","40"
"2020-03-26","Kingabwa","Matete","1h","Destination_Zone_Resident","Outside_Worker","ZoneGlobale","All_modes","32"
"2020-03-26","Kingabwa","Matete","1h","Destination_Zone_Resident","Destination_Zone_Worker","ZoneGlobale","All_modes","1302"
"2020-03-26","Kingabwa","Matete","1h","Destination_Zone_Resident","Study_Zone_Worker","ZoneGlobale","All_modes","216"
"2020-03-26","Kingabwa","Matete","1h","Destination_Zone_Resident","Origin_Zone_Worker","ZoneGlobale","All_modes","170"
"2020-03-26","Kingabwa","Matete","1h","Study_Zone_Resident","Destination_Zone_Worker","ZoneGlobale","All_modes","27"
"2020-03-26","Kingabwa","Matete","1h","Study_Zone_Resident","Study_Zone_Worker","ZoneGlobale","All_modes","186"
"2020-03-26","Kingabwa","Matete","1h","Study_Zone_Resident","Origin_Zone_Worker","ZoneGlobale","All_modes","22"
"2020-03-26","Kingabwa","Matete","1h","Origin_Zone_Resident","Destination_Zone_Worker","ZoneGlobale","All_modes","49"
"2020-03-26","Kingabwa","Matete","1h","Origin_Zone_Resident","Origin_Zone_Worker","ZoneGlobale","All_modes","252"
"2020-03-26","Kingabwa","Matete","3h","Outside_Resident","Outside_Worker","ZoneGlobale","All_modes","924"
"2020-03-26","Kingabwa","Matete","3h","Outside_Resident","Destination_Zone_Worker","ZoneGlobale","All_modes","97"
"2020-03-26","Kingabwa","Matete","3h","Outside_Resident","Study_Zone_Worker","ZoneGlobale","All_modes","26"
"2020-03-26","Kingabwa","Matete","3h","Outside_Resident","Origin_Zone_Worker","ZoneGlobale","All_modes","215"
"2020-03-26","Kingabwa","Matete","3h","Destination_Zone_Resident","Outside_Worker","ZoneGlobale","All_modes","65"
"2020-03-26","Kingabwa","Matete","3h","Destination_Zone_Resident","Destination_Zone_Worker","ZoneGlobale","All_modes","1368"
"2020-03-26","Kingabwa","Matete","3h","Destination_Zone_Resident","Study_Zone_Worker","ZoneGlobale","All_modes","272"
"2020-03-26","Kingabwa","Matete","3h","Destination_Zone_Resident","Origin_Zone_Worker","ZoneGlobale","All_modes","439"
"2020-03-26","Kingabwa","Matete","3h","Study_Zone_Resident","Outside_Worker","ZoneGlobale","All_modes","24"
"2020-03-26","Kingabwa","Matete","3h","Study_Zone_Resident","Destination_Zone_Worker","ZoneGlobale","All_modes","93"
"2020-03-26","Kingabwa","Matete","3h","Study_Zone_Resident","Study_Zone_Worker","ZoneGlobale","All_modes","278"
"2020-03-26","Kingabwa","Matete","3h","Study_Zone_Resident","Origin_Zone_Worker","ZoneGlobale","All_modes","73"
"2020-03-26","Kingabwa","Matete","3h","Origin_Zone_Resident","Outside_Worker","ZoneGlobale","All_modes","27"
"2020-03-26","Kingabwa","Matete","3h","Origin_Zone_Resident","Destination_Zone_Worker","ZoneGlobale","All_modes","120"
"2020-03-26","Kingabwa","Matete","3h","Origin_Zone_Resident","Study_Zone_Worker","ZoneGlobale","All_modes","83"
"2020-03-26","Kingabwa","Matete","3h","Origin_Zone_Resident","Origin_Zone_Worker","ZoneGlobale","All_modes","453"
"2020-03-26","Kingabwa","Mont Ngafula I","1h","Outside_Resident","Outside_Worker","ZoneGlobale","All_modes","40"
"2020-03-26","Kingabwa","Mont Ngafula I","1h","Outside_Resident","Origin_Zone_Worker","ZoneGlobale","All_modes","24"
"2020-03-26","Kingabwa","Mont Ngafula I","1h","Destination_Zone_Resident","Destination_Zone_Worker","ZoneGlobale","All_modes","40"
"2020-03-26","Kingabwa","Mont Ngafula I","1h","Destination_Zone_Resident","Study_Zone_Worker","ZoneGlobale","All_modes","22"
"2020-03-26","Kingabwa","Mont Ngafula I","1h","Destination_Zone_Resident","Origin_Zone_Worker","ZoneGlobale","All_modes","32"
"2020-03-26","Kingabwa","Mont Ngafula I","1h","Study_Zone_Resident","Study_Zone_Worker","ZoneGlobale","All_modes","40"
"2020-03-26","Kingabwa","Mont Ngafula I","3h","Outside_Resident","Outside_Worker","ZoneGlobale","All_modes","80"
"2020-03-26","Kingabwa","Mont Ngafula I","3h","Outside_Resident","Destination_Zone_Worker","ZoneGlobale","All_modes","26"
"2020-03-26","Kingabwa","Mont Ngafula I","3h","Outside_Resident","Origin_Zone_Worker","ZoneGlobale","All_modes","36"
"2020-03-26","Kingabwa","Mont Ngafula I","3h","Destination_Zone_Resident","Destination_Zone_Worker","ZoneGlobale","All_modes","117"
"2020-03-26","Kingabwa","Mont Ngafula I","3h","Destination_Zone_Resident","Study_Zone_Worker","ZoneGlobale","All_modes","35"
"2020-03-26","Kingabwa","Mont Ngafula I","3h","Destination_Zone_Resident","Origin_Zone_Worker","ZoneGlobale","All_modes","70"
"2020-03-26","Kingabwa","Mont Ngafula I","3h","Study_Zone_Resident","Outside_Worker","ZoneGlobale","All_modes","24"
"2020-03-26","Kingabwa","Mont Ngafula I","3h","Study_Zone_Resident","Study_Zone_Worker","ZoneGlobale","All_modes","52"
"2020-03-26","Kingabwa","Mont Ngafula II","3h","Outside_Resident","Outside_Worker","ZoneGlobale","All_modes","33"
"2020-03-26","Kingabwa","Mont Ngafula II","3h","Destination_Zone_Resident","Destination_Zone_Worker","ZoneGlobale","All_modes","48"
"2020-03-26","Kingabwa","Mont Ngafula II","3h","Destination_Zone_Resident","Origin_Zone_Worker","ZoneGlobale","All_modes","22"
"2020-03-26","Kingabwa","Mont Ngafula II","3h","Study_Zone_Resident","Study_Zone_Worker","ZoneGlobale","All_modes","21"
"2020-03-26","Kingabwa","Mont Ngafula II","3h","Study_Zone_Resident","Origin_Zone_Worker","ZoneGlobale","All_modes","45"
"2020-03-26","Kingabwa","Mont Ngafula II","3h","Origin_Zone_Resident","Origin_Zone_Worker","ZoneGlobale","All_modes","27"
"2020-03-26","Kingabwa","Ndjili","1h","Outside_Resident","Outside_Worker","ZoneGlobale","All_modes","131"
"2020-03-26","Kingabwa","Ndjili","1h","Outside_Resident","Destination_Zone_Worker","ZoneGlobale","All_modes","22"
"2020-03-26","Kingabwa","Ndjili","1h","Outside_Resident","Study_Zone_Worker","ZoneGlobale","All_modes","33"
"2020-03-26","Kingabwa","Ndjili","1h","Outside_Resident","Origin_Zone_Worker","ZoneGlobale","All_modes","27"
"2020-03-26","Kingabwa","Ndjili","1h","Destination_Zone_Resident","Outside_Worker","ZoneGlobale","All_modes","22"
"2020-03-26","Kingabwa","Ndjili","1h","Destination_Zone_Resident","Destination_Zone_Worker","ZoneGlobale","All_modes","532"
"2020-03-26","Kingabwa","Ndjili","1h","Destination_Zone_Resident","Study_Zone_Worker","ZoneGlobale","All_modes","88"
"2020-03-26","Kingabwa","Ndjili","1h","Destination_Zone_Resident","Origin_Zone_Worker","ZoneGlobale","All_modes","145"
"2020-03-26","Kingabwa","Ndjili","1h","Study_Zone_Resident","Study_Zone_Worker","ZoneGlobale","All_modes","80"
"2020-03-26","Kingabwa","Ndjili","3h","Outside_Resident","Outside_Worker","ZoneGlobale","All_modes","312"
"2020-03-26","Kingabwa","Ndjili","3h","Outside_Resident","Destination_Zone_Worker","ZoneGlobale","All_modes","58"
"2020-03-26","Kingabwa","Ndjili","3h","Outside_Resident","Origin_Zone_Worker","ZoneGlobale","All_modes","70"
"2020-03-26","Kingabwa","Ndjili","3h","Destination_Zone_Resident","Outside_Worker","ZoneGlobale","All_modes","78"
"2020-03-26","Kingabwa","Ndjili","3h","Destination_Zone_Resident","Destination_Zone_Worker","ZoneGlobale","All_modes","552"
"2020-03-26","Kingabwa","Ndjili","3h","Destination_Zone_Resident","Study_Zone_Worker","ZoneGlobale","All_modes","182"
"2020-03-26","Kingabwa","Ndjili","3h","Destination_Zone_Resident","Origin_Zone_Worker","ZoneGlobale","All_modes","408"
"2020-03-26","Kingabwa","Ndjili","3h","Study_Zone_Resident","Outside_Worker","ZoneGlobale","All_modes","36"
"2020-03-26","Kingabwa","Ndjili","3h","Study_Zone_Resident","Study_Zone_Worker","ZoneGlobale","All_modes","147"
"2020-03-26","Kingabwa","Ndjili","3h","Study_Zone_Resident","Origin_Zone_Worker","ZoneGlobale","All_modes","36"
"2020-03-26","Kingabwa","Ndjili","3h","Origin_Zone_Resident","Origin_Zone_Worker","ZoneGlobale","All_modes","48"
"2020-03-26","Kingabwa","Ngiri-Ngiri","1h","Outside_Resident","Outside_Worker","ZoneGlobale","All_modes","38"
"2020-03-26","Kingabwa","Ngiri-Ngiri","1h","Destination_Zone_Resident","Outside_Worker","ZoneGlobale","All_modes","22"
"2020-03-26","Kingabwa","Ngiri-Ngiri","1h","Destination_Zone_Resident","Destination_Zone_Worker","ZoneGlobale","All_modes","24"
"2020-03-26","Kingabwa","Ngiri-Ngiri","1h","Study_Zone_Resident","Study_Zone_Worker","ZoneGlobale","All_modes","35"
"2020-03-26","Kingabwa","Ngiri-Ngiri","3h","Outside_Resident","Outside_Worker","ZoneGlobale","All_modes","77"
"2020-03-26","Kingabwa","Ngiri-Ngiri","3h","Outside_Resident","Study_Zone_Worker","ZoneGlobale","All_modes","22"
"2020-03-26","Kingabwa","Ngiri-Ngiri","3h","Destination_Zone_Resident","Destination_Zone_Worker","ZoneGlobale","All_modes","47"
"2020-03-26","Kingabwa","Ngiri-Ngiri","3h","Destination_Zone_Resident","Origin_Zone_Worker","ZoneGlobale","All_modes","70"
"2020-03-26","Kingabwa","Ngiri-Ngiri","3h","Study_Zone_Resident","Study_Zone_Worker","ZoneGlobale","All_modes","45"
"2020-03-26","Kingabwa","Nsele","1h","Outside_Resident","Outside_Worker","ZoneGlobale","All_modes","114"
"2020-03-26","Kingabwa","Nsele","1h","Outside_Resident","Destination_Zone_Worker","ZoneGlobale","All_modes","34"
"2020-03-26","Kingabwa","Nsele","1h","Outside_Resident","Study_Zone_Worker","ZoneGlobale","All_modes","38"
"2020-03-26","Kingabwa","Nsele","1h","Outside_Resident","Origin_Zone_Worker","ZoneGlobale","All_modes","33"
"2020-03-26","Kingabwa","Nsele","1h","Destination_Zone_Resident","Destination_Zone_Worker","ZoneGlobale","All_modes","359"
"2020-03-26","Kingabwa","Nsele","1h","Destination_Zone_Resident","Study_Zone_Worker","ZoneGlobale","All_modes","91"
"2020-03-26","Kingabwa","Nsele","1h","Destination_Zone_Resident","Origin_Zone_Worker","ZoneGlobale","All_modes","108"
"2020-03-26","Kingabwa","Nsele","1h","Study_Zone_Resident","Outside_Worker","ZoneGlobale","All_modes","22"
"2020-03-26","Kingabwa","Nsele","1h","Study_Zone_Resident","Destination_Zone_Worker","ZoneGlobale","All_modes","63"
"2020-03-26","Kingabwa","Nsele","1h","Study_Zone_Resident","Study_Zone_Worker","ZoneGlobale","All_modes","130"
"2020-03-26","Kingabwa","Nsele","1h","Study_Zone_Resident","Origin_Zone_Worker","ZoneGlobale","All_modes","122"
"2020-03-26","Kingabwa","Nsele","1h","Origin_Zone_Resident","Study_Zone_Worker","ZoneGlobale","All_modes","26"
"2020-03-26","Kingabwa","Nsele","1h","Origin_Zone_Resident","Origin_Zone_Worker","ZoneGlobale","All_modes","397"
"2020-03-26","Kingabwa","Nsele","3h","Outside_Resident","Outside_Worker","ZoneGlobale","All_modes","533"
"2020-03-26","Kingabwa","Nsele","3h","Outside_Resident","Destination_Zone_Worker","ZoneGlobale","All_modes","42"
"2020-03-26","Kingabwa","Nsele","3h","Outside_Resident","Study_Zone_Worker","ZoneGlobale","All_modes","128"
"2020-03-26","Kingabwa","Nsele","3h","Outside_Resident","Origin_Zone_Worker","ZoneGlobale","All_modes","226"
"2020-03-26","Kingabwa","Nsele","3h","Destination_Zone_Resident","Outside_Worker","ZoneGlobale","All_modes","47"
"2020-03-26","Kingabwa","Nsele","3h","Destination_Zone_Resident","Destination_Zone_Worker","ZoneGlobale","All_modes","436"
"2020-03-26","Kingabwa","Nsele","3h","Destination_Zone_Resident","Study_Zone_Worker","ZoneGlobale","All_modes","130"
"2020-03-26","Kingabwa","Nsele","3h","Destination_Zone_Resident","Origin_Zone_Worker","ZoneGlobale","All_modes","451"
"2020-03-26","Kingabwa","Nsele","3h","Study_Zone_Resident","Outside_Worker","ZoneGlobale","All_modes","35"
"2020-03-26","Kingabwa","Nsele","3h","Study_Zone_Resident","Destination_Zone_Worker","ZoneGlobale","All_modes","27"
"2020-03-26","Kingabwa","Nsele","3h","Study_Zone_Resident","Study_Zone_Worker","ZoneGlobale","All_modes","357"
"2020-03-26","Kingabwa","Nsele","3h","Study_Zone_Resident","Origin_Zone_Worker","ZoneGlobale","All_modes","237"
"2020-03-26","Kingabwa","Nsele","3h","Origin_Zone_Resident","Outside_Worker","ZoneGlobale","All_modes","62"
"2020-03-26","Kingabwa","Nsele","3h","Origin_Zone_Resident","Destination_Zone_Worker","ZoneGlobale","All_modes","74"
"2020-03-26","Kingabwa","Nsele","3h","Origin_Zone_Resident","Study_Zone_Worker","ZoneGlobale","All_modes","145"
"2020-03-26","Kingabwa","Nsele","3h","Origin_Zone_Resident","Origin_Zone_Worker","ZoneGlobale","All_modes","1206"
"2020-03-26","Kingabwa","Police","1h","Outside_Resident","Outside_Worker","ZoneGlobale","All_modes","21"
"2020-03-26","Kingabwa","Police","1h","Destination_Zone_Resident","Destination_Zone_Worker","ZoneGlobale","All_modes","72"
"2020-03-26","Kingabwa","Police","1h","Destination_Zone_Resident","Origin_Zone_Worker","ZoneGlobale","All_modes","23"
"2020-03-26","Kingabwa","Police","3h","Outside_Resident","Outside_Worker","ZoneGlobale","All_modes","54"
"2020-03-26","Kingabwa","Police","3h","Destination_Zone_Resident","Outside_Worker","ZoneGlobale","All_modes","22"
"2020-03-26","Kingabwa","Police","3h","Destination_Zone_Resident","Destination_Zone_Worker","ZoneGlobale","All_modes","100"
"2020-03-26","Kingabwa","Police","3h","Destination_Zone_Resident","Origin_Zone_Worker","ZoneGlobale","All_modes","72"
"2020-03-26","Kingabwa","Police","3h","Study_Zone_Resident","Study_Zone_Worker","ZoneGlobale","All_modes","26"
"2020-03-26","Kingabwa","Selembao","1h","Outside_Resident","Outside_Worker","ZoneGlobale","All_modes","33"
"2020-03-26","Kingabwa","Selembao","1h","Destination_Zone_Resident","Destination_Zone_Worker","ZoneGlobale","All_modes","56"
"2020-03-26","Kingabwa","Selembao","1h","Destination_Zone_Resident","Study_Zone_Worker","ZoneGlobale","All_modes","32"
"2020-03-26","Kingabwa","Selembao","1h","Destination_Zone_Resident","Origin_Zone_Worker","ZoneGlobale","All_modes","26"
"2020-03-26","Kingabwa","Selembao","1h","Study_Zone_Resident","Study_Zone_Worker","ZoneGlobale","All_modes","24"
"2020-03-26","Kingabwa","Selembao","3h","Outside_Resident","Outside_Worker","ZoneGlobale","All_modes","52"
"2020-03-26","Kingabwa","Selembao","3h","Outside_Resident","Study_Zone_Worker","ZoneGlobale","All_modes","38"
"2020-03-26","Kingabwa","Selembao","3h","Outside_Resident","Origin_Zone_Worker","ZoneGlobale","All_modes","42"
"2020-03-26","Kingabwa","Selembao","3h","Destination_Zone_Resident","Destination_Zone_Worker","ZoneGlobale","All_modes","89"
"2020-03-26","Kingabwa","Selembao","3h","Destination_Zone_Resident","Study_Zone_Worker","ZoneGlobale","All_modes","50"
"2020-03-26","Kingabwa","Selembao","3h","Destination_Zone_Resident","Origin_Zone_Worker","ZoneGlobale","All_modes","45"
"2020-03-26","Kingabwa","Selembao","3h","Study_Zone_Resident","Study_Zone_Worker","ZoneGlobale","All_modes","33"
"2020-03-26","Kingabwa","Selembao","3h","Study_Zone_Resident","Origin_Zone_Worker","ZoneGlobale","All_modes","22"
"2020-03-26","Kingabwa","Sona-Bata","1h","Study_Zone_Resident","Study_Zone_Worker","ZoneGlobale","All_modes","27"
"2020-03-26","Kingabwa","Sona-Bata","1h","Origin_Zone_Resident","Origin_Zone_Worker","ZoneGlobale","All_modes","37"
"2020-03-26","Kingabwa","Sona-Bata","3h","Outside_Resident","Outside_Worker","ZoneGlobale","All_modes","26"
"2020-03-26","Kingabwa","Sona-Bata","3h","Outside_Resident","Study_Zone_Worker","ZoneGlobale","All_modes","24"
"2020-03-26","Kingabwa","Sona-Bata","3h","Study_Zone_Resident","Study_Zone_Worker","ZoneGlobale","All_modes","101"
"2020-03-26","Kingabwa","Sona-Bata","3h","Study_Zone_Resident","Origin_Zone_Worker","ZoneGlobale","All_modes","23"
"2020-03-26","Kingabwa","Sona-Bata","3h","Origin_Zone_Resident","Origin_Zone_Worker","ZoneGlobale","All_modes","144"
"2020-03-26","Kinkonzi","Vaku","3h","Outside_Resident","Outside_Worker","ZoneGlobale","All_modes","26"
"2020-03-26","Kinshasa","Barumbu","1h","Outside_Resident","Outside_Worker","ZoneGlobale","All_modes","740"
"2020-03-26","Kinshasa","Barumbu","1h","Outside_Resident","Destination_Zone_Worker","ZoneGlobale","All_modes","173"
"2020-03-26","Kinshasa","Barumbu","1h","Outside_Resident","Study_Zone_Worker","ZoneGlobale","All_modes","78"
"2020-03-26","Kinshasa","Barumbu","1h","Outside_Resident","Origin_Zone_Worker","ZoneGlobale","All_modes","195"
"2020-03-26","Kinshasa","Barumbu","1h","Destination_Zone_Resident","Outside_Worker","ZoneGlobale","All_modes","132"
"2020-03-26","Kinshasa","Barumbu","1h","Destination_Zone_Resident","Destination_Zone_Worker","ZoneGlobale","All_modes","1996"
"2020-03-26","Kinshasa","Barumbu","1h","Destination_Zone_Resident","Study_Zone_Worker","ZoneGlobale","All_modes","418"
"2020-03-26","Kinshasa","Barumbu","1h","Destination_Zone_Resident","Origin_Zone_Worker","ZoneGlobale","All_modes","872"
"2020-03-26","Kinshasa","Barumbu","1h","Study_Zone_Resident","Destination_Zone_Worker","ZoneGlobale","All_modes","55"
"2020-03-26","Kinshasa","Barumbu","1h","Study_Zone_Resident","Study_Zone_Worker","ZoneGlobale","All_modes","222"
"2020-03-26","Kinshasa","Barumbu","1h","Study_Zone_Resident","Origin_Zone_Worker","ZoneGlobale","All_modes","71"
"2020-03-26","Kinshasa","Barumbu","1h","Origin_Zone_Resident","Outside_Worker","ZoneGlobale","All_modes","48"
"2020-03-26","Kinshasa","Barumbu","1h","Origin_Zone_Resident","Destination_Zone_Worker","ZoneGlobale","All_modes","175"
"2020-03-26","Kinshasa","Barumbu","1h","Origin_Zone_Resident","Study_Zone_Worker","ZoneGlobale","All_modes","116"
"2020-03-26","Kinshasa","Barumbu","1h","Origin_Zone_Resident","Origin_Zone_Worker","ZoneGlobale","All_modes","1420"
"2020-03-26","Kinshasa","Barumbu","3h","Outside_Resident","Outside_Worker","ZoneGlobale","All_modes","1306"
"2020-03-26","Kinshasa","Barumbu","3h","Outside_Resident","Destination_Zone_Worker","ZoneGlobale","All_modes","227"
"2020-03-26","Kinshasa","Barumbu","3h","Outside_Resident","Study_Zone_Worker","ZoneGlobale","All_modes","212"
"2020-03-26","Kinshasa","Barumbu","3h","Outside_Resident","Origin_Zone_Worker","ZoneGlobale","All_modes","549"
"2020-03-26","Kinshasa","Barumbu","3h","Destination_Zone_Resident","Outside_Worker","ZoneGlobale","All_modes","125"
"2020-03-26","Kinshasa","Barumbu","3h","Destination_Zone_Resident","Destination_Zone_Worker","ZoneGlobale","All_modes","2002"
"2020-03-26","Kinshasa","Barumbu","3h","Destination_Zone_Resident","Study_Zone_Worker","ZoneGlobale","All_modes","257"
"2020-03-26","Kinshasa","Barumbu","3h","Destination_Zone_Resident","Origin_Zone_Worker","ZoneGlobale","All_modes","1549"
"2020-03-26","Kinshasa","Barumbu","3h","Study_Zone_Resident","Destination_Zone_Worker","ZoneGlobale","All_modes","69"
"2020-03-26","Kinshasa","Barumbu","3h","Study_Zone_Resident","Study_Zone_Worker","ZoneGlobale","All_modes","199"
"2020-03-26","Kinshasa","Barumbu","3h","Study_Zone_Resident","Origin_Zone_Worker","ZoneGlobale","All_modes","144"
"2020-03-26","Kinshasa","Barumbu","3h","Origin_Zone_Resident","Outside_Worker","ZoneGlobale","All_modes","48"
"2020-03-26","Kinshasa","Barumbu","3h","Origin_Zone_Resident","Destination_Zone_Worker","ZoneGlobale","All_modes","272"
"2020-03-26","Kinshasa","Barumbu","3h","Origin_Zone_Resident","Study_Zone_Worker","ZoneGlobale","All_modes","142"
"2020-03-26","Kinshasa","Barumbu","3h","Origin_Zone_Resident","Origin_Zone_Worker","ZoneGlobale","All_modes","2315"
"2020-03-26","Kinshasa","Binza Meteo","1h","Outside_Resident","Outside_Worker","ZoneGlobale","All_modes","46"
"2020-03-26","Kinshasa","Binza Meteo","1h","Destination_Zone_Resident","Destination_Zone_Worker","ZoneGlobale","All_modes","193"
"2020-03-26","Kinshasa","Binza Meteo","1h","Destination_Zone_Resident","Study_Zone_Worker","ZoneGlobale","All_modes","24"
"2020-03-26","Kinshasa","Binza Meteo","1h","Destination_Zone_Resident","Origin_Zone_Worker","ZoneGlobale","All_modes","78"
"2020-03-26","Kinshasa","Binza Meteo","1h","Study_Zone_Resident","Destination_Zone_Worker","ZoneGlobale","All_modes","35"
"2020-03-26","Kinshasa","Binza Meteo","1h","Study_Zone_Resident","Study_Zone_Worker","ZoneGlobale","All_modes","32"
"2020-03-26","Kinshasa","Binza Meteo","1h","Origin_Zone_Resident","Origin_Zone_Worker","ZoneGlobale","All_modes","21"
"2020-03-26","Kinshasa","Binza Meteo","3h","Outside_Resident","Outside_Worker","ZoneGlobale","All_modes","167"
"2020-03-26","Kinshasa","Binza Meteo","3h","Outside_Resident","Destination_Zone_Worker","ZoneGlobale","All_modes","22"
"2020-03-26","Kinshasa","Binza Meteo","3h","Outside_Resident","Study_Zone_Worker","ZoneGlobale","All_modes","59"
"2020-03-26","Kinshasa","Binza Meteo","3h","Outside_Resident","Origin_Zone_Worker","ZoneGlobale","All_modes","23"
"2020-03-26","Kinshasa","Binza Meteo","3h","Destination_Zone_Resident","Outside_Worker","ZoneGlobale","All_modes","50"
"2020-03-26","Kinshasa","Binza Meteo","3h","Destination_Zone_Resident","Destination_Zone_Worker","ZoneGlobale","All_modes","222"
"2020-03-26","Kinshasa","Binza Meteo","3h","Destination_Zone_Resident","Study_Zone_Worker","ZoneGlobale","All_modes","85"
"2020-03-26","Kinshasa","Binza Meteo","3h","Destination_Zone_Resident","Origin_Zone_Worker","ZoneGlobale","All_modes","186"
"2020-03-26","Kinshasa","Binza Meteo","3h","Study_Zone_Resident","Destination_Zone_Worker","ZoneGlobale","All_modes","22"
"2020-03-26","Kinshasa","Binza Meteo","3h","Study_Zone_Resident","Study_Zone_Worker","ZoneGlobale","All_modes","130"
"2020-03-26","Kinshasa","Binza Meteo","3h","Study_Zone_Resident","Origin_Zone_Worker","ZoneGlobale","All_modes","45"
"2020-03-26","Kinshasa","Binza Meteo","3h","Origin_Zone_Resident","Origin_Zone_Worker","ZoneGlobale","All_modes","34"
"2020-03-26","Kinshasa","Binza Ozone","1h","Outside_Resident","Outside_Worker","ZoneGlobale","All_modes","54"
"2020-03-26","Kinshasa","Binza Ozone","1h","Destination_Zone_Resident","Outside_Worker","ZoneGlobale","All_modes","22"
"2020-03-26","Kinshasa","Binza Ozone","1h","Destination_Zone_Resident","Destination_Zone_Worker","ZoneGlobale","All_modes","78"
"2020-03-26","Kinshasa","Binza Ozone","1h","Destination_Zone_Resident","Study_Zone_Worker","ZoneGlobale","All_modes","22"
"2020-03-26","Kinshasa","Binza Ozone","1h","Destination_Zone_Resident","Origin_Zone_Worker","ZoneGlobale","All_modes","33"
"2020-03-26","Kinshasa","Binza Ozone","1h","Study_Zone_Resident","Study_Zone_Worker","ZoneGlobale","All_modes","32"
"2020-03-26","Kinshasa","Binza Ozone","3h","Outside_Resident","Outside_Worker","ZoneGlobale","All_modes","44"
"2020-03-26","Kinshasa","Binza Ozone","3h","Outside_Resident","Study_Zone_Worker","ZoneGlobale","All_modes","27"
"2020-03-26","Kinshasa","Binza Ozone","3h","Outside_Resident","Origin_Zone_Worker","ZoneGlobale","All_modes","26"
"2020-03-26","Kinshasa","Binza Ozone","3h","Destination_Zone_Resident","Outside_Worker","ZoneGlobale","All_modes","22"
"2020-03-26","Kinshasa","Binza Ozone","3h","Destination_Zone_Resident","Destination_Zone_Worker","ZoneGlobale","All_modes","81"
"2020-03-26","Kinshasa","Binza Ozone","3h","Destination_Zone_Resident","Origin_Zone_Worker","ZoneGlobale","All_modes","55"
"2020-03-26","Kinshasa","Binza Ozone","3h","Study_Zone_Resident","Study_Zone_Worker","ZoneGlobale","All_modes","38"
"2020-03-26","Kinshasa","Bumbu","1h","Outside_Resident","Outside_Worker","ZoneGlobale","All_modes","55"
"2020-03-26","Kinshasa","Bumbu","1h","Destination_Zone_Resident","Destination_Zone_Worker","ZoneGlobale","All_modes","158"
"2020-03-26","Kinshasa","Bumbu","1h","Destination_Zone_Resident","Study_Zone_Worker","ZoneGlobale","All_modes","50"
"2020-03-26","Kinshasa","Bumbu","1h","Destination_Zone_Resident","Origin_Zone_Worker","ZoneGlobale","All_modes","137"
"2020-03-26","Kinshasa","Bumbu","1h","Study_Zone_Resident","Study_Zone_Worker","ZoneGlobale","All_modes","90"
"2020-03-26","Kinshasa","Bumbu","3h","Outside_Resident","Outside_Worker","ZoneGlobale","All_modes","53"
"2020-03-26","Kinshasa","Bumbu","3h","Destination_Zone_Resident","Outside_Worker","ZoneGlobale","All_modes","48"
"2020-03-26","Kinshasa","Bumbu","3h","Destination_Zone_Resident","Destination_Zone_Worker","ZoneGlobale","All_modes","165"
"2020-03-26","Kinshasa","Bumbu","3h","Destination_Zone_Resident","Study_Zone_Worker","ZoneGlobale","All_modes","72"
"2020-03-26","Kinshasa","Bumbu","3h","Destination_Zone_Resident","Origin_Zone_Worker","ZoneGlobale","All_modes","333"
"2020-03-26","Kinshasa","Bumbu","3h","Study_Zone_Resident","Study_Zone_Worker","ZoneGlobale","All_modes","83"
"2020-03-26","Kinshasa","Bumbu","3h","Study_Zone_Resident","Origin_Zone_Worker","ZoneGlobale","All_modes","65"
"2020-03-26","Kinshasa","Bumbu","3h","Origin_Zone_Resident","Origin_Zone_Worker","ZoneGlobale","All_modes","27"
"2020-03-26","Kinshasa","Gombe","1h","Outside_Resident","Outside_Worker","ZoneGlobale","All_modes","117"
"2020-03-26","Kinshasa","Gombe","1h","Outside_Resident","Study_Zone_Worker","ZoneGlobale","All_modes","22"
"2020-03-26","Kinshasa","Gombe","1h","Outside_Resident","Origin_Zone_Worker","ZoneGlobale","All_modes","23"
"2020-03-26","Kinshasa","Gombe","1h","Destination_Zone_Resident","Outside_Worker","ZoneGlobale","All_modes","22"
"2020-03-26","Kinshasa","Gombe","1h","Destination_Zone_Resident","Destination_Zone_Worker","ZoneGlobale","All_modes","471"
"2020-03-26","Kinshasa","Gombe","1h","Destination_Zone_Resident","Study_Zone_Worker","ZoneGlobale","All_modes","54"
"2020-03-26","Kinshasa","Gombe","1h","Destination_Zone_Resident","Origin_Zone_Worker","ZoneGlobale","All_modes","153"
"2020-03-26","Kinshasa","Gombe","1h","Study_Zone_Resident","Destination_Zone_Worker","ZoneGlobale","All_modes","35"
"2020-03-26","Kinshasa","Gombe","1h","Study_Zone_Resident","Study_Zone_Worker","ZoneGlobale","All_modes","110"
"2020-03-26","Kinshasa","Gombe","1h","Study_Zone_Resident","Origin_Zone_Worker","ZoneGlobale","All_modes","22"
"2020-03-26","Kinshasa","Gombe","1h","Origin_Zone_Resident","Outside_Worker","ZoneGlobale","All_modes","23"
"2020-03-26","Kinshasa","Gombe","1h","Origin_Zone_Resident","Destination_Zone_Worker","ZoneGlobale","All_modes","57"
"2020-03-26","Kinshasa","Gombe","1h","Origin_Zone_Resident","Study_Zone_Worker","ZoneGlobale","All_modes","47"
"2020-03-26","Kinshasa","Gombe","1h","Origin_Zone_Resident","Origin_Zone_Worker","ZoneGlobale","All_modes","394"
"2020-03-26","Kinshasa","Gombe","3h","Outside_Resident","Outside_Worker","ZoneGlobale","All_modes","215"
"2020-03-26","Kinshasa","Gombe","3h","Outside_Resident","Destination_Zone_Worker","ZoneGlobale","All_modes","40"
"2020-03-26","Kinshasa","Gombe","3h","Outside_Resident","Study_Zone_Worker","ZoneGlobale","All_modes","40"
"2020-03-26","Kinshasa","Gombe","3h","Outside_Resident","Origin_Zone_Worker","ZoneGlobale","All_modes","490"
"2020-03-26","Kinshasa","Gombe","3h","Destination_Zone_Resident","Outside_Worker","ZoneGlobale","All_modes","26"
"2020-03-26","Kinshasa","Gombe","3h","Destination_Zone_Resident","Destination_Zone_Worker","ZoneGlobale","All_modes","510"
"2020-03-26","Kinshasa","Gombe","3h","Destination_Zone_Resident","Study_Zone_Worker","ZoneGlobale","All_modes","50"
"2020-03-26","Kinshasa","Gombe","3h","Destination_Zone_Resident","Origin_Zone_Worker","ZoneGlobale","All_modes","191"
"2020-03-26","Kinshasa","Gombe","3h","Study_Zone_Resident","Outside_Worker","ZoneGlobale","All_modes","24"
"2020-03-26","Kinshasa","Gombe","3h","Study_Zone_Resident","Destination_Zone_Worker","ZoneGlobale","All_modes","38"
"2020-03-26","Kinshasa","Gombe","3h","Study_Zone_Resident","Study_Zone_Worker","ZoneGlobale","All_modes","104"
"2020-03-26","Kinshasa","Gombe","3h","Study_Zone_Resident","Origin_Zone_Worker","ZoneGlobale","All_modes","98"
"2020-03-26","Kinshasa","Gombe","3h","Origin_Zone_Resident","Destination_Zone_Worker","ZoneGlobale","All_modes","61"
"2020-03-26","Kinshasa","Gombe","3h","Origin_Zone_Resident","Study_Zone_Worker","ZoneGlobale","All_modes","48"
"2020-03-26","Kinshasa","Gombe","3h","Origin_Zone_Resident","Origin_Zone_Worker","ZoneGlobale","All_modes","619"
"2020-03-26","Kinshasa","Kalamu I","1h","Outside_Resident","Outside_Worker","ZoneGlobale","All_modes","41"
"2020-03-26","Kinshasa","Kalamu I","1h","Outside_Resident","Origin_Zone_Worker","ZoneGlobale","All_modes","22"
"2020-03-26","Kinshasa","Kalamu I","1h","Destination_Zone_Resident","Outside_Worker","ZoneGlobale","All_modes","24"
"2020-03-26","Kinshasa","Kalamu I","1h","Destination_Zone_Resident","Destination_Zone_Worker","ZoneGlobale","All_modes","198"
"2020-03-26","Kinshasa","Kalamu I","1h","Destination_Zone_Resident","Origin_Zone_Worker","ZoneGlobale","All_modes","111"
"2020-03-26","Kinshasa","Kalamu I","1h","Study_Zone_Resident","Study_Zone_Worker","ZoneGlobale","All_modes","26"
"2020-03-26","Kinshasa","Kalamu I","3h","Outside_Resident","Outside_Worker","ZoneGlobale","All_modes","102"
"2020-03-26","Kinshasa","Kalamu I","3h","Outside_Resident","Destination_Zone_Worker","ZoneGlobale","All_modes","26"
"2020-03-26","Kinshasa","Kalamu I","3h","Outside_Resident","Study_Zone_Worker","ZoneGlobale","All_modes","22"
"2020-03-26","Kinshasa","Kalamu I","3h","Outside_Resident","Origin_Zone_Worker","ZoneGlobale","All_modes","48"
"2020-03-26","Kinshasa","Kalamu I","3h","Destination_Zone_Resident","Outside_Worker","ZoneGlobale","All_modes","24"
"2020-03-26","Kinshasa","Kalamu I","3h","Destination_Zone_Resident","Destination_Zone_Worker","ZoneGlobale","All_modes","333"
"2020-03-26","Kinshasa","Kalamu I","3h","Destination_Zone_Resident","Study_Zone_Worker","ZoneGlobale","All_modes","85"
"2020-03-26","Kinshasa","Kalamu I","3h","Destination_Zone_Resident","Origin_Zone_Worker","ZoneGlobale","All_modes","206"
"2020-03-26","Kinshasa","Kalamu I","3h","Study_Zone_Resident","Study_Zone_Worker","ZoneGlobale","All_modes","136"
"2020-03-26","Kinshasa","Kalamu I","3h","Origin_Zone_Resident","Origin_Zone_Worker","ZoneGlobale","All_modes","41"
"2020-03-26","Kinshasa","Kalamu II","1h","Outside_Resident","Outside_Worker","ZoneGlobale","All_modes","144"
"2020-03-26","Kinshasa","Kalamu II","1h","Outside_Resident","Origin_Zone_Worker","ZoneGlobale","All_modes","45"
"2020-03-26","Kinshasa","Kalamu II","1h","Destination_Zone_Resident","Destination_Zone_Worker","ZoneGlobale","All_modes","369"
"2020-03-26","Kinshasa","Kalamu II","1h","Destination_Zone_Resident","Study_Zone_Worker","ZoneGlobale","All_modes","186"
"2020-03-26","Kinshasa","Kalamu II","1h","Destination_Zone_Resident","Origin_Zone_Worker","ZoneGlobale","All_modes","163"
"2020-03-26","Kinshasa","Kalamu II","1h","Study_Zone_Resident","Study_Zone_Worker","ZoneGlobale","All_modes","160"
"2020-03-26","Kinshasa","Kalamu II","1h","Study_Zone_Resident","Origin_Zone_Worker","ZoneGlobale","All_modes","36"
"2020-03-26","Kinshasa","Kalamu II","1h","Origin_Zone_Resident","Study_Zone_Worker","ZoneGlobale","All_modes","24"
"2020-03-26","Kinshasa","Kalamu II","1h","Origin_Zone_Resident","Origin_Zone_Worker","ZoneGlobale","All_modes","197"
"2020-03-26","Kinshasa","Kalamu II","3h","Outside_Resident","Outside_Worker","ZoneGlobale","All_modes","240"
"2020-03-26","Kinshasa","Kalamu II","3h","Outside_Resident","Destination_Zone_Worker","ZoneGlobale","All_modes","76"
"2020-03-26","Kinshasa","Kalamu II","3h","Outside_Resident","Study_Zone_Worker","ZoneGlobale","All_modes","63"
"2020-03-26","Kinshasa","Kalamu II","3h","Outside_Resident","Origin_Zone_Worker","ZoneGlobale","All_modes","27"
"2020-03-26","Kinshasa","Kalamu II","3h","Destination_Zone_Resident","Outside_Worker","ZoneGlobale","All_modes","24"
"2020-03-26","Kinshasa","Kalamu II","3h","Destination_Zone_Resident","Destination_Zone_Worker","ZoneGlobale","All_modes","500"
"2020-03-26","Kinshasa","Kalamu II","3h","Destination_Zone_Resident","Study_Zone_Worker","ZoneGlobale","All_modes","172"
"2020-03-26","Kinshasa","Kalamu II","3h","Destination_Zone_Resident","Origin_Zone_Worker","ZoneGlobale","All_modes","258"
"2020-03-26","Kinshasa","Kalamu II","3h","Study_Zone_Resident","Study_Zone_Worker","ZoneGlobale","All_modes","164"
"2020-03-26","Kinshasa","Kalamu II","3h","Study_Zone_Resident","Origin_Zone_Worker","ZoneGlobale","All_modes","92"
"2020-03-26","Kinshasa","Kalamu II","3h","Origin_Zone_Resident","Outside_Worker","ZoneGlobale","All_modes","32"
"2020-03-26","Kinshasa","Kalamu II","3h","Origin_Zone_Resident","Study_Zone_Worker","ZoneGlobale","All_modes","67"
"2020-03-26","Kinshasa","Kalamu II","3h","Origin_Zone_Resident","Origin_Zone_Worker","ZoneGlobale","All_modes","296"
"2020-03-26","Kinshasa","Kasa-Vubu","1h","Outside_Resident","Outside_Worker","ZoneGlobale","All_modes","68"
"2020-03-26","Kinshasa","Kasa-Vubu","1h","Destination_Zone_Resident","Destination_Zone_Worker","ZoneGlobale","All_modes","469"
"2020-03-26","Kinshasa","Kasa-Vubu","1h","Destination_Zone_Resident","Study_Zone_Worker","ZoneGlobale","All_modes","153"
"2020-03-26","Kinshasa","Kasa-Vubu","1h","Destination_Zone_Resident","Origin_Zone_Worker","ZoneGlobale","All_modes","115"
"2020-03-26","Kinshasa","Kasa-Vubu","1h","Study_Zone_Resident","Study_Zone_Worker","ZoneGlobale","All_modes","99"
"2020-03-26","Kinshasa","Kasa-Vubu","1h","Study_Zone_Resident","Origin_Zone_Worker","ZoneGlobale","All_modes","23"
"2020-03-26","Kinshasa","Kasa-Vubu","1h","Origin_Zone_Resident","Outside_Worker","ZoneGlobale","All_modes","24"
"2020-03-26","Kinshasa","Kasa-Vubu","1h","Origin_Zone_Resident","Study_Zone_Worker","ZoneGlobale","All_modes","22"
"2020-03-26","Kinshasa","Kasa-Vubu","1h","Origin_Zone_Resident","Origin_Zone_Worker","ZoneGlobale","All_modes","87"
"2020-03-26","Kinshasa","Kasa-Vubu","3h","Outside_Resident","Outside_Worker","ZoneGlobale","All_modes","252"
"2020-03-26","Kinshasa","Kasa-Vubu","3h","Outside_Resident","Destination_Zone_Worker","ZoneGlobale","All_modes","40"
"2020-03-26","Kinshasa","Kasa-Vubu","3h","Outside_Resident","Origin_Zone_Worker","ZoneGlobale","All_modes","70"
"2020-03-26","Kinshasa","Kasa-Vubu","3h","Destination_Zone_Resident","Destination_Zone_Worker","ZoneGlobale","All_modes","531"
"2020-03-26","Kinshasa","Kasa-Vubu","3h","Destination_Zone_Resident","Study_Zone_Worker","ZoneGlobale","All_modes","264"
"2020-03-26","Kinshasa","Kasa-Vubu","3h","Destination_Zone_Resident","Origin_Zone_Worker","ZoneGlobale","All_modes","275"
"2020-03-26","Kinshasa","Kasa-Vubu","3h","Study_Zone_Resident","Destination_Zone_Worker","ZoneGlobale","All_modes","26"
"2020-03-26","Kinshasa","Kasa-Vubu","3h","Study_Zone_Resident","Study_Zone_Worker","ZoneGlobale","All_modes","87"
"2020-03-26","Kinshasa","Kasa-Vubu","3h","Study_Zone_Resident","Origin_Zone_Worker","ZoneGlobale","All_modes","68"
"2020-03-26","Kinshasa","Kasa-Vubu","3h","Origin_Zone_Resident","Origin_Zone_Worker","ZoneGlobale","All_modes","176"
"2020-03-26","Kinshasa","Kikimi","1h","Outside_Resident","Outside_Worker","ZoneGlobale","All_modes","24"
"2020-03-26","Kinshasa","Kikimi","1h","Study_Zone_Resident","Outside_Worker","ZoneGlobale","All_modes","27"
"2020-03-26","Kinshasa","Kikimi","3h","Outside_Resident","Outside_Worker","ZoneGlobale","All_modes","56"
"2020-03-26","Kinshasa","Kikimi","3h","Destination_Zone_Resident","Destination_Zone_Worker","ZoneGlobale","All_modes","40"
"2020-03-26","Kinshasa","Kikimi","3h","Destination_Zone_Resident","Origin_Zone_Worker","ZoneGlobale","All_modes","84"
"2020-03-26","Kinshasa","Kikimi","3h","Study_Zone_Resident","Study_Zone_Worker","ZoneGlobale","All_modes","50"
"2020-03-26","Kinshasa","Kimbanseke","1h","Outside_Resident","Outside_Worker","ZoneGlobale","All_modes","22"
"2020-03-26","Kinshasa","Kimbanseke","1h","Outside_Resident","Origin_Zone_Worker","ZoneGlobale","All_modes","40"
"2020-03-26","Kinshasa","Kimbanseke","1h","Destination_Zone_Resident","Destination_Zone_Worker","ZoneGlobale","All_modes","100"
"2020-03-26","Kinshasa","Kimbanseke","1h","Destination_Zone_Resident","Study_Zone_Worker","ZoneGlobale","All_modes","31"
"2020-03-26","Kinshasa","Kimbanseke","1h","Destination_Zone_Resident","Origin_Zone_Worker","ZoneGlobale","All_modes","32"
"2020-03-26","Kinshasa","Kimbanseke","3h","Outside_Resident","Outside_Worker","ZoneGlobale","All_modes","99"
"2020-03-26","Kinshasa","Kimbanseke","3h","Outside_Resident","Study_Zone_Worker","ZoneGlobale","All_modes","31"
"2020-03-26","Kinshasa","Kimbanseke","3h","Outside_Resident","Origin_Zone_Worker","ZoneGlobale","All_modes","35"
"2020-03-26","Kinshasa","Kimbanseke","3h","Destination_Zone_Resident","Outside_Worker","ZoneGlobale","All_modes","26"
"2020-03-26","Kinshasa","Kimbanseke","3h","Destination_Zone_Resident","Destination_Zone_Worker","ZoneGlobale","All_modes","110"
"2020-03-26","Kinshasa","Kimbanseke","3h","Destination_Zone_Resident","Study_Zone_Worker","ZoneGlobale","All_modes","92"
"2020-03-26","Kinshasa","Kimbanseke","3h","Destination_Zone_Resident","Origin_Zone_Worker","ZoneGlobale","All_modes","123"
"2020-03-26","Kinshasa","Kimbanseke","3h","Study_Zone_Resident","Study_Zone_Worker","ZoneGlobale","All_modes","62"
"2020-03-26","Kinshasa","Kingabwa","1h","Outside_Resident","Outside_Worker","ZoneGlobale","All_modes","48"
"2020-03-26","Kinshasa","Kingabwa","1h","Destination_Zone_Resident","Outside_Worker","ZoneGlobale","All_modes","26"
"2020-03-26","Kinshasa","Kingabwa","1h","Destination_Zone_Resident","Destination_Zone_Worker","ZoneGlobale","All_modes","46"
"2020-03-26","Kinshasa","Kingabwa","1h","Destination_Zone_Resident","Study_Zone_Worker","ZoneGlobale","All_modes","38"
"2020-03-26","Kinshasa","Kingabwa","1h","Destination_Zone_Resident","Origin_Zone_Worker","ZoneGlobale","All_modes","50"
"2020-03-26","Kinshasa","Kingabwa","1h","Study_Zone_Resident","Study_Zone_Worker","ZoneGlobale","All_modes","38"
"2020-03-26","Kinshasa","Kingabwa","1h","Origin_Zone_Resident","Origin_Zone_Worker","ZoneGlobale","All_modes","29"
"2020-03-26","Kinshasa","Kingabwa","3h","Outside_Resident","Outside_Worker","ZoneGlobale","All_modes","211"
"2020-03-26","Kinshasa","Kingabwa","3h","Outside_Resident","Study_Zone_Worker","ZoneGlobale","All_modes","38"
"2020-03-26","Kinshasa","Kingabwa","3h","Outside_Resident","Origin_Zone_Worker","ZoneGlobale","All_modes","89"
"2020-03-26","Kinshasa","Kingabwa","3h","Destination_Zone_Resident","Outside_Worker","ZoneGlobale","All_modes","26"
"2020-03-26","Kinshasa","Kingabwa","3h","Destination_Zone_Resident","Destination_Zone_Worker","ZoneGlobale","All_modes","111"
"2020-03-26","Kinshasa","Kingabwa","3h","Destination_Zone_Resident","Study_Zone_Worker","ZoneGlobale","All_modes","68"
"2020-03-26","Kinshasa","Kingabwa","3h","Destination_Zone_Resident","Origin_Zone_Worker","ZoneGlobale","All_modes","161"
"2020-03-26","Kinshasa","Kingabwa","3h","Study_Zone_Resident","Study_Zone_Worker","ZoneGlobale","All_modes","139"
"2020-03-26","Kinshasa","Kingabwa","3h","Study_Zone_Resident","Origin_Zone_Worker","ZoneGlobale","All_modes","52"
"2020-03-26","Kinshasa","Kingabwa","3h","Origin_Zone_Resident","Origin_Zone_Worker","ZoneGlobale","All_modes","24"
"2020-03-26","Kinshasa","Kintambo","1h","Outside_Resident","Outside_Worker","ZoneGlobale","All_modes","22"
"2020-03-26","Kinshasa","Kintambo","1h","Destination_Zone_Resident","Destination_Zone_Worker","ZoneGlobale","All_modes","47"
"2020-03-26","Kinshasa","Kintambo","1h","Destination_Zone_Resident","Study_Zone_Worker","ZoneGlobale","All_modes","26"
"2020-03-26","Kinshasa","Kintambo","3h","Outside_Resident","Outside_Worker","ZoneGlobale","All_modes","62"
"2020-03-26","Kinshasa","Kintambo","3h","Outside_Resident","Destination_Zone_Worker","ZoneGlobale","All_modes","22"
"2020-03-26","Kinshasa","Kintambo","3h","Destination_Zone_Resident","Destination_Zone_Worker","ZoneGlobale","All_modes","73"
"2020-03-26","Kinshasa","Kintambo","3h","Destination_Zone_Resident","Study_Zone_Worker","ZoneGlobale","All_modes","75"
"2020-03-26","Kinshasa","Kintambo","3h","Destination_Zone_Resident","Origin_Zone_Worker","ZoneGlobale","All_modes","50"
"2020-03-26","Kinshasa","Kintambo","3h","Study_Zone_Resident","Study_Zone_Worker","ZoneGlobale","All_modes","23"
"2020-03-26","Kinshasa","Kisenso","1h","Destination_Zone_Resident","Destination_Zone_Worker","ZoneGlobale","All_modes","34"
"2020-03-26","Kinshasa","Kisenso","1h","Destination_Zone_Resident","Study_Zone_Worker","ZoneGlobale","All_modes","22"
"2020-03-26","Kinshasa","Kisenso","1h","Destination_Zone_Resident","Origin_Zone_Worker","ZoneGlobale","All_modes","26"
"2020-03-26","Kinshasa","Kisenso","3h","Outside_Resident","Outside_Worker","ZoneGlobale","All_modes","47"
"2020-03-26","Kinshasa","Kisenso","3h","Outside_Resident","Origin_Zone_Worker","ZoneGlobale","All_modes","22"
"2020-03-26","Kinshasa","Kisenso","3h","Destination_Zone_Resident","Outside_Worker","ZoneGlobale","All_modes","36"
"2020-03-26","Kinshasa","Kisenso","3h","Destination_Zone_Resident","Destination_Zone_Worker","ZoneGlobale","All_modes","68"
"2020-03-26","Kinshasa","Kisenso","3h","Destination_Zone_Resident","Study_Zone_Worker","ZoneGlobale","All_modes","36"
"2020-03-26","Kinshasa","Kisenso","3h","Destination_Zone_Resident","Origin_Zone_Worker","ZoneGlobale","All_modes","123"
"2020-03-26","Kinshasa","Kisenso","3h","Study_Zone_Resident","Study_Zone_Worker","ZoneGlobale","All_modes","22"
"2020-03-26","Kinshasa","Kisenso","3h","Origin_Zone_Resident","Origin_Zone_Worker","ZoneGlobale","All_modes","27"
"2020-03-26","Kinshasa","Kokolo","1h","Outside_Resident","Outside_Worker","ZoneGlobale","All_modes","113"
"2020-03-26","Kinshasa","Kokolo","1h","Destination_Zone_Resident","Destination_Zone_Worker","ZoneGlobale","All_modes","134"
"2020-03-26","Kinshasa","Kokolo","1h","Destination_Zone_Resident","Study_Zone_Worker","ZoneGlobale","All_modes","52"
"2020-03-26","Kinshasa","Kokolo","1h","Destination_Zone_Resident","Origin_Zone_Worker","ZoneGlobale","All_modes","24"
"2020-03-26","Kinshasa","Kokolo","1h","Study_Zone_Resident","Study_Zone_Worker","ZoneGlobale","All_modes","104"
"2020-03-26","Kinshasa","Kokolo","1h","Origin_Zone_Resident","Origin_Zone_Worker","ZoneGlobale","All_modes","27"
"2020-03-26","Kinshasa","Kokolo","3h","Outside_Resident","Outside_Worker","ZoneGlobale","All_modes","145"
"2020-03-26","Kinshasa","Kokolo","3h","Outside_Resident","Destination_Zone_Worker","ZoneGlobale","All_modes","26"
"2020-03-26","Kinshasa","Kokolo","3h","Outside_Resident","Study_Zone_Worker","ZoneGlobale","All_modes","36"
"2020-03-26","Kinshasa","Kokolo","3h","Outside_Resident","Origin_Zone_Worker","ZoneGlobale","All_modes","35"
"2020-03-26","Kinshasa","Kokolo","3h","Destination_Zone_Resident","Outside_Worker","ZoneGlobale","All_modes","26"
"2020-03-26","Kinshasa","Kokolo","3h","Destination_Zone_Resident","Destination_Zone_Worker","ZoneGlobale","All_modes","421"
"2020-03-26","Kinshasa","Kokolo","3h","Destination_Zone_Resident","Study_Zone_Worker","ZoneGlobale","All_modes","202"
"2020-03-26","Kinshasa","Kokolo","3h","Destination_Zone_Resident","Origin_Zone_Worker","ZoneGlobale","All_modes","111"
"2020-03-26","Kinshasa","Kokolo","3h","Study_Zone_Resident","Study_Zone_Worker","ZoneGlobale","All_modes","87"
"2020-03-26","Kinshasa","Kokolo","3h","Origin_Zone_Resident","Origin_Zone_Worker","ZoneGlobale","All_modes","84"
"2020-03-26","Kinshasa","Lemba","1h","Outside_Resident","Outside_Worker","ZoneGlobale","All_modes","47"
"2020-03-26","Kinshasa","Lemba","1h","Destination_Zone_Resident","Outside_Worker","ZoneGlobale","All_modes","22"
"2020-03-26","Kinshasa","Lemba","1h","Destination_Zone_Resident","Destination_Zone_Worker","ZoneGlobale","All_modes","106"
"2020-03-26","Kinshasa","Lemba","1h","Destination_Zone_Resident","Study_Zone_Worker","ZoneGlobale","All_modes","126"
"2020-03-26","Kinshasa","Lemba","1h","Destination_Zone_Resident","Origin_Zone_Worker","ZoneGlobale","All_modes","85"
"2020-03-26","Kinshasa","Lemba","1h","Study_Zone_Resident","Study_Zone_Worker","ZoneGlobale","All_modes","48"
"2020-03-26","Kinshasa","Lemba","3h","Outside_Resident","Outside_Worker","ZoneGlobale","All_modes","94"
"2020-03-26","Kinshasa","Lemba","3h","Destination_Zone_Resident","Outside_Worker","ZoneGlobale","All_modes","101"
"2020-03-26","Kinshasa","Lemba","3h","Destination_Zone_Resident","Destination_Zone_Worker","ZoneGlobale","All_modes","146"
"2020-03-26","Kinshasa","Lemba","3h","Destination_Zone_Resident","Study_Zone_Worker","ZoneGlobale","All_modes","117"
"2020-03-26","Kinshasa","Lemba","3h","Destination_Zone_Resident","Origin_Zone_Worker","ZoneGlobale","All_modes","166"
"2020-03-26","Kinshasa","Lemba","3h","Study_Zone_Resident","Study_Zone_Worker","ZoneGlobale","All_modes","89"
"2020-03-26","Kinshasa","Lemba","3h","Study_Zone_Resident","Origin_Zone_Worker","ZoneGlobale","All_modes","21"
"2020-03-26","Kinshasa","Lemba","3h","Origin_Zone_Resident","Origin_Zone_Worker","ZoneGlobale","All_modes","22"
"2020-03-26","Kinshasa","Limete","1h","Outside_Resident","Outside_Worker","ZoneGlobale","All_modes","74"
"2020-03-26","Kinshasa","Limete","1h","Outside_Resident","Destination_Zone_Worker","ZoneGlobale","All_modes","22"
"2020-03-26","Kinshasa","Limete","1h","Outside_Resident","Origin_Zone_Worker","ZoneGlobale","All_modes","37"
"2020-03-26","Kinshasa","Limete","1h","Destination_Zone_Resident","Destination_Zone_Worker","ZoneGlobale","All_modes","241"
"2020-03-26","Kinshasa","Limete","1h","Destination_Zone_Resident","Study_Zone_Worker","ZoneGlobale","All_modes","85"
"2020-03-26","Kinshasa","Limete","1h","Destination_Zone_Resident","Origin_Zone_Worker","ZoneGlobale","All_modes","173"
"2020-03-26","Kinshasa","Limete","1h","Study_Zone_Resident","Study_Zone_Worker","ZoneGlobale","All_modes","97"
"2020-03-26","Kinshasa","Limete","1h","Study_Zone_Resident","Origin_Zone_Worker","ZoneGlobale","All_modes","42"
"2020-03-26","Kinshasa","Limete","1h","Origin_Zone_Resident","Origin_Zone_Worker","ZoneGlobale","All_modes","48"
"2020-03-26","Kinshasa","Limete","3h","Outside_Resident","Outside_Worker","ZoneGlobale","All_modes","184"
"2020-03-26","Kinshasa","Limete","3h","Outside_Resident","Destination_Zone_Worker","ZoneGlobale","All_modes","40"
"2020-03-26","Kinshasa","Limete","3h","Outside_Resident","Study_Zone_Worker","ZoneGlobale","All_modes","27"
"2020-03-26","Kinshasa","Limete","3h","Outside_Resident","Origin_Zone_Worker","ZoneGlobale","All_modes","81"
"2020-03-26","Kinshasa","Limete","3h","Destination_Zone_Resident","Outside_Worker","ZoneGlobale","All_modes","47"
"2020-03-26","Kinshasa","Limete","3h","Destination_Zone_Resident","Destination_Zone_Worker","ZoneGlobale","All_modes","284"
"2020-03-26","Kinshasa","Limete","3h","Destination_Zone_Resident","Study_Zone_Worker","ZoneGlobale","All_modes","128"
"2020-03-26","Kinshasa","Limete","3h","Destination_Zone_Resident","Origin_Zone_Worker","ZoneGlobale","All_modes","304"
"2020-03-26","Kinshasa","Limete","3h","Study_Zone_Resident","Destination_Zone_Worker","ZoneGlobale","All_modes","26"
"2020-03-26","Kinshasa","Limete","3h","Study_Zone_Resident","Study_Zone_Worker","ZoneGlobale","All_modes","111"
"2020-03-26","Kinshasa","Limete","3h","Study_Zone_Resident","Origin_Zone_Worker","ZoneGlobale","All_modes","54"
"2020-03-26","Kinshasa","Limete","3h","Origin_Zone_Resident","Study_Zone_Worker","ZoneGlobale","All_modes","27"
"2020-03-26","Kinshasa","Limete","3h","Origin_Zone_Resident","Origin_Zone_Worker","ZoneGlobale","All_modes","98"
"2020-03-26","Kinshasa","Makala","1h","Outside_Resident","Outside_Worker","ZoneGlobale","All_modes","27"
"2020-03-26","Kinshasa","Makala","1h","Destination_Zone_Resident","Destination_Zone_Worker","ZoneGlobale","All_modes","49"
"2020-03-26","Kinshasa","Makala","1h","Destination_Zone_Resident","Study_Zone_Worker","ZoneGlobale","All_modes","42"
"2020-03-26","Kinshasa","Makala","1h","Destination_Zone_Resident","Origin_Zone_Worker","ZoneGlobale","All_modes","37"
"2020-03-26","Kinshasa","Makala","3h","Outside_Resident","Outside_Worker","ZoneGlobale","All_modes","120"
"2020-03-26","Kinshasa","Makala","3h","Outside_Resident","Origin_Zone_Worker","ZoneGlobale","All_modes","27"
"2020-03-26","Kinshasa","Makala","3h","Destination_Zone_Resident","Outside_Worker","ZoneGlobale","All_modes","26"
"2020-03-26","Kinshasa","Makala","3h","Destination_Zone_Resident","Destination_Zone_Worker","ZoneGlobale","All_modes","101"
"2020-03-26","Kinshasa","Makala","3h","Destination_Zone_Resident","Study_Zone_Worker","ZoneGlobale","All_modes","84"
"2020-03-26","Kinshasa","Makala","3h","Destination_Zone_Resident","Origin_Zone_Worker","ZoneGlobale","All_modes","99"
"2020-03-26","Kinshasa","Makala","3h","Study_Zone_Resident","Outside_Worker","ZoneGlobale","All_modes","27"
"2020-03-26","Kinshasa","Makala","3h","Study_Zone_Resident","Study_Zone_Worker","ZoneGlobale","All_modes","47"
"2020-03-26","Kinshasa","Makala","3h","Study_Zone_Resident","Origin_Zone_Worker","ZoneGlobale","All_modes","38"
"2020-03-26","Kinshasa","Maluku I","1h","Outside_Resident","Origin_Zone_Worker","ZoneGlobale","All_modes","40"
"2020-03-26","Kinshasa","Maluku I","1h","Destination_Zone_Resident","Destination_Zone_Worker","ZoneGlobale","All_modes","22"
"2020-03-26","Kinshasa","Maluku I","1h","Destination_Zone_Resident","Study_Zone_Worker","ZoneGlobale","All_modes","26"
"2020-03-26","Kinshasa","Maluku I","1h","Destination_Zone_Resident","Origin_Zone_Worker","ZoneGlobale","All_modes","26"
"2020-03-26","Kinshasa","Maluku I","1h","Study_Zone_Resident","Study_Zone_Worker","ZoneGlobale","All_modes","22"
"2020-03-26","Kinshasa","Maluku I","1h","Origin_Zone_Resident","Study_Zone_Worker","ZoneGlobale","All_modes","22"
"2020-03-26","Kinshasa","Maluku I","1h","Origin_Zone_Resident","Origin_Zone_Worker","ZoneGlobale","All_modes","223"
"2020-03-26","Kinshasa","Maluku I","3h","Outside_Resident","Outside_Worker","ZoneGlobale","All_modes","49"
"2020-03-26","Kinshasa","Maluku I","3h","Outside_Resident","Origin_Zone_Worker","ZoneGlobale","All_modes","83"
"2020-03-26","Kinshasa","Maluku I","3h","Destination_Zone_Resident","Origin_Zone_Worker","ZoneGlobale","All_modes","40"
"2020-03-26","Kinshasa","Maluku I","3h","Study_Zone_Resident","Study_Zone_Worker","ZoneGlobale","All_modes","108"
"2020-03-26","Kinshasa","Maluku I","3h","Study_Zone_Resident","Origin_Zone_Worker","ZoneGlobale","All_modes","27"
"2020-03-26","Kinshasa","Maluku I","3h","Origin_Zone_Resident","Study_Zone_Worker","ZoneGlobale","All_modes","118"
"2020-03-26","Kinshasa","Maluku I","3h","Origin_Zone_Resident","Origin_Zone_Worker","ZoneGlobale","All_modes","382"
"2020-03-26","Kinshasa","Masina I","1h","Destination_Zone_Resident","Origin_Zone_Worker","ZoneGlobale","All_modes","22"
"2020-03-26","Kinshasa","Masina I","3h","Outside_Resident","Outside_Worker","ZoneGlobale","All_modes","65"
"2020-03-26","Kinshasa","Masina I","3h","Destination_Zone_Resident","Destination_Zone_Worker","ZoneGlobale","All_modes","40"
"2020-03-26","Kinshasa","Masina I","3h","Destination_Zone_Resident","Origin_Zone_Worker","ZoneGlobale","All_modes","98"
"2020-03-26","Kinshasa","Masina I","3h","Study_Zone_Resident","Study_Zone_Worker","ZoneGlobale","All_modes","36"
"2020-03-26","Kinshasa","Masina II","1h","Destination_Zone_Resident","Outside_Worker","ZoneGlobale","All_modes","22"
"2020-03-26","Kinshasa","Masina II","1h","Destination_Zone_Resident","Destination_Zone_Worker","ZoneGlobale","All_modes","64"
"2020-03-26","Kinshasa","Masina II","1h","Destination_Zone_Resident","Study_Zone_Worker","ZoneGlobale","All_modes","36"
"2020-03-26","Kinshasa","Masina II","1h","Destination_Zone_Resident","Origin_Zone_Worker","ZoneGlobale","All_modes","35"
"2020-03-26","Kinshasa","Masina II","1h","Study_Zone_Resident","Study_Zone_Worker","ZoneGlobale","All_modes","31"
"2020-03-26","Kinshasa","Masina II","1h","Study_Zone_Resident","Origin_Zone_Worker","ZoneGlobale","All_modes","26"
"2020-03-26","Kinshasa","Masina II","3h","Outside_Resident","Outside_Worker","ZoneGlobale","All_modes","64"
"2020-03-26","Kinshasa","Masina II","3h","Outside_Resident","Destination_Zone_Worker","ZoneGlobale","All_modes","40"
"2020-03-26","Kinshasa","Masina II","3h","Outside_Resident","Origin_Zone_Worker","ZoneGlobale","All_modes","36"
"2020-03-26","Kinshasa","Masina II","3h","Destination_Zone_Resident","Outside_Worker","ZoneGlobale","All_modes","47"
"2020-03-26","Kinshasa","Masina II","3h","Destination_Zone_Resident","Destination_Zone_Worker","ZoneGlobale","All_modes","85"
"2020-03-26","Kinshasa","Masina II","3h","Destination_Zone_Resident","Study_Zone_Worker","ZoneGlobale","All_modes","26"
"2020-03-26","Kinshasa","Masina II","3h","Destination_Zone_Resident","Origin_Zone_Worker","ZoneGlobale","All_modes","69"
"2020-03-26","Kinshasa","Masina II","3h","Study_Zone_Resident","Study_Zone_Worker","ZoneGlobale","All_modes","32"
"2020-03-26","Kinshasa","Masina II","3h","Study_Zone_Resident","Origin_Zone_Worker","ZoneGlobale","All_modes","40"
"2020-03-26","Kinshasa","Masina II","3h","Origin_Zone_Resident","Origin_Zone_Worker","ZoneGlobale","All_modes","27"
"2020-03-26","Kinshasa","Matete","1h","Outside_Resident","Outside_Worker","ZoneGlobale","All_modes","26"
"2020-03-26","Kinshasa","Matete","1h","Destination_Zone_Resident","Study_Zone_Worker","ZoneGlobale","All_modes","52"
"2020-03-26","Kinshasa","Matete","1h","Destination_Zone_Resident","Origin_Zone_Worker","ZoneGlobale","All_modes","40"
"2020-03-26","Kinshasa","Matete","1h","Study_Zone_Resident","Study_Zone_Worker","ZoneGlobale","All_modes","26"
"2020-03-26","Kinshasa","Matete","3h","Outside_Resident","Outside_Worker","ZoneGlobale","All_modes","51"
"2020-03-26","Kinshasa","Matete","3h","Destination_Zone_Resident","Outside_Worker","ZoneGlobale","All_modes","24"
"2020-03-26","Kinshasa","Matete","3h","Destination_Zone_Resident","Destination_Zone_Worker","ZoneGlobale","All_modes","38"
"2020-03-26","Kinshasa","Matete","3h","Destination_Zone_Resident","Origin_Zone_Worker","ZoneGlobale","All_modes","153"
"2020-03-26","Kinshasa","Matete","3h","Study_Zone_Resident","Study_Zone_Worker","ZoneGlobale","All_modes","67"
"2020-03-26","Kinshasa","Mont Ngafula I","1h","Destination_Zone_Resident","Destination_Zone_Worker","ZoneGlobale","All_modes","56"
"2020-03-26","Kinshasa","Mont Ngafula I","1h","Destination_Zone_Resident","Origin_Zone_Worker","ZoneGlobale","All_modes","22"
"2020-03-26","Kinshasa","Mont Ngafula I","1h","Study_Zone_Resident","Study_Zone_Worker","ZoneGlobale","All_modes","32"
"2020-03-26","Kinshasa","Mont Ngafula I","3h","Outside_Resident","Outside_Worker","ZoneGlobale","All_modes","27"
"2020-03-26","Kinshasa","Mont Ngafula I","3h","Destination_Zone_Resident","Destination_Zone_Worker","ZoneGlobale","All_modes","81"
"2020-03-26","Kinshasa","Mont Ngafula I","3h","Destination_Zone_Resident","Origin_Zone_Worker","ZoneGlobale","All_modes","47"
"2020-03-26","Kinshasa","Mont Ngafula I","3h","Study_Zone_Resident","Study_Zone_Worker","ZoneGlobale","All_modes","36"
"2020-03-26","Kinshasa","Mont Ngafula II","1h","Outside_Resident","Outside_Worker","ZoneGlobale","All_modes","57"
"2020-03-26","Kinshasa","Mont Ngafula II","1h","Destination_Zone_Resident","Destination_Zone_Worker","ZoneGlobale","All_modes","46"
"2020-03-26","Kinshasa","Mont Ngafula II","1h","Destination_Zone_Resident","Origin_Zone_Worker","ZoneGlobale","All_modes","24"
"2020-03-26","Kinshasa","Mont Ngafula II","1h","Study_Zone_Resident","Study_Zone_Worker","ZoneGlobale","All_modes","26"
"2020-03-26","Kinshasa","Mont Ngafula II","3h","Outside_Resident","Outside_Worker","ZoneGlobale","All_modes","68"
"2020-03-26","Kinshasa","Mont Ngafula II","3h","Destination_Zone_Resident","Destination_Zone_Worker","ZoneGlobale","All_modes","67"
"2020-03-26","Kinshasa","Mont Ngafula II","3h","Destination_Zone_Resident","Study_Zone_Worker","ZoneGlobale","All_modes","63"
"2020-03-26","Kinshasa","Mont Ngafula II","3h","Destination_Zone_Resident","Origin_Zone_Worker","ZoneGlobale","All_modes","58"
"2020-03-26","Kinshasa","Ndjili","1h","Destination_Zone_Resident","Destination_Zone_Worker","ZoneGlobale","All_modes","75"
"2020-03-26","Kinshasa","Ndjili","1h","Destination_Zone_Resident","Study_Zone_Worker","ZoneGlobale","All_modes","110"
"2020-03-26","Kinshasa","Ndjili","1h","Destination_Zone_Resident","Origin_Zone_Worker","ZoneGlobale","All_modes","46"
"2020-03-26","Kinshasa","Ndjili","1h","Study_Zone_Resident","Destination_Zone_Worker","ZoneGlobale","All_modes","27"
"2020-03-26","Kinshasa","Ndjili","1h","Study_Zone_Resident","Study_Zone_Worker","ZoneGlobale","All_modes","26"
"2020-03-26","Kinshasa","Ndjili","3h","Outside_Resident","Outside_Worker","ZoneGlobale","All_modes","33"
"2020-03-26","Kinshasa","Ndjili","3h","Outside_Resident","Origin_Zone_Worker","ZoneGlobale","All_modes","26"
"2020-03-26","Kinshasa","Ndjili","3h","Destination_Zone_Resident","Destination_Zone_Worker","ZoneGlobale","All_modes","98"
"2020-03-26","Kinshasa","Ndjili","3h","Destination_Zone_Resident","Study_Zone_Worker","ZoneGlobale","All_modes","58"
"2020-03-26","Kinshasa","Ndjili","3h","Destination_Zone_Resident","Origin_Zone_Worker","ZoneGlobale","All_modes","97"
"2020-03-26","Kinshasa","Ndjili","3h","Study_Zone_Resident","Study_Zone_Worker","ZoneGlobale","All_modes","35"
"2020-03-26","Kinshasa","Ndjili","3h","Study_Zone_Resident","Origin_Zone_Worker","ZoneGlobale","All_modes","35"
"2020-03-26","Kinshasa","Ndjili","3h","Origin_Zone_Resident","Origin_Zone_Worker","ZoneGlobale","All_modes","40"
"2020-03-26","Kinshasa","Ngiri-Ngiri","1h","Outside_Resident","Outside_Worker","ZoneGlobale","All_modes","40"
"2020-03-26","Kinshasa","Ngiri-Ngiri","1h","Outside_Resident","Destination_Zone_Worker","ZoneGlobale","All_modes","26"
"2020-03-26","Kinshasa","Ngiri-Ngiri","1h","Destination_Zone_Resident","Outside_Worker","ZoneGlobale","All_modes","27"
"2020-03-26","Kinshasa","Ngiri-Ngiri","1h","Destination_Zone_Resident","Destination_Zone_Worker","ZoneGlobale","All_modes","253"
"2020-03-26","Kinshasa","Ngiri-Ngiri","1h","Destination_Zone_Resident","Study_Zone_Worker","ZoneGlobale","All_modes","68"
"2020-03-26","Kinshasa","Ngiri-Ngiri","1h","Destination_Zone_Resident","Origin_Zone_Worker","ZoneGlobale","All_modes","106"
"2020-03-26","Kinshasa","Ngiri-Ngiri","1h","Study_Zone_Resident","Study_Zone_Worker","ZoneGlobale","All_modes","95"
"2020-03-26","Kinshasa","Ngiri-Ngiri","1h","Study_Zone_Resident","Origin_Zone_Worker","ZoneGlobale","All_modes","22"
"2020-03-26","Kinshasa","Ngiri-Ngiri","1h","Origin_Zone_Resident","Destination_Zone_Worker","ZoneGlobale","All_modes","23"
"2020-03-26","Kinshasa","Ngiri-Ngiri","1h","Origin_Zone_Resident","Origin_Zone_Worker","ZoneGlobale","All_modes","46"
"2020-03-26","Kinshasa","Ngiri-Ngiri","3h","Outside_Resident","Outside_Worker","ZoneGlobale","All_modes","120"
"2020-03-26","Kinshasa","Ngiri-Ngiri","3h","Outside_Resident","Study_Zone_Worker","ZoneGlobale","All_modes","36"
"2020-03-26","Kinshasa","Ngiri-Ngiri","3h","Outside_Resident","Origin_Zone_Worker","ZoneGlobale","All_modes","81"
"2020-03-26","Kinshasa","Ngiri-Ngiri","3h","Destination_Zone_Resident","Outside_Worker","ZoneGlobale","All_modes","54"
"2020-03-26","Kinshasa","Ngiri-Ngiri","3h","Destination_Zone_Resident","Destination_Zone_Worker","ZoneGlobale","All_modes","259"
"2020-03-26","Kinshasa","Ngiri-Ngiri","3h","Destination_Zone_Resident","Study_Zone_Worker","ZoneGlobale","All_modes","101"
"2020-03-26","Kinshasa","Ngiri-Ngiri","3h","Destination_Zone_Resident","Origin_Zone_Worker","ZoneGlobale","All_modes","226"
"2020-03-26","Kinshasa","Ngiri-Ngiri","3h","Study_Zone_Resident","Study_Zone_Worker","ZoneGlobale","All_modes","94"
"2020-03-26","Kinshasa","Ngiri-Ngiri","3h","Study_Zone_Resident","Origin_Zone_Worker","ZoneGlobale","All_modes","42"
"2020-03-26","Kinshasa","Nsele","1h","Outside_Resident","Outside_Worker","ZoneGlobale","All_modes","98"
"2020-03-26","Kinshasa","Nsele","1h","Destination_Zone_Resident","Destination_Zone_Worker","ZoneGlobale","All_modes","142"
"2020-03-26","Kinshasa","Nsele","1h","Destination_Zone_Resident","Study_Zone_Worker","ZoneGlobale","All_modes","113"
"2020-03-26","Kinshasa","Nsele","1h","Destination_Zone_Resident","Origin_Zone_Worker","ZoneGlobale","All_modes","90"
"2020-03-26","Kinshasa","Nsele","1h","Study_Zone_Resident","Study_Zone_Worker","ZoneGlobale","All_modes","117"
"2020-03-26","Kinshasa","Nsele","1h","Study_Zone_Resident","Origin_Zone_Worker","ZoneGlobale","All_modes","42"
"2020-03-26","Kinshasa","Nsele","1h","Origin_Zone_Resident","Destination_Zone_Worker","ZoneGlobale","All_modes","27"
"2020-03-26","Kinshasa","Nsele","1h","Origin_Zone_Resident","Study_Zone_Worker","ZoneGlobale","All_modes","64"
"2020-03-26","Kinshasa","Nsele","1h","Origin_Zone_Resident","Origin_Zone_Worker","ZoneGlobale","All_modes","612"
"2020-03-26","Kinshasa","Nsele","3h","Outside_Resident","Outside_Worker","ZoneGlobale","All_modes","311"
"2020-03-26","Kinshasa","Nsele","3h","Outside_Resident","Destination_Zone_Worker","ZoneGlobale","All_modes","58"
"2020-03-26","Kinshasa","Nsele","3h","Outside_Resident","Study_Zone_Worker","ZoneGlobale","All_modes","40"
"2020-03-26","Kinshasa","Nsele","3h","Outside_Resident","Origin_Zone_Worker","ZoneGlobale","All_modes","93"
"2020-03-26","Kinshasa","Nsele","3h","Destination_Zone_Resident","Outside_Worker","ZoneGlobale","All_modes","47"
"2020-03-26","Kinshasa","Nsele","3h","Destination_Zone_Resident","Destination_Zone_Worker","ZoneGlobale","All_modes","209"
"2020-03-26","Kinshasa","Nsele","3h","Destination_Zone_Resident","Study_Zone_Worker","ZoneGlobale","All_modes","144"
"2020-03-26","Kinshasa","Nsele","3h","Destination_Zone_Resident","Origin_Zone_Worker","ZoneGlobale","All_modes","198"
"2020-03-26","Kinshasa","Nsele","3h","Study_Zone_Resident","Outside_Worker","ZoneGlobale","All_modes","22"
"2020-03-26","Kinshasa","Nsele","3h","Study_Zone_Resident","Destination_Zone_Worker","ZoneGlobale","All_modes","40"
"2020-03-26","Kinshasa","Nsele","3h","Study_Zone_Resident","Study_Zone_Worker","ZoneGlobale","All_modes","191"
"2020-03-26","Kinshasa","Nsele","3h","Study_Zone_Resident","Origin_Zone_Worker","ZoneGlobale","All_modes","167"
"2020-03-26","Kinshasa","Nsele","3h","Origin_Zone_Resident","Destination_Zone_Worker","ZoneGlobale","All_modes","27"
"2020-03-26","Kinshasa","Nsele","3h","Origin_Zone_Resident","Study_Zone_Worker","ZoneGlobale","All_modes","234"
"2020-03-26","Kinshasa","Nsele","3h","Origin_Zone_Resident","Origin_Zone_Worker","ZoneGlobale","All_modes","1421"
"2020-03-26","Kinshasa","Police","1h","Outside_Resident","Outside_Worker","ZoneGlobale","All_modes","327"
"2020-03-26","Kinshasa","Police","1h","Outside_Resident","Destination_Zone_Worker","ZoneGlobale","All_modes","67"
"2020-03-26","Kinshasa","Police","1h","Outside_Resident","Origin_Zone_Worker","ZoneGlobale","All_modes","109"
"2020-03-26","Kinshasa","Police","1h","Destination_Zone_Resident","Outside_Worker","ZoneGlobale","All_modes","32"
"2020-03-26","Kinshasa","Police","1h","Destination_Zone_Resident","Destination_Zone_Worker","ZoneGlobale","All_modes","1427"
"2020-03-26","Kinshasa","Police","1h","Destination_Zone_Resident","Study_Zone_Worker","ZoneGlobale","All_modes","206"
"2020-03-26","Kinshasa","Police","1h","Destination_Zone_Resident","Origin_Zone_Worker","ZoneGlobale","All_modes","409"
"2020-03-26","Kinshasa","Police","1h","Study_Zone_Resident","Destination_Zone_Worker","ZoneGlobale","All_modes","63"
"2020-03-26","Kinshasa","Police","1h","Study_Zone_Resident","Study_Zone_Worker","ZoneGlobale","All_modes","248"
"2020-03-26","Kinshasa","Police","1h","Study_Zone_Resident","Origin_Zone_Worker","ZoneGlobale","All_modes","80"
"2020-03-26","Kinshasa","Police","1h","Origin_Zone_Resident","Outside_Worker","ZoneGlobale","All_modes","25"
"2020-03-26","Kinshasa","Police","1h","Origin_Zone_Resident","Destination_Zone_Worker","ZoneGlobale","All_modes","40"
"2020-03-26","Kinshasa","Police","1h","Origin_Zone_Resident","Study_Zone_Worker","ZoneGlobale","All_modes","61"
"2020-03-26","Kinshasa","Police","1h","Origin_Zone_Resident","Origin_Zone_Worker","ZoneGlobale","All_modes","768"
"2020-03-26","Kinshasa","Police","3h","Outside_Resident","Outside_Worker","ZoneGlobale","All_modes","539"
"2020-03-26","Kinshasa","Police","3h","Outside_Resident","Destination_Zone_Worker","ZoneGlobale","All_modes","92"
"2020-03-26","Kinshasa","Police","3h","Outside_Resident","Study_Zone_Worker","ZoneGlobale","All_modes","80"
"2020-03-26","Kinshasa","Police","3h","Outside_Resident","Origin_Zone_Worker","ZoneGlobale","All_modes","274"
"2020-03-26","Kinshasa","Police","3h","Destination_Zone_Resident","Outside_Worker","ZoneGlobale","All_modes","68"
"2020-03-26","Kinshasa","Police","3h","Destination_Zone_Resident","Destination_Zone_Worker","ZoneGlobale","All_modes","1413"
"2020-03-26","Kinshasa","Police","3h","Destination_Zone_Resident","Study_Zone_Worker","ZoneGlobale","All_modes","236"
"2020-03-26","Kinshasa","Police","3h","Destination_Zone_Resident","Origin_Zone_Worker","ZoneGlobale","All_modes","669"
"2020-03-26","Kinshasa","Police","3h","Study_Zone_Resident","Destination_Zone_Worker","ZoneGlobale","All_modes","24"
"2020-03-26","Kinshasa","Police","3h","Study_Zone_Resident","Study_Zone_Worker","ZoneGlobale","All_modes","224"
"2020-03-26","Kinshasa","Police","3h","Study_Zone_Resident","Origin_Zone_Worker","ZoneGlobale","All_modes","72"
"2020-03-26","Kinshasa","Police","3h","Origin_Zone_Resident","Outside_Worker","ZoneGlobale","All_modes","27"
"2020-03-26","Kinshasa","Police","3h","Origin_Zone_Resident","Destination_Zone_Worker","ZoneGlobale","All_modes","76"
"2020-03-26","Kinshasa","Police","3h","Origin_Zone_Resident","Study_Zone_Worker","ZoneGlobale","All_modes","128"
"2020-03-26","Kinshasa","Police","3h","Origin_Zone_Resident","Origin_Zone_Worker","ZoneGlobale","All_modes","1159"
"2020-03-26","Kinshasa","Selembao","1h","Outside_Resident","Outside_Worker","ZoneGlobale","All_modes","24"
"2020-03-26","Kinshasa","Selembao","1h","Outside_Resident","Origin_Zone_Worker","ZoneGlobale","All_modes","22"
"2020-03-26","Kinshasa","Selembao","1h","Destination_Zone_Resident","Destination_Zone_Worker","ZoneGlobale","All_modes","22"
"2020-03-26","Kinshasa","Selembao","1h","Destination_Zone_Resident","Study_Zone_Worker","ZoneGlobale","All_modes","60"
"2020-03-26","Kinshasa","Selembao","3h","Outside_Resident","Outside_Worker","ZoneGlobale","All_modes","60"
"2020-03-26","Kinshasa","Selembao","3h","Outside_Resident","Origin_Zone_Worker","ZoneGlobale","All_modes","36"
"2020-03-26","Kinshasa","Selembao","3h","Destination_Zone_Resident","Outside_Worker","ZoneGlobale","All_modes","35"
"2020-03-26","Kinshasa","Selembao","3h","Destination_Zone_Resident","Destination_Zone_Worker","ZoneGlobale","All_modes","27"
"2020-03-26","Kinshasa","Selembao","3h","Destination_Zone_Resident","Study_Zone_Worker","ZoneGlobale","All_modes","85"
"2020-03-26","Kinshasa","Selembao","3h","Destination_Zone_Resident","Origin_Zone_Worker","ZoneGlobale","All_modes","130"
"2020-03-26","Kinshasa","Selembao","3h","Study_Zone_Resident","Study_Zone_Worker","ZoneGlobale","All_modes","27"
"2020-03-26","Kinshasa","Selembao","3h","Study_Zone_Resident","Origin_Zone_Worker","ZoneGlobale","All_modes","45"
"2020-03-26","Kinshasa","Selembao","3h","Origin_Zone_Resident","Origin_Zone_Worker","ZoneGlobale","All_modes","27"
"2020-03-26","Kintambo","Barumbu","1h","Destination_Zone_Resident","Destination_Zone_Worker","ZoneGlobale","All_modes","58"
"2020-03-26","Kintambo","Barumbu","1h","Destination_Zone_Resident","Study_Zone_Worker","ZoneGlobale","All_modes","35"
"2020-03-26","Kintambo","Barumbu","3h","Destination_Zone_Resident","Destination_Zone_Worker","ZoneGlobale","All_modes","91"
"2020-03-26","Kintambo","Barumbu","3h","Destination_Zone_Resident","Study_Zone_Worker","ZoneGlobale","All_modes","73"
"2020-03-26","Kintambo","Binza Meteo","1h","Outside_Resident","Outside_Worker","ZoneGlobale","All_modes","590"
"2020-03-26","Kintambo","Binza Meteo","1h","Outside_Resident","Destination_Zone_Worker","ZoneGlobale","All_modes","201"
"2020-03-26","Kintambo","Binza Meteo","1h","Outside_Resident","Study_Zone_Worker","ZoneGlobale","All_modes","70"
"2020-03-26","Kintambo","Binza Meteo","1h","Outside_Resident","Origin_Zone_Worker","ZoneGlobale","All_modes","93"
"2020-03-26","Kintambo","Binza Meteo","1h","Destination_Zone_Resident","Outside_Worker","ZoneGlobale","All_modes","98"
"2020-03-26","Kintambo","Binza Meteo","1h","Destination_Zone_Resident","Destination_Zone_Worker","ZoneGlobale","All_modes","2606"
"2020-03-26","Kintambo","Binza Meteo","1h","Destination_Zone_Resident","Study_Zone_Worker","ZoneGlobale","All_modes","528"
"2020-03-26","Kintambo","Binza Meteo","1h","Destination_Zone_Resident","Origin_Zone_Worker","ZoneGlobale","All_modes","549"
"2020-03-26","Kintambo","Binza Meteo","1h","Study_Zone_Resident","Destination_Zone_Worker","ZoneGlobale","All_modes","132"
"2020-03-26","Kintambo","Binza Meteo","1h","Study_Zone_Resident","Study_Zone_Worker","ZoneGlobale","All_modes","357"
"2020-03-26","Kintambo","Binza Meteo","1h","Study_Zone_Resident","Origin_Zone_Worker","ZoneGlobale","All_modes","96"
"2020-03-26","Kintambo","Binza Meteo","1h","Origin_Zone_Resident","Outside_Worker","ZoneGlobale","All_modes","24"
"2020-03-26","Kintambo","Binza Meteo","1h","Origin_Zone_Resident","Destination_Zone_Worker","ZoneGlobale","All_modes","208"
"2020-03-26","Kintambo","Binza Meteo","1h","Origin_Zone_Resident","Study_Zone_Worker","ZoneGlobale","All_modes","100"
"2020-03-26","Kintambo","Binza Meteo","1h","Origin_Zone_Resident","Origin_Zone_Worker","ZoneGlobale","All_modes","1189"
"2020-03-26","Kintambo","Binza Meteo","3h","Outside_Resident","Outside_Worker","ZoneGlobale","All_modes","1105"
"2020-03-26","Kintambo","Binza Meteo","3h","Outside_Resident","Destination_Zone_Worker","ZoneGlobale","All_modes","611"
"2020-03-26","Kintambo","Binza Meteo","3h","Outside_Resident","Study_Zone_Worker","ZoneGlobale","All_modes","88"
"2020-03-26","Kintambo","Binza Meteo","3h","Outside_Resident","Origin_Zone_Worker","ZoneGlobale","All_modes","406"
"2020-03-26","Kintambo","Binza Meteo","3h","Destination_Zone_Resident","Outside_Worker","ZoneGlobale","All_modes","189"
"2020-03-26","Kintambo","Binza Meteo","3h","Destination_Zone_Resident","Destination_Zone_Worker","ZoneGlobale","All_modes","2776"
"2020-03-26","Kintambo","Binza Meteo","3h","Destination_Zone_Resident","Study_Zone_Worker","ZoneGlobale","All_modes","390"
"2020-03-26","Kintambo","Binza Meteo","3h","Destination_Zone_Resident","Origin_Zone_Worker","ZoneGlobale","All_modes","1130"
"2020-03-26","Kintambo","Binza Meteo","3h","Study_Zone_Resident","Outside_Worker","ZoneGlobale","All_modes","72"
"2020-03-26","Kintambo","Binza Meteo","3h","Study_Zone_Resident","Destination_Zone_Worker","ZoneGlobale","All_modes","37"
"2020-03-26","Kintambo","Binza Meteo","3h","Study_Zone_Resident","Study_Zone_Worker","ZoneGlobale","All_modes","259"
"2020-03-26","Kintambo","Binza Meteo","3h","Study_Zone_Resident","Origin_Zone_Worker","ZoneGlobale","All_modes","121"
"2020-03-26","Kintambo","Binza Meteo","3h","Origin_Zone_Resident","Outside_Worker","ZoneGlobale","All_modes","48"
"2020-03-26","Kintambo","Binza Meteo","3h","Origin_Zone_Resident","Destination_Zone_Worker","ZoneGlobale","All_modes","259"
"2020-03-26","Kintambo","Binza Meteo","3h","Origin_Zone_Resident","Study_Zone_Worker","ZoneGlobale","All_modes","126"
"2020-03-26","Kintambo","Binza Meteo","3h","Origin_Zone_Resident","Origin_Zone_Worker","ZoneGlobale","All_modes","1731"
"2020-03-26","Kintambo","Binza Ozone","1h","Outside_Resident","Outside_Worker","ZoneGlobale","All_modes","26"
"2020-03-26","Kintambo","Binza Ozone","1h","Outside_Resident","Destination_Zone_Worker","ZoneGlobale","All_modes","24"
"2020-03-26","Kintambo","Binza Ozone","1h","Outside_Resident","Origin_Zone_Worker","ZoneGlobale","All_modes","22"
"2020-03-26","Kintambo","Binza Ozone","1h","Destination_Zone_Resident","Outside_Worker","ZoneGlobale","All_modes","25"
"2020-03-26","Kintambo","Binza Ozone","1h","Destination_Zone_Resident","Destination_Zone_Worker","ZoneGlobale","All_modes","475"
"2020-03-26","Kintambo","Binza Ozone","1h","Destination_Zone_Resident","Study_Zone_Worker","ZoneGlobale","All_modes","214"
"2020-03-26","Kintambo","Binza Ozone","1h","Destination_Zone_Resident","Origin_Zone_Worker","ZoneGlobale","All_modes","161"
"2020-03-26","Kintambo","Binza Ozone","1h","Study_Zone_Resident","Study_Zone_Worker","ZoneGlobale","All_modes","42"
"2020-03-26","Kintambo","Binza Ozone","3h","Outside_Resident","Outside_Worker","ZoneGlobale","All_modes","251"
"2020-03-26","Kintambo","Binza Ozone","3h","Outside_Resident","Destination_Zone_Worker","ZoneGlobale","All_modes","64"
"2020-03-26","Kintambo","Binza Ozone","3h","Outside_Resident","Study_Zone_Worker","ZoneGlobale","All_modes","25"
"2020-03-26","Kintambo","Binza Ozone","3h","Outside_Resident","Origin_Zone_Worker","ZoneGlobale","All_modes","78"
"2020-03-26","Kintambo","Binza Ozone","3h","Destination_Zone_Resident","Outside_Worker","ZoneGlobale","All_modes","103"
"2020-03-26","Kintambo","Binza Ozone","3h","Destination_Zone_Resident","Destination_Zone_Worker","ZoneGlobale","All_modes","617"
"2020-03-26","Kintambo","Binza Ozone","3h","Destination_Zone_Resident","Study_Zone_Worker","ZoneGlobale","All_modes","248"
"2020-03-26","Kintambo","Binza Ozone","3h","Destination_Zone_Resident","Origin_Zone_Worker","ZoneGlobale","All_modes","274"
"2020-03-26","Kintambo","Binza Ozone","3h","Study_Zone_Resident","Study_Zone_Worker","ZoneGlobale","All_modes","40"
"2020-03-26","Kintambo","Binza Ozone","3h","Study_Zone_Resident","Origin_Zone_Worker","ZoneGlobale","All_modes","23"
"2020-03-26","Kintambo","Binza Ozone","3h","Origin_Zone_Resident","Origin_Zone_Worker","ZoneGlobale","All_modes","67"
"2020-03-26","Kintambo","Bumbu","1h","Outside_Resident","Outside_Worker","ZoneGlobale","All_modes","47"
"2020-03-26","Kintambo","Bumbu","1h","Destination_Zone_Resident","Outside_Worker","ZoneGlobale","All_modes","24"
"2020-03-26","Kintambo","Bumbu","1h","Destination_Zone_Resident","Destination_Zone_Worker","ZoneGlobale","All_modes","75"
"2020-03-26","Kintambo","Bumbu","1h","Destination_Zone_Resident","Study_Zone_Worker","ZoneGlobale","All_modes","47"
"2020-03-26","Kintambo","Bumbu","1h","Destination_Zone_Resident","Origin_Zone_Worker","ZoneGlobale","All_modes","51"
"2020-03-26","Kintambo","Bumbu","1h","Study_Zone_Resident","Study_Zone_Worker","ZoneGlobale","All_modes","94"
"2020-03-26","Kintambo","Bumbu","3h","Outside_Resident","Outside_Worker","ZoneGlobale","All_modes","104"
"2020-03-26","Kintambo","Bumbu","3h","Outside_Resident","Destination_Zone_Worker","ZoneGlobale","All_modes","27"
"2020-03-26","Kintambo","Bumbu","3h","Outside_Resident","Study_Zone_Worker","ZoneGlobale","All_modes","44"
"2020-03-26","Kintambo","Bumbu","3h","Outside_Resident","Origin_Zone_Worker","ZoneGlobale","All_modes","27"
"2020-03-26","Kintambo","Bumbu","3h","Destination_Zone_Resident","Outside_Worker","ZoneGlobale","All_modes","73"
"2020-03-26","Kintambo","Bumbu","3h","Destination_Zone_Resident","Destination_Zone_Worker","ZoneGlobale","All_modes","114"
"2020-03-26","Kintambo","Bumbu","3h","Destination_Zone_Resident","Study_Zone_Worker","ZoneGlobale","All_modes","55"
"2020-03-26","Kintambo","Bumbu","3h","Destination_Zone_Resident","Origin_Zone_Worker","ZoneGlobale","All_modes","149"
"2020-03-26","Kintambo","Bumbu","3h","Study_Zone_Resident","Study_Zone_Worker","ZoneGlobale","All_modes","152"
"2020-03-26","Kintambo","Bumbu","3h","Origin_Zone_Resident","Origin_Zone_Worker","ZoneGlobale","All_modes","50"
"2020-03-26","Kintambo","Gombe","1h","Destination_Zone_Resident","Destination_Zone_Worker","ZoneGlobale","All_modes","47"
"2020-03-26","Kintambo","Gombe","3h","Outside_Resident","Outside_Worker","ZoneGlobale","All_modes","42"
"2020-03-26","Kintambo","Gombe","3h","Outside_Resident","Study_Zone_Worker","ZoneGlobale","All_modes","24"
"2020-03-26","Kintambo","Gombe","3h","Destination_Zone_Resident","Destination_Zone_Worker","ZoneGlobale","All_modes","58"
"2020-03-26","Kintambo","Gombe","3h","Study_Zone_Resident","Destination_Zone_Worker","ZoneGlobale","All_modes","24"
"2020-03-26","Kintambo","Gombe","3h","Study_Zone_Resident","Study_Zone_Worker","ZoneGlobale","All_modes","32"
"2020-03-26","Kintambo","Gombe","3h","Origin_Zone_Resident","Origin_Zone_Worker","ZoneGlobale","All_modes","63"
"2020-03-26","Kintambo","Kalamu I","1h","Outside_Resident","Outside_Worker","ZoneGlobale","All_modes","62"
"2020-03-26","Kintambo","Kalamu I","1h","Destination_Zone_Resident","Destination_Zone_Worker","ZoneGlobale","All_modes","58"
"2020-03-26","Kintambo","Kalamu I","1h","Destination_Zone_Resident","Origin_Zone_Worker","ZoneGlobale","All_modes","42"
"2020-03-26","Kintambo","Kalamu I","1h","Study_Zone_Resident","Study_Zone_Worker","ZoneGlobale","All_modes","47"
"2020-03-26","Kintambo","Kalamu I","3h","Outside_Resident","Outside_Worker","ZoneGlobale","All_modes","51"
"2020-03-26","Kintambo","Kalamu I","3h","Outside_Resident","Study_Zone_Worker","ZoneGlobale","All_modes","21"
"2020-03-26","Kintambo","Kalamu I","3h","Outside_Resident","Origin_Zone_Worker","ZoneGlobale","All_modes","32"
"2020-03-26","Kintambo","Kalamu I","3h","Destination_Zone_Resident","Destination_Zone_Worker","ZoneGlobale","All_modes","58"
"2020-03-26","Kintambo","Kalamu I","3h","Destination_Zone_Resident","Study_Zone_Worker","ZoneGlobale","All_modes","34"
"2020-03-26","Kintambo","Kalamu I","3h","Destination_Zone_Resident","Origin_Zone_Worker","ZoneGlobale","All_modes","67"
"2020-03-26","Kintambo","Kalamu I","3h","Study_Zone_Resident","Study_Zone_Worker","ZoneGlobale","All_modes","47"
"2020-03-26","Kintambo","Kalamu I","3h","Study_Zone_Resident","Origin_Zone_Worker","ZoneGlobale","All_modes","27"
"2020-03-26","Kintambo","Kalamu II","1h","Destination_Zone_Resident","Origin_Zone_Worker","ZoneGlobale","All_modes","21"
"2020-03-26","Kintambo","Kalamu II","1h","Study_Zone_Resident","Study_Zone_Worker","ZoneGlobale","All_modes","35"
"2020-03-26","Kintambo","Kalamu II","1h","Study_Zone_Resident","Origin_Zone_Worker","ZoneGlobale","All_modes","21"
"2020-03-26","Kintambo","Kalamu II","3h","Outside_Resident","Outside_Worker","ZoneGlobale","All_modes","27"
"2020-03-26","Kintambo","Kalamu II","3h","Destination_Zone_Resident","Origin_Zone_Worker","ZoneGlobale","All_modes","45"
"2020-03-26","Kintambo","Kalamu II","3h","Study_Zone_Resident","Study_Zone_Worker","ZoneGlobale","All_modes","60"
"2020-03-26","Kintambo","Kalamu II","3h","Origin_Zone_Resident","Origin_Zone_Worker","ZoneGlobale","All_modes","26"
"2020-03-26","Kintambo","Kasa-Vubu","1h","Outside_Resident","Outside_Worker","ZoneGlobale","All_modes","22"
"2020-03-26","Kintambo","Kasa-Vubu","1h","Outside_Resident","Origin_Zone_Worker","ZoneGlobale","All_modes","22"
"2020-03-26","Kintambo","Kasa-Vubu","1h","Destination_Zone_Resident","Destination_Zone_Worker","ZoneGlobale","All_modes","84"
"2020-03-26","Kintambo","Kasa-Vubu","1h","Destination_Zone_Resident","Study_Zone_Worker","ZoneGlobale","All_modes","29"
"2020-03-26","Kintambo","Kasa-Vubu","1h","Destination_Zone_Resident","Origin_Zone_Worker","ZoneGlobale","All_modes","34"
"2020-03-26","Kintambo","Kasa-Vubu","1h","Study_Zone_Resident","Destination_Zone_Worker","ZoneGlobale","All_modes","27"
"2020-03-26","Kintambo","Kasa-Vubu","1h","Study_Zone_Resident","Study_Zone_Worker","ZoneGlobale","All_modes","82"
"2020-03-26","Kintambo","Kasa-Vubu","1h","Origin_Zone_Resident","Origin_Zone_Worker","ZoneGlobale","All_modes","22"
"2020-03-26","Kintambo","Kasa-Vubu","3h","Outside_Resident","Outside_Worker","ZoneGlobale","All_modes","45"
"2020-03-26","Kintambo","Kasa-Vubu","3h","Outside_Resident","Origin_Zone_Worker","ZoneGlobale","All_modes","32"
"2020-03-26","Kintambo","Kasa-Vubu","3h","Destination_Zone_Resident","Destination_Zone_Worker","ZoneGlobale","All_modes","91"
"2020-03-26","Kintambo","Kasa-Vubu","3h","Destination_Zone_Resident","Study_Zone_Worker","ZoneGlobale","All_modes","40"
"2020-03-26","Kintambo","Kasa-Vubu","3h","Destination_Zone_Resident","Origin_Zone_Worker","ZoneGlobale","All_modes","35"
"2020-03-26","Kintambo","Kasa-Vubu","3h","Study_Zone_Resident","Study_Zone_Worker","ZoneGlobale","All_modes","38"
"2020-03-26","Kintambo","Kimbanseke","3h","Outside_Resident","Outside_Worker","ZoneGlobale","All_modes","51"
"2020-03-26","Kintambo","Kimbanseke","3h","Outside_Resident","Origin_Zone_Worker","ZoneGlobale","All_modes","22"
"2020-03-26","Kintambo","Kimbanseke","3h","Destination_Zone_Resident","Origin_Zone_Worker","ZoneGlobale","All_modes","36"
"2020-03-26","Kintambo","Kimbanseke","3h","Study_Zone_Resident","Study_Zone_Worker","ZoneGlobale","All_modes","24"
"2020-03-26","Kintambo","Kingabwa","1h","Destination_Zone_Resident","Destination_Zone_Worker","ZoneGlobale","All_modes","27"
"2020-03-26","Kintambo","Kingabwa","3h","Outside_Resident","Outside_Worker","ZoneGlobale","All_modes","49"
"2020-03-26","Kintambo","Kingabwa","3h","Destination_Zone_Resident","Destination_Zone_Worker","ZoneGlobale","All_modes","45"
"2020-03-26","Kintambo","Kingabwa","3h","Destination_Zone_Resident","Origin_Zone_Worker","ZoneGlobale","All_modes","27"
"2020-03-26","Kintambo","Kinshasa","1h","Destination_Zone_Resident","Destination_Zone_Worker","ZoneGlobale","All_modes","22"
"2020-03-26","Kintambo","Kinshasa","1h","Destination_Zone_Resident","Origin_Zone_Worker","ZoneGlobale","All_modes","31"
"2020-03-26","Kintambo","Kinshasa","3h","Destination_Zone_Resident","Destination_Zone_Worker","ZoneGlobale","All_modes","40"
"2020-03-26","Kintambo","Kinshasa","3h","Destination_Zone_Resident","Origin_Zone_Worker","ZoneGlobale","All_modes","42"
"2020-03-26","Kintambo","Kinshasa","3h","Study_Zone_Resident","Study_Zone_Worker","ZoneGlobale","All_modes","38"
"2020-03-26","Kintambo","Kisenso","3h","Outside_Resident","Outside_Worker","ZoneGlobale","All_modes","22"
"2020-03-26","Kintambo","Kisenso","3h","Destination_Zone_Resident","Origin_Zone_Worker","ZoneGlobale","All_modes","36"
"2020-03-26","Kintambo","Kisenso","3h","Study_Zone_Resident","Origin_Zone_Worker","ZoneGlobale","All_modes","26"
"2020-03-26","Kintambo","Kokolo","1h","Outside_Resident","Outside_Worker","ZoneGlobale","All_modes","401"
"2020-03-26","Kintambo","Kokolo","1h","Outside_Resident","Destination_Zone_Worker","ZoneGlobale","All_modes","171"
"2020-03-26","Kintambo","Kokolo","1h","Outside_Resident","Study_Zone_Worker","ZoneGlobale","All_modes","33"
"2020-03-26","Kintambo","Kokolo","1h","Outside_Resident","Origin_Zone_Worker","ZoneGlobale","All_modes","151"
"2020-03-26","Kintambo","Kokolo","1h","Destination_Zone_Resident","Outside_Worker","ZoneGlobale","All_modes","73"
"2020-03-26","Kintambo","Kokolo","1h","Destination_Zone_Resident","Destination_Zone_Worker","ZoneGlobale","All_modes","2402"
"2020-03-26","Kintambo","Kokolo","1h","Destination_Zone_Resident","Study_Zone_Worker","ZoneGlobale","All_modes","183"
"2020-03-26","Kintambo","Kokolo","1h","Destination_Zone_Resident","Origin_Zone_Worker","ZoneGlobale","All_modes","356"
"2020-03-26","Kintambo","Kokolo","1h","Study_Zone_Resident","Destination_Zone_Worker","ZoneGlobale","All_modes","40"
"2020-03-26","Kintambo","Kokolo","1h","Study_Zone_Resident","Study_Zone_Worker","ZoneGlobale","All_modes","283"
"2020-03-26","Kintambo","Kokolo","1h","Study_Zone_Resident","Origin_Zone_Worker","ZoneGlobale","All_modes","73"
"2020-03-26","Kintambo","Kokolo","1h","Origin_Zone_Resident","Outside_Worker","ZoneGlobale","All_modes","27"
"2020-03-26","Kintambo","Kokolo","1h","Origin_Zone_Resident","Destination_Zone_Worker","ZoneGlobale","All_modes","185"
"2020-03-26","Kintambo","Kokolo","1h","Origin_Zone_Resident","Study_Zone_Worker","ZoneGlobale","All_modes","144"
"2020-03-26","Kintambo","Kokolo","1h","Origin_Zone_Resident","Origin_Zone_Worker","ZoneGlobale","All_modes","907"
"2020-03-26","Kintambo","Kokolo","3h","Outside_Resident","Outside_Worker","ZoneGlobale","All_modes","790"
"2020-03-26","Kintambo","Kokolo","3h","Outside_Resident","Destination_Zone_Worker","ZoneGlobale","All_modes","374"
"2020-03-26","Kintambo","Kokolo","3h","Outside_Resident","Study_Zone_Worker","ZoneGlobale","All_modes","133"
"2020-03-26","Kintambo","Kokolo","3h","Outside_Resident","Origin_Zone_Worker","ZoneGlobale","All_modes","400"
"2020-03-26","Kintambo","Kokolo","3h","Destination_Zone_Resident","Outside_Worker","ZoneGlobale","All_modes","98"
"2020-03-26","Kintambo","Kokolo","3h","Destination_Zone_Resident","Destination_Zone_Worker","ZoneGlobale","All_modes","1885"
"2020-03-26","Kintambo","Kokolo","3h","Destination_Zone_Resident","Study_Zone_Worker","ZoneGlobale","All_modes","235"
"2020-03-26","Kintambo","Kokolo","3h","Destination_Zone_Resident","Origin_Zone_Worker","ZoneGlobale","All_modes","663"
"2020-03-26","Kintambo","Kokolo","3h","Study_Zone_Resident","Outside_Worker","ZoneGlobale","All_modes","24"
"2020-03-26","Kintambo","Kokolo","3h","Study_Zone_Resident","Destination_Zone_Worker","ZoneGlobale","All_modes","27"
"2020-03-26","Kintambo","Kokolo","3h","Study_Zone_Resident","Study_Zone_Worker","ZoneGlobale","All_modes","266"
"2020-03-26","Kintambo","Kokolo","3h","Study_Zone_Resident","Origin_Zone_Worker","ZoneGlobale","All_modes","75"
"2020-03-26","Kintambo","Kokolo","3h","Origin_Zone_Resident","Destination_Zone_Worker","ZoneGlobale","All_modes","95"
"2020-03-26","Kintambo","Kokolo","3h","Origin_Zone_Resident","Study_Zone_Worker","ZoneGlobale","All_modes","99"
"2020-03-26","Kintambo","Kokolo","3h","Origin_Zone_Resident","Origin_Zone_Worker","ZoneGlobale","All_modes","1472"
"2020-03-26","Kintambo","Lemba","1h","Destination_Zone_Resident","Destination_Zone_Worker","ZoneGlobale","All_modes","77"
"2020-03-26","Kintambo","Lemba","3h","Outside_Resident","Outside_Worker","ZoneGlobale","All_modes","21"
"2020-03-26","Kintambo","Lemba","3h","Destination_Zone_Resident","Destination_Zone_Worker","ZoneGlobale","All_modes","71"
"2020-03-26","Kintambo","Lemba","3h","Study_Zone_Resident","Study_Zone_Worker","ZoneGlobale","All_modes","27"
"2020-03-26","Kintambo","Lemba","3h","Study_Zone_Resident","Origin_Zone_Worker","ZoneGlobale","All_modes","24"
"2020-03-26","Kintambo","Lemba","3h","Origin_Zone_Resident","Origin_Zone_Worker","ZoneGlobale","All_modes","23"
"2020-03-26","Kintambo","Limete","1h","Destination_Zone_Resident","Destination_Zone_Worker","ZoneGlobale","All_modes","48"
"2020-03-26","Kintambo","Limete","3h","Outside_Resident","Outside_Worker","ZoneGlobale","All_modes","35"
"2020-03-26","Kintambo","Limete","3h","Outside_Resident","Origin_Zone_Worker","ZoneGlobale","All_modes","22"
"2020-03-26","Kintambo","Limete","3h","Destination_Zone_Resident","Outside_Worker","ZoneGlobale","All_modes","40"
"2020-03-26","Kintambo","Limete","3h","Destination_Zone_Resident","Destination_Zone_Worker","ZoneGlobale","All_modes","75"
"2020-03-26","Kintambo","Limete","3h","Destination_Zone_Resident","Study_Zone_Worker","ZoneGlobale","All_modes","27"
"2020-03-26","Kintambo","Limete","3h","Destination_Zone_Resident","Origin_Zone_Worker","ZoneGlobale","All_modes","35"
"2020-03-26","Kintambo","Makala","3h","Outside_Resident","Outside_Worker","ZoneGlobale","All_modes","70"
"2020-03-26","Kintambo","Makala","3h","Destination_Zone_Resident","Study_Zone_Worker","ZoneGlobale","All_modes","23"
"2020-03-26","Kintambo","Makala","3h","Destination_Zone_Resident","Origin_Zone_Worker","ZoneGlobale","All_modes","49"
"2020-03-26","Kintambo","Masina I","3h","Destination_Zone_Resident","Origin_Zone_Worker","ZoneGlobale","All_modes","22"
"2020-03-26","Kintambo","Masina II","1h","Origin_Zone_Resident","Origin_Zone_Worker","ZoneGlobale","All_modes","22"
"2020-03-26","Kintambo","Masina II","3h","Study_Zone_Resident","Study_Zone_Worker","ZoneGlobale","All_modes","26"
"2020-03-26","Kintambo","Masina II","3h","Study_Zone_Resident","Origin_Zone_Worker","ZoneGlobale","All_modes","23"
"2020-03-26","Kintambo","Matete","1h","Destination_Zone_Resident","Destination_Zone_Worker","ZoneGlobale","All_modes","29"
"2020-03-26","Kintambo","Matete","1h","Destination_Zone_Resident","Origin_Zone_Worker","ZoneGlobale","All_modes","33"
"2020-03-26","Kintambo","Matete","1h","Study_Zone_Resident","Study_Zone_Worker","ZoneGlobale","All_modes","29"
"2020-03-26","Kintambo","Matete","3h","Destination_Zone_Resident","Destination_Zone_Worker","ZoneGlobale","All_modes","55"
"2020-03-26","Kintambo","Matete","3h","Destination_Zone_Resident","Origin_Zone_Worker","ZoneGlobale","All_modes","24"
"2020-03-26","Kintambo","Matete","3h","Origin_Zone_Resident","Origin_Zone_Worker","ZoneGlobale","All_modes","23"
"2020-03-26","Kintambo","Mont Ngafula I","1h","Destination_Zone_Resident","Origin_Zone_Worker","ZoneGlobale","All_modes","26"
"2020-03-26","Kintambo","Mont Ngafula I","3h","Outside_Resident","Destination_Zone_Worker","ZoneGlobale","All_modes","22"
"2020-03-26","Kintambo","Mont Ngafula I","3h","Destination_Zone_Resident","Destination_Zone_Worker","ZoneGlobale","All_modes","40"
"2020-03-26","Kintambo","Mont Ngafula I","3h","Destination_Zone_Resident","Study_Zone_Worker","ZoneGlobale","All_modes","26"
"2020-03-26","Kintambo","Mont Ngafula I","3h","Destination_Zone_Resident","Origin_Zone_Worker","ZoneGlobale","All_modes","40"
"2020-03-26","Kintambo","Mont Ngafula II","1h","Outside_Resident","Outside_Worker","ZoneGlobale","All_modes","68"
"2020-03-26","Kintambo","Mont Ngafula II","1h","Destination_Zone_Resident","Destination_Zone_Worker","ZoneGlobale","All_modes","73"
"2020-03-26","Kintambo","Mont Ngafula II","1h","Destination_Zone_Resident","Study_Zone_Worker","ZoneGlobale","All_modes","95"
"2020-03-26","Kintambo","Mont Ngafula II","1h","Destination_Zone_Resident","Origin_Zone_Worker","ZoneGlobale","All_modes","45"
"2020-03-26","Kintambo","Mont Ngafula II","3h","Outside_Resident","Outside_Worker","ZoneGlobale","All_modes","82"
"2020-03-26","Kintambo","Mont Ngafula II","3h","Outside_Resident","Study_Zone_Worker","ZoneGlobale","All_modes","60"
"2020-03-26","Kintambo","Mont Ngafula II","3h","Destination_Zone_Resident","Outside_Worker","ZoneGlobale","All_modes","32"
"2020-03-26","Kintambo","Mont Ngafula II","3h","Destination_Zone_Resident","Destination_Zone_Worker","ZoneGlobale","All_modes","97"
"2020-03-26","Kintambo","Mont Ngafula II","3h","Destination_Zone_Resident","Study_Zone_Worker","ZoneGlobale","All_modes","63"
"2020-03-26","Kintambo","Mont Ngafula II","3h","Destination_Zone_Resident","Origin_Zone_Worker","ZoneGlobale","All_modes","95"
"2020-03-26","Kintambo","Mont Ngafula II","3h","Study_Zone_Resident","Outside_Worker","ZoneGlobale","All_modes","40"
"2020-03-26","Kintambo","Mont Ngafula II","3h","Study_Zone_Resident","Study_Zone_Worker","ZoneGlobale","All_modes","36"
"2020-03-26","Kintambo","Mont Ngafula II","3h","Study_Zone_Resident","Origin_Zone_Worker","ZoneGlobale","All_modes","34"
"2020-03-26","Kintambo","Ndjili","3h","Destination_Zone_Resident","Destination_Zone_Worker","ZoneGlobale","All_modes","22"
"2020-03-26","Kintambo","Ndjili","3h","Destination_Zone_Resident","Origin_Zone_Worker","ZoneGlobale","All_modes","32"
"2020-03-26","Kintambo","Ndjili","3h","Study_Zone_Resident","Study_Zone_Worker","ZoneGlobale","All_modes","22"
"2020-03-26","Kintambo","Ngiri-Ngiri","1h","Outside_Resident","Outside_Worker","ZoneGlobale","All_modes","33"
"2020-03-26","Kintambo","Ngiri-Ngiri","1h","Outside_Resident","Origin_Zone_Worker","ZoneGlobale","All_modes","35"
"2020-03-26","Kintambo","Ngiri-Ngiri","1h","Destination_Zone_Resident","Destination_Zone_Worker","ZoneGlobale","All_modes","154"
"2020-03-26","Kintambo","Ngiri-Ngiri","1h","Destination_Zone_Resident","Study_Zone_Worker","ZoneGlobale","All_modes","78"
"2020-03-26","Kintambo","Ngiri-Ngiri","1h","Destination_Zone_Resident","Origin_Zone_Worker","ZoneGlobale","All_modes","55"
"2020-03-26","Kintambo","Ngiri-Ngiri","1h","Study_Zone_Resident","Study_Zone_Worker","ZoneGlobale","All_modes","49"
"2020-03-26","Kintambo","Ngiri-Ngiri","1h","Origin_Zone_Resident","Origin_Zone_Worker","ZoneGlobale","All_modes","27"
"2020-03-26","Kintambo","Ngiri-Ngiri","3h","Outside_Resident","Outside_Worker","ZoneGlobale","All_modes","122"
"2020-03-26","Kintambo","Ngiri-Ngiri","3h","Outside_Resident","Origin_Zone_Worker","ZoneGlobale","All_modes","32"
"2020-03-26","Kintambo","Ngiri-Ngiri","3h","Destination_Zone_Resident","Destination_Zone_Worker","ZoneGlobale","All_modes","230"
"2020-03-26","Kintambo","Ngiri-Ngiri","3h","Destination_Zone_Resident","Study_Zone_Worker","ZoneGlobale","All_modes","88"
"2020-03-26","Kintambo","Ngiri-Ngiri","3h","Destination_Zone_Resident","Origin_Zone_Worker","ZoneGlobale","All_modes","126"
"2020-03-26","Kintambo","Ngiri-Ngiri","3h","Study_Zone_Resident","Study_Zone_Worker","ZoneGlobale","All_modes","40"
"2020-03-26","Kintambo","Ngiri-Ngiri","3h","Study_Zone_Resident","Origin_Zone_Worker","ZoneGlobale","All_modes","22"
"2020-03-26","Kintambo","Ngiri-Ngiri","3h","Origin_Zone_Resident","Origin_Zone_Worker","ZoneGlobale","All_modes","35"
"2020-03-26","Kintambo","Nsele","1h","Destination_Zone_Resident","Study_Zone_Worker","ZoneGlobale","All_modes","23"
"2020-03-26","Kintambo","Nsele","1h","Study_Zone_Resident","Study_Zone_Worker","ZoneGlobale","All_modes","67"
"2020-03-26","Kintambo","Nsele","1h","Origin_Zone_Resident","Origin_Zone_Worker","ZoneGlobale","All_modes","63"
"2020-03-26","Kintambo","Nsele","3h","Outside_Resident","Outside_Worker","ZoneGlobale","All_modes","49"
"2020-03-26","Kintambo","Nsele","3h","Outside_Resident","Origin_Zone_Worker","ZoneGlobale","All_modes","24"
"2020-03-26","Kintambo","Nsele","3h","Destination_Zone_Resident","Destination_Zone_Worker","ZoneGlobale","All_modes","38"
"2020-03-26","Kintambo","Nsele","3h","Destination_Zone_Resident","Study_Zone_Worker","ZoneGlobale","All_modes","24"
"2020-03-26","Kintambo","Nsele","3h","Study_Zone_Resident","Study_Zone_Worker","ZoneGlobale","All_modes","92"
"2020-03-26","Kintambo","Nsele","3h","Study_Zone_Resident","Origin_Zone_Worker","ZoneGlobale","All_modes","40"
"2020-03-26","Kintambo","Nsele","3h","Origin_Zone_Resident","Origin_Zone_Worker","ZoneGlobale","All_modes","147"
"2020-03-26","Kintambo","Police","1h","Destination_Zone_Resident","Destination_Zone_Worker","ZoneGlobale","All_modes","59"
"2020-03-26","Kintambo","Police","1h","Study_Zone_Resident","Study_Zone_Worker","ZoneGlobale","All_modes","26"
"2020-03-26","Kintambo","Police","3h","Outside_Resident","Outside_Worker","ZoneGlobale","All_modes","22"
"2020-03-26","Kintambo","Police","3h","Destination_Zone_Resident","Destination_Zone_Worker","ZoneGlobale","All_modes","85"
"2020-03-26","Kintambo","Selembao","1h","Outside_Resident","Study_Zone_Worker","ZoneGlobale","All_modes","23"
"2020-03-26","Kintambo","Selembao","1h","Destination_Zone_Resident","Outside_Worker","ZoneGlobale","All_modes","27"
"2020-03-26","Kintambo","Selembao","1h","Destination_Zone_Resident","Destination_Zone_Worker","ZoneGlobale","All_modes","63"
"2020-03-26","Kintambo","Selembao","1h","Destination_Zone_Resident","Study_Zone_Worker","ZoneGlobale","All_modes","38"
"2020-03-26","Kintambo","Selembao","1h","Destination_Zone_Resident","Origin_Zone_Worker","ZoneGlobale","All_modes","43"
"2020-03-26","Kintambo","Selembao","1h","Study_Zone_Resident","Origin_Zone_Worker","ZoneGlobale","All_modes","22"
"2020-03-26","Kintambo","Selembao","3h","Outside_Resident","Outside_Worker","ZoneGlobale","All_modes","117"
"2020-03-26","Kintambo","Selembao","3h","Outside_Resident","Destination_Zone_Worker","ZoneGlobale","All_modes","38"
"2020-03-26","Kintambo","Selembao","3h","Outside_Resident","Study_Zone_Worker","ZoneGlobale","All_modes","45"
"2020-03-26","Kintambo","Selembao","3h","Outside_Resident","Origin_Zone_Worker","ZoneGlobale","All_modes","63"
"2020-03-26","Kintambo","Selembao","3h","Destination_Zone_Resident","Outside_Worker","ZoneGlobale","All_modes","24"
"2020-03-26","Kintambo","Selembao","3h","Destination_Zone_Resident","Destination_Zone_Worker","ZoneGlobale","All_modes","140"
"2020-03-26","Kintambo","Selembao","3h","Destination_Zone_Resident","Study_Zone_Worker","ZoneGlobale","All_modes","64"
"2020-03-26","Kintambo","Selembao","3h","Destination_Zone_Resident","Origin_Zone_Worker","ZoneGlobale","All_modes","98"
"2020-03-26","Kintambo","Selembao","3h","Origin_Zone_Resident","Origin_Zone_Worker","ZoneGlobale","All_modes","51"
"2020-03-26","Kipushi","Bunkeya","1h","Outside_Resident","Outside_Worker","ZoneGlobale","All_modes","35"
"2020-03-26","Kipushi","Bunkeya","3h","Origin_Zone_Resident","Origin_Zone_Worker","ZoneGlobale","All_modes","35"
"2020-03-26","Kipushi","Fungurume","1h","Outside_Resident","Study_Zone_Worker","ZoneGlobale","All_modes","35"
"2020-03-26","Kipushi","Fungurume","3h","Outside_Resident","Study_Zone_Worker","ZoneGlobale","All_modes","142"
"2020-03-26","Kipushi","Fungurume","3h","Destination_Zone_Resident","Origin_Zone_Worker","ZoneGlobale","All_modes","35"
"2020-03-26","Kipushi","Kampemba","1h","Outside_Resident","Outside_Worker","ZoneGlobale","All_modes","71"
"2020-03-26","Kipushi","Kampemba","1h","Outside_Resident","Study_Zone_Worker","ZoneGlobale","All_modes","71"
"2020-03-26","Kipushi","Kampemba","1h","Destination_Zone_Resident","Study_Zone_Worker","ZoneGlobale","All_modes","35"
"2020-03-26","Kipushi","Kampemba","1h","Study_Zone_Resident","Study_Zone_Worker","ZoneGlobale","All_modes","391"
"2020-03-26","Kipushi","Kampemba","1h","Study_Zone_Resident","Origin_Zone_Worker","ZoneGlobale","All_modes","35"
"2020-03-26","Kipushi","Kampemba","3h","Outside_Resident","Outside_Worker","ZoneGlobale","All_modes","106"
"2020-03-26","Kipushi","Kampemba","3h","Outside_Resident","Study_Zone_Worker","ZoneGlobale","All_modes","35"
"2020-03-26","Kipushi","Kampemba","3h","Outside_Resident","Origin_Zone_Worker","ZoneGlobale","All_modes","106"
"2020-03-26","Kipushi","Kampemba","3h","Destination_Zone_Resident","Study_Zone_Worker","ZoneGlobale","All_modes","71"
"2020-03-26","Kipushi","Kampemba","3h","Destination_Zone_Resident","Origin_Zone_Worker","ZoneGlobale","All_modes","35"
"2020-03-26","Kipushi","Kampemba","3h","Study_Zone_Resident","Study_Zone_Worker","ZoneGlobale","All_modes","569"
"2020-03-26","Kipushi","Kampemba","3h","Study_Zone_Resident","Origin_Zone_Worker","ZoneGlobale","All_modes","106"
"2020-03-26","Kipushi","Kampemba","3h","Origin_Zone_Resident","Origin_Zone_Worker","ZoneGlobale","All_modes","106"
"2020-03-26","Kipushi","Kapolowe","1h","Outside_Resident","Destination_Zone_Worker","ZoneGlobale","All_modes","35"
"2020-03-26","Kipushi","Kapolowe","1h","Outside_Resident","Study_Zone_Worker","ZoneGlobale","All_modes","35"
"2020-03-26","Kipushi","Kapolowe","1h","Outside_Resident","Origin_Zone_Worker","ZoneGlobale","All_modes","106"
"2020-03-26","Kipushi","Kapolowe","1h","Destination_Zone_Resident","Destination_Zone_Worker","ZoneGlobale","All_modes","35"
"2020-03-26","Kipushi","Kapolowe","1h","Destination_Zone_Resident","Origin_Zone_Worker","ZoneGlobale","All_modes","71"
"2020-03-26","Kipushi","Kapolowe","1h","Study_Zone_Resident","Study_Zone_Worker","ZoneGlobale","All_modes","213"
"2020-03-26","Kipushi","Kapolowe","1h","Origin_Zone_Resident","Study_Zone_Worker","ZoneGlobale","All_modes","71"
"2020-03-26","Kipushi","Kapolowe","1h","Origin_Zone_Resident","Origin_Zone_Worker","ZoneGlobale","All_modes","71"
"2020-03-26","Kipushi","Kapolowe","3h","Outside_Resident","Study_Zone_Worker","ZoneGlobale","All_modes","35"
"2020-03-26","Kipushi","Kapolowe","3h","Outside_Resident","Origin_Zone_Worker","ZoneGlobale","All_modes","71"
"2020-03-26","Kipushi","Kapolowe","3h","Destination_Zone_Resident","Destination_Zone_Worker","ZoneGlobale","All_modes","35"
"2020-03-26","Kipushi","Kapolowe","3h","Destination_Zone_Resident","Study_Zone_Worker","ZoneGlobale","All_modes","35"
"2020-03-26","Kipushi","Kapolowe","3h","Destination_Zone_Resident","Origin_Zone_Worker","ZoneGlobale","All_modes","71"
"2020-03-26","Kipushi","Kapolowe","3h","Study_Zone_Resident","Outside_Worker","ZoneGlobale","All_modes","35"
"2020-03-26","Kipushi","Kapolowe","3h","Study_Zone_Resident","Study_Zone_Worker","ZoneGlobale","All_modes","106"
"2020-03-26","Kipushi","Kapolowe","3h","Study_Zone_Resident","Origin_Zone_Worker","ZoneGlobale","All_modes","35"
"2020-03-26","Kipushi","Kapolowe","3h","Origin_Zone_Resident","Study_Zone_Worker","ZoneGlobale","All_modes","35"
"2020-03-26","Kipushi","Kapolowe","3h","Origin_Zone_Resident","Origin_Zone_Worker","ZoneGlobale","All_modes","106"
"2020-03-26","Kipushi","Kikula","1h","Origin_Zone_Resident","Outside_Worker","ZoneGlobale","All_modes","35"
"2020-03-26","Kipushi","Kikula","3h","Study_Zone_Resident","Study_Zone_Worker","ZoneGlobale","All_modes","35"
"2020-03-26","Kipushi","Kikula","3h","Origin_Zone_Resident","Origin_Zone_Worker","ZoneGlobale","All_modes","71"
"2020-03-26","Kipushi","Likasi","1h","Outside_Resident","Destination_Zone_Worker","ZoneGlobale","All_modes","71"
"2020-03-26","Kipushi","Likasi","1h","Outside_Resident","Study_Zone_Worker","ZoneGlobale","All_modes","106"
"2020-03-26","Kipushi","Likasi","1h","Destination_Zone_Resident","Destination_Zone_Worker","ZoneGlobale","All_modes","142"
"2020-03-26","Kipushi","Likasi","1h","Study_Zone_Resident","Study_Zone_Worker","ZoneGlobale","All_modes","106"
"2020-03-26","Kipushi","Likasi","3h","Outside_Resident","Outside_Worker","ZoneGlobale","All_modes","35"
"2020-03-26","Kipushi","Likasi","3h","Outside_Resident","Destination_Zone_Worker","ZoneGlobale","All_modes","71"
"2020-03-26","Kipushi","Likasi","3h","Outside_Resident","Study_Zone_Worker","ZoneGlobale","All_modes","106"
"2020-03-26","Kipushi","Likasi","3h","Destination_Zone_Resident","Destination_Zone_Worker","ZoneGlobale","All_modes","106"
"2020-03-26","Kipushi","Likasi","3h","Origin_Zone_Resident","Origin_Zone_Worker","ZoneGlobale","All_modes","35"
"2020-03-26","Kipushi","Lualaba","1h","Destination_Zone_Resident","Destination_Zone_Worker","ZoneGlobale","All_modes","35"
"2020-03-26","Kipushi","Lualaba","3h","Outside_Resident","Study_Zone_Worker","ZoneGlobale","All_modes","35"
"2020-03-26","Kipushi","Lualaba","3h","Destination_Zone_Resident","Destination_Zone_Worker","ZoneGlobale","All_modes","106"
"2020-03-26","Kipushi","Lualaba","3h","Study_Zone_Resident","Study_Zone_Worker","ZoneGlobale","All_modes","35"
"2020-03-26","Kipushi","Lubudi","3h","Study_Zone_Resident","Study_Zone_Worker","ZoneGlobale","All_modes","35"
"2020-03-26","Kipushi","Lubumbashi","1h","Outside_Resident","Outside_Worker","ZoneGlobale","All_modes","1223"
"2020-03-26","Kipushi","Lubumbashi","1h","Outside_Resident","Destination_Zone_Worker","ZoneGlobale","All_modes","997"
"2020-03-26","Kipushi","Lubumbashi","1h","Outside_Resident","Study_Zone_Worker","ZoneGlobale","All_modes","249"
"2020-03-26","Kipushi","Lubumbashi","1h","Outside_Resident","Origin_Zone_Worker","ZoneGlobale","All_modes","534"
"2020-03-26","Kipushi","Lubumbashi","1h","Destination_Zone_Resident","Outside_Worker","ZoneGlobale","All_modes","178"
"2020-03-26","Kipushi","Lubumbashi","1h","Destination_Zone_Resident","Destination_Zone_Worker","ZoneGlobale","All_modes","10887"
"2020-03-26","Kipushi","Lubumbashi","1h","Destination_Zone_Resident","Study_Zone_Worker","ZoneGlobale","All_modes","285"
"2020-03-26","Kipushi","Lubumbashi","1h","Destination_Zone_Resident","Origin_Zone_Worker","ZoneGlobale","All_modes","1318"
"2020-03-26","Kipushi","Lubumbashi","1h","Study_Zone_Resident","Destination_Zone_Worker","ZoneGlobale","All_modes","285"
"2020-03-26","Kipushi","Lubumbashi","1h","Study_Zone_Resident","Study_Zone_Worker","ZoneGlobale","All_modes","855"
"2020-03-26","Kipushi","Lubumbashi","1h","Study_Zone_Resident","Origin_Zone_Worker","ZoneGlobale","All_modes","35"
"2020-03-26","Kipushi","Lubumbashi","1h","Origin_Zone_Resident","Destination_Zone_Worker","ZoneGlobale","All_modes","1540"
"2020-03-26","Kipushi","Lubumbashi","1h","Origin_Zone_Resident","Study_Zone_Worker","ZoneGlobale","All_modes","178"
"2020-03-26","Kipushi","Lubumbashi","1h","Origin_Zone_Resident","Origin_Zone_Worker","ZoneGlobale","All_modes","2031"
"2020-03-26","Kipushi","Lubumbashi","3h","Outside_Resident","Outside_Worker","ZoneGlobale","All_modes","2468"
"2020-03-26","Kipushi","Lubumbashi","3h","Outside_Resident","Destination_Zone_Worker","ZoneGlobale","All_modes","2777"
"2020-03-26","Kipushi","Lubumbashi","3h","Outside_Resident","Study_Zone_Worker","ZoneGlobale","All_modes","284"
"2020-03-26","Kipushi","Lubumbashi","3h","Outside_Resident","Origin_Zone_Worker","ZoneGlobale","All_modes","1993"
"2020-03-26","Kipushi","Lubumbashi","3h","Destination_Zone_Resident","Outside_Worker","ZoneGlobale","All_modes","364"
"2020-03-26","Kipushi","Lubumbashi","3h","Destination_Zone_Resident","Destination_Zone_Worker","ZoneGlobale","All_modes","12708"
"2020-03-26","Kipushi","Lubumbashi","3h","Destination_Zone_Resident","Study_Zone_Worker","ZoneGlobale","All_modes","106"
"2020-03-26","Kipushi","Lubumbashi","3h","Destination_Zone_Resident","Origin_Zone_Worker","ZoneGlobale","All_modes","3497"
"2020-03-26","Kipushi","Lubumbashi","3h","Study_Zone_Resident","Outside_Worker","ZoneGlobale","All_modes","35"
"2020-03-26","Kipushi","Lubumbashi","3h","Study_Zone_Resident","Destination_Zone_Worker","ZoneGlobale","All_modes","106"
"2020-03-26","Kipushi","Lubumbashi","3h","Study_Zone_Resident","Study_Zone_Worker","ZoneGlobale","All_modes","534"
"2020-03-26","Kipushi","Lubumbashi","3h","Study_Zone_Resident","Origin_Zone_Worker","ZoneGlobale","All_modes","106"
"2020-03-26","Kipushi","Lubumbashi","3h","Origin_Zone_Resident","Outside_Worker","ZoneGlobale","All_modes","106"
"2020-03-26","Kipushi","Lubumbashi","3h","Origin_Zone_Resident","Destination_Zone_Worker","ZoneGlobale","All_modes","2242"
"2020-03-26","Kipushi","Lubumbashi","3h","Origin_Zone_Resident","Study_Zone_Worker","ZoneGlobale","All_modes","35"
"2020-03-26","Kipushi","Lubumbashi","3h","Origin_Zone_Resident","Origin_Zone_Worker","ZoneGlobale","All_modes","5006"
"2020-03-26","Kipushi","Manika","1h","Outside_Resident","Outside_Worker","ZoneGlobale","All_modes","106"
"2020-03-26","Kipushi","Manika","1h","Outside_Resident","Destination_Zone_Worker","ZoneGlobale","All_modes","35"
"2020-03-26","Kipushi","Manika","1h","Outside_Resident","Study_Zone_Worker","ZoneGlobale","All_modes","35"
"2020-03-26","Kipushi","Manika","1h","Outside_Resident","Origin_Zone_Worker","ZoneGlobale","All_modes","71"
"2020-03-26","Kipushi","Manika","1h","Destination_Zone_Resident","Destination_Zone_Worker","ZoneGlobale","All_modes","392"
"2020-03-26","Kipushi","Manika","1h","Destination_Zone_Resident","Study_Zone_Worker","ZoneGlobale","All_modes","106"
"2020-03-26","Kipushi","Manika","1h","Destination_Zone_Resident","Origin_Zone_Worker","ZoneGlobale","All_modes","213"
"2020-03-26","Kipushi","Manika","1h","Study_Zone_Resident","Destination_Zone_Worker","ZoneGlobale","All_modes","35"
"2020-03-26","Kipushi","Manika","1h","Study_Zone_Resident","Study_Zone_Worker","ZoneGlobale","All_modes","35"
"2020-03-26","Kipushi","Manika","1h","Origin_Zone_Resident","Destination_Zone_Worker","ZoneGlobale","All_modes","35"
"2020-03-26","Kipushi","Manika","1h","Origin_Zone_Resident","Study_Zone_Worker","ZoneGlobale","All_modes","71"
"2020-03-26","Kipushi","Manika","1h","Origin_Zone_Resident","Origin_Zone_Worker","ZoneGlobale","All_modes","213"
"2020-03-26","Kipushi","Manika","3h","Outside_Resident","Outside_Worker","ZoneGlobale","All_modes","106"
"2020-03-26","Kipushi","Manika","3h","Outside_Resident","Study_Zone_Worker","ZoneGlobale","All_modes","106"
"2020-03-26","Kipushi","Manika","3h","Outside_Resident","Origin_Zone_Worker","ZoneGlobale","All_modes","498"
"2020-03-26","Kipushi","Manika","3h","Destination_Zone_Resident","Destination_Zone_Worker","ZoneGlobale","All_modes","320"
"2020-03-26","Kipushi","Manika","3h","Destination_Zone_Resident","Study_Zone_Worker","ZoneGlobale","All_modes","71"
"2020-03-26","Kipushi","Manika","3h","Destination_Zone_Resident","Origin_Zone_Worker","ZoneGlobale","All_modes","462"
"2020-03-26","Kipushi","Manika","3h","Study_Zone_Resident","Outside_Worker","ZoneGlobale","All_modes","35"
"2020-03-26","Kipushi","Manika","3h","Study_Zone_Resident","Study_Zone_Worker","ZoneGlobale","All_modes","142"
"2020-03-26","Kipushi","Manika","3h","Study_Zone_Resident","Origin_Zone_Worker","ZoneGlobale","All_modes","35"
"2020-03-26","Kipushi","Manika","3h","Origin_Zone_Resident","Destination_Zone_Worker","ZoneGlobale","All_modes","35"
"2020-03-26","Kipushi","Manika","3h","Origin_Zone_Resident","Study_Zone_Worker","ZoneGlobale","All_modes","106"
"2020-03-26","Kipushi","Manika","3h","Origin_Zone_Resident","Origin_Zone_Worker","ZoneGlobale","All_modes","854"
"2020-03-26","Kipushi","Rwashi","1h","Outside_Resident","Outside_Worker","ZoneGlobale","All_modes","51"
"2020-03-26","Kipushi","Rwashi","1h","Outside_Resident","Destination_Zone_Worker","ZoneGlobale","All_modes","35"
"2020-03-26","Kipushi","Rwashi","1h","Destination_Zone_Resident","Destination_Zone_Worker","ZoneGlobale","All_modes","320"
"2020-03-26","Kipushi","Rwashi","1h","Destination_Zone_Resident","Study_Zone_Worker","ZoneGlobale","All_modes","71"
"2020-03-26","Kipushi","Rwashi","1h","Destination_Zone_Resident","Origin_Zone_Worker","ZoneGlobale","All_modes","35"
"2020-03-26","Kipushi","Rwashi","1h","Study_Zone_Resident","Destination_Zone_Worker","ZoneGlobale","All_modes","71"
"2020-03-26","Kipushi","Rwashi","1h","Study_Zone_Resident","Study_Zone_Worker","ZoneGlobale","All_modes","178"
"2020-03-26","Kipushi","Rwashi","1h","Origin_Zone_Resident","Destination_Zone_Worker","ZoneGlobale","All_modes","35"
"2020-03-26","Kipushi","Rwashi","1h","Origin_Zone_Resident","Origin_Zone_Worker","ZoneGlobale","All_modes","106"
"2020-03-26","Kipushi","Rwashi","3h","Outside_Resident","Outside_Worker","ZoneGlobale","All_modes","106"
"2020-03-26","Kipushi","Rwashi","3h","Outside_Resident","Destination_Zone_Worker","ZoneGlobale","All_modes","35"
"2020-03-26","Kipushi","Rwashi","3h","Outside_Resident","Study_Zone_Worker","ZoneGlobale","All_modes","35"
"2020-03-26","Kipushi","Rwashi","3h","Outside_Resident","Origin_Zone_Worker","ZoneGlobale","All_modes","142"
"2020-03-26","Kipushi","Rwashi","3h","Destination_Zone_Resident","Destination_Zone_Worker","ZoneGlobale","All_modes","427"
"2020-03-26","Kipushi","Rwashi","3h","Destination_Zone_Resident","Study_Zone_Worker","ZoneGlobale","All_modes","106"
"2020-03-26","Kipushi","Rwashi","3h","Destination_Zone_Resident","Origin_Zone_Worker","ZoneGlobale","All_modes","356"
"2020-03-26","Kipushi","Rwashi","3h","Study_Zone_Resident","Destination_Zone_Worker","ZoneGlobale","All_modes","35"
"2020-03-26","Kipushi","Rwashi","3h","Study_Zone_Resident","Study_Zone_Worker","ZoneGlobale","All_modes","178"
"2020-03-26","Kipushi","Rwashi","3h","Origin_Zone_Resident","Destination_Zone_Worker","ZoneGlobale","All_modes","71"
"2020-03-26","Kipushi","Rwashi","3h","Origin_Zone_Resident","Study_Zone_Worker","ZoneGlobale","All_modes","71"
"2020-03-26","Kipushi","Rwashi","3h","Origin_Zone_Resident","Origin_Zone_Worker","ZoneGlobale","All_modes","356"
"2020-03-26","Kipushi","Sakania","1h","Outside_Resident","Outside_Worker","ZoneGlobale","All_modes","547"
"2020-03-26","Kipushi","Sakania","1h","Outside_Resident","Destination_Zone_Worker","ZoneGlobale","All_modes","463"
"2020-03-26","Kipushi","Sakania","1h","Outside_Resident","Study_Zone_Worker","ZoneGlobale","All_modes","71"
"2020-03-26","Kipushi","Sakania","1h","Outside_Resident","Origin_Zone_Worker","ZoneGlobale","All_modes","71"
"2020-03-26","Kipushi","Sakania","1h","Destination_Zone_Resident","Outside_Worker","ZoneGlobale","All_modes","35"
"2020-03-26","Kipushi","Sakania","1h","Destination_Zone_Resident","Destination_Zone_Worker","ZoneGlobale","All_modes","2103"
"2020-03-26","Kipushi","Sakania","1h","Destination_Zone_Resident","Study_Zone_Worker","ZoneGlobale","All_modes","213"
"2020-03-26","Kipushi","Sakania","1h","Destination_Zone_Resident","Origin_Zone_Worker","ZoneGlobale","All_modes","142"
"2020-03-26","Kipushi","Sakania","1h","Study_Zone_Resident","Destination_Zone_Worker","ZoneGlobale","All_modes","35"
"2020-03-26","Kipushi","Sakania","1h","Study_Zone_Resident","Study_Zone_Worker","ZoneGlobale","All_modes","819"
"2020-03-26","Kipushi","Sakania","1h","Study_Zone_Resident","Origin_Zone_Worker","ZoneGlobale","All_modes","35"
"2020-03-26","Kipushi","Sakania","1h","Origin_Zone_Resident","Destination_Zone_Worker","ZoneGlobale","All_modes","606"
"2020-03-26","Kipushi","Sakania","1h","Origin_Zone_Resident","Origin_Zone_Worker","ZoneGlobale","All_modes","249"
"2020-03-26","Kipushi","Sakania","3h","Outside_Resident","Outside_Worker","ZoneGlobale","All_modes","475"
"2020-03-26","Kipushi","Sakania","3h","Outside_Resident","Destination_Zone_Worker","ZoneGlobale","All_modes","569"
"2020-03-26","Kipushi","Sakania","3h","Outside_Resident","Study_Zone_Worker","ZoneGlobale","All_modes","71"
"2020-03-26","Kipushi","Sakania","3h","Outside_Resident","Origin_Zone_Worker","ZoneGlobale","All_modes","142"
"2020-03-26","Kipushi","Sakania","3h","Destination_Zone_Resident","Outside_Worker","ZoneGlobale","All_modes","71"
"2020-03-26","Kipushi","Sakania","3h","Destination_Zone_Resident","Destination_Zone_Worker","ZoneGlobale","All_modes","2278"
"2020-03-26","Kipushi","Sakania","3h","Destination_Zone_Resident","Origin_Zone_Worker","ZoneGlobale","All_modes","249"
"2020-03-26","Kipushi","Sakania","3h","Study_Zone_Resident","Outside_Worker","ZoneGlobale","All_modes","35"
"2020-03-26","Kipushi","Sakania","3h","Study_Zone_Resident","Study_Zone_Worker","ZoneGlobale","All_modes","676"
"2020-03-26","Kipushi","Sakania","3h","Origin_Zone_Resident","Destination_Zone_Worker","ZoneGlobale","All_modes","427"
"2020-03-26","Kipushi","Sakania","3h","Origin_Zone_Resident","Origin_Zone_Worker","ZoneGlobale","All_modes","676"
"2020-03-26","Kipushi","Tshamilemba","1h","Outside_Resident","Origin_Zone_Worker","ZoneGlobale","All_modes","35"
"2020-03-26","Kipushi","Tshamilemba","1h","Destination_Zone_Resident","Origin_Zone_Worker","ZoneGlobale","All_modes","35"
"2020-03-26","Kipushi","Tshamilemba","1h","Study_Zone_Resident","Study_Zone_Worker","ZoneGlobale","All_modes","142"
"2020-03-26","Kipushi","Tshamilemba","1h","Origin_Zone_Resident","Study_Zone_Worker","ZoneGlobale","All_modes","35"
"2020-03-26","Kipushi","Tshamilemba","1h","Origin_Zone_Resident","Origin_Zone_Worker","ZoneGlobale","All_modes","71"
"2020-03-26","Kipushi","Tshamilemba","3h","Outside_Resident","Outside_Worker","ZoneGlobale","All_modes","142"
"2020-03-26","Kipushi","Tshamilemba","3h","Outside_Resident","Destination_Zone_Worker","ZoneGlobale","All_modes","35"
"2020-03-26","Kipushi","Tshamilemba","3h","Outside_Resident","Study_Zone_Worker","ZoneGlobale","All_modes","35"
"2020-03-26","Kipushi","Tshamilemba","3h","Outside_Resident","Origin_Zone_Worker","ZoneGlobale","All_modes","142"
"2020-03-26","Kipushi","Tshamilemba","3h","Destination_Zone_Resident","Destination_Zone_Worker","ZoneGlobale","All_modes","142"
"2020-03-26","Kipushi","Tshamilemba","3h","Destination_Zone_Resident","Study_Zone_Worker","ZoneGlobale","All_modes","106"
"2020-03-26","Kipushi","Tshamilemba","3h","Destination_Zone_Resident","Origin_Zone_Worker","ZoneGlobale","All_modes","142"
"2020-03-26","Kipushi","Tshamilemba","3h","Study_Zone_Resident","Study_Zone_Worker","ZoneGlobale","All_modes","142"
"2020-03-26","Kipushi","Tshamilemba","3h","Study_Zone_Resident","Origin_Zone_Worker","ZoneGlobale","All_modes","71"
"2020-03-26","Kipushi","Tshamilemba","3h","Origin_Zone_Resident","Study_Zone_Worker","ZoneGlobale","All_modes","71"
"2020-03-26","Kipushi","Tshamilemba","3h","Origin_Zone_Resident","Origin_Zone_Worker","ZoneGlobale","All_modes","142"
"2020-03-26","Kirotshe","Birambizo","3h","Destination_Zone_Resident","Origin_Zone_Worker","ZoneGlobale","All_modes","47"
"2020-03-26","Kirotshe","Bunyakiri","3h","Origin_Zone_Resident","Origin_Zone_Worker","ZoneGlobale","All_modes","47"
"2020-03-26","Kirotshe","Idjwi","1h","Outside_Resident","Outside_Worker","ZoneGlobale","All_modes","79"
"2020-03-26","Kirotshe","Idjwi","1h","Destination_Zone_Resident","Outside_Worker","ZoneGlobale","All_modes","47"
"2020-03-26","Kirotshe","Idjwi","1h","Destination_Zone_Resident","Destination_Zone_Worker","ZoneGlobale","All_modes","206"
"2020-03-26","Kirotshe","Idjwi","1h","Destination_Zone_Resident","Study_Zone_Worker","ZoneGlobale","All_modes","79"
"2020-03-26","Kirotshe","Idjwi","1h","Study_Zone_Resident","Study_Zone_Worker","ZoneGlobale","All_modes","47"
"2020-03-26","Kirotshe","Idjwi","1h","Study_Zone_Resident","Origin_Zone_Worker","ZoneGlobale","All_modes","47"
"2020-03-26","Kirotshe","Idjwi","1h","Origin_Zone_Resident","Study_Zone_Worker","ZoneGlobale","All_modes","47"
"2020-03-26","Kirotshe","Idjwi","1h","Origin_Zone_Resident","Origin_Zone_Worker","ZoneGlobale","All_modes","143"
"2020-03-26","Kirotshe","Idjwi","3h","Outside_Resident","Outside_Worker","ZoneGlobale","All_modes","191"
"2020-03-26","Kirotshe","Idjwi","3h","Outside_Resident","Destination_Zone_Worker","ZoneGlobale","All_modes","95"
"2020-03-26","Kirotshe","Idjwi","3h","Outside_Resident","Study_Zone_Worker","ZoneGlobale","All_modes","95"
"2020-03-26","Kirotshe","Idjwi","3h","Outside_Resident","Origin_Zone_Worker","ZoneGlobale","All_modes","191"
"2020-03-26","Kirotshe","Idjwi","3h","Destination_Zone_Resident","Outside_Worker","ZoneGlobale","All_modes","47"
"2020-03-26","Kirotshe","Idjwi","3h","Destination_Zone_Resident","Destination_Zone_Worker","ZoneGlobale","All_modes","206"
"2020-03-26","Kirotshe","Idjwi","3h","Destination_Zone_Resident","Study_Zone_Worker","ZoneGlobale","All_modes","143"
"2020-03-26","Kirotshe","Idjwi","3h","Destination_Zone_Resident","Origin_Zone_Worker","ZoneGlobale","All_modes","95"
"2020-03-26","Kirotshe","Idjwi","3h","Study_Zone_Resident","Outside_Worker","ZoneGlobale","All_modes","95"
"2020-03-26","Kirotshe","Idjwi","3h","Study_Zone_Resident","Destination_Zone_Worker","ZoneGlobale","All_modes","127"
"2020-03-26","Kirotshe","Idjwi","3h","Study_Zone_Resident","Study_Zone_Worker","ZoneGlobale","All_modes","238"
"2020-03-26","Kirotshe","Idjwi","3h","Study_Zone_Resident","Origin_Zone_Worker","ZoneGlobale","All_modes","334"
"2020-03-26","Kirotshe","Idjwi","3h","Origin_Zone_Resident","Destination_Zone_Worker","ZoneGlobale","All_modes","47"
"2020-03-26","Kirotshe","Idjwi","3h","Origin_Zone_Resident","Study_Zone_Worker","ZoneGlobale","All_modes","47"
"2020-03-26","Kirotshe","Idjwi","3h","Origin_Zone_Resident","Origin_Zone_Worker","ZoneGlobale","All_modes","557"
"2020-03-26","Kirotshe","Itebero","1h","Study_Zone_Resident","Study_Zone_Worker","ZoneGlobale","All_modes","47"
"2020-03-26","Kirotshe","Itebero","3h","Destination_Zone_Resident","Study_Zone_Worker","ZoneGlobale","All_modes","47"
"2020-03-26","Kirotshe","Itebero","3h","Destination_Zone_Resident","Origin_Zone_Worker","ZoneGlobale","All_modes","47"
"2020-03-26","Kirotshe","Itebero","3h","Origin_Zone_Resident","Study_Zone_Worker","ZoneGlobale","All_modes","47"
"2020-03-26","Kirotshe","Itebero","3h","Origin_Zone_Resident","Origin_Zone_Worker","ZoneGlobale","All_modes","95"
"2020-03-26","Kirotshe","Karisimbi","1h","Outside_Resident","Outside_Worker","ZoneGlobale","All_modes","239"
"2020-03-26","Kirotshe","Karisimbi","1h","Outside_Resident","Destination_Zone_Worker","ZoneGlobale","All_modes","143"
"2020-03-26","Kirotshe","Karisimbi","1h","Outside_Resident","Origin_Zone_Worker","ZoneGlobale","All_modes","47"
"2020-03-26","Kirotshe","Karisimbi","1h","Destination_Zone_Resident","Outside_Worker","ZoneGlobale","All_modes","47"
"2020-03-26","Kirotshe","Karisimbi","1h","Destination_Zone_Resident","Destination_Zone_Worker","ZoneGlobale","All_modes","717"
"2020-03-26","Kirotshe","Karisimbi","1h","Destination_Zone_Resident","Study_Zone_Worker","ZoneGlobale","All_modes","47"
"2020-03-26","Kirotshe","Karisimbi","1h","Destination_Zone_Resident","Origin_Zone_Worker","ZoneGlobale","All_modes","286"
"2020-03-26","Kirotshe","Karisimbi","1h","Study_Zone_Resident","Destination_Zone_Worker","ZoneGlobale","All_modes","47"
"2020-03-26","Kirotshe","Karisimbi","1h","Study_Zone_Resident","Study_Zone_Worker","ZoneGlobale","All_modes","79"
"2020-03-26","Kirotshe","Karisimbi","1h","Origin_Zone_Resident","Destination_Zone_Worker","ZoneGlobale","All_modes","47"
"2020-03-26","Kirotshe","Karisimbi","1h","Origin_Zone_Resident","Origin_Zone_Worker","ZoneGlobale","All_modes","334"
"2020-03-26","Kirotshe","Karisimbi","3h","Outside_Resident","Outside_Worker","ZoneGlobale","All_modes","478"
"2020-03-26","Kirotshe","Karisimbi","3h","Outside_Resident","Destination_Zone_Worker","ZoneGlobale","All_modes","286"
"2020-03-26","Kirotshe","Karisimbi","3h","Outside_Resident","Study_Zone_Worker","ZoneGlobale","All_modes","95"
"2020-03-26","Kirotshe","Karisimbi","3h","Outside_Resident","Origin_Zone_Worker","ZoneGlobale","All_modes","573"
"2020-03-26","Kirotshe","Karisimbi","3h","Destination_Zone_Resident","Outside_Worker","ZoneGlobale","All_modes","95"
"2020-03-26","Kirotshe","Karisimbi","3h","Destination_Zone_Resident","Destination_Zone_Worker","ZoneGlobale","All_modes","1672"
"2020-03-26","Kirotshe","Karisimbi","3h","Destination_Zone_Resident","Study_Zone_Worker","ZoneGlobale","All_modes","143"
"2020-03-26","Kirotshe","Karisimbi","3h","Destination_Zone_Resident","Origin_Zone_Worker","ZoneGlobale","All_modes","1098"
"2020-03-26","Kirotshe","Karisimbi","3h","Study_Zone_Resident","Outside_Worker","ZoneGlobale","All_modes","47"
"2020-03-26","Kirotshe","Karisimbi","3h","Study_Zone_Resident","Destination_Zone_Worker","ZoneGlobale","All_modes","95"
"2020-03-26","Kirotshe","Karisimbi","3h","Study_Zone_Resident","Study_Zone_Worker","ZoneGlobale","All_modes","365"
"2020-03-26","Kirotshe","Karisimbi","3h","Study_Zone_Resident","Origin_Zone_Worker","ZoneGlobale","All_modes","286"
"2020-03-26","Kirotshe","Karisimbi","3h","Origin_Zone_Resident","Destination_Zone_Worker","ZoneGlobale","All_modes","143"
"2020-03-26","Kirotshe","Karisimbi","3h","Origin_Zone_Resident","Study_Zone_Worker","ZoneGlobale","All_modes","95"
"2020-03-26","Kirotshe","Karisimbi","3h","Origin_Zone_Resident","Origin_Zone_Worker","ZoneGlobale","All_modes","1353"
"2020-03-26","Kirotshe","Masisi","1h","Outside_Resident","Outside_Worker","ZoneGlobale","All_modes","1195"
"2020-03-26","Kirotshe","Masisi","1h","Outside_Resident","Destination_Zone_Worker","ZoneGlobale","All_modes","430"
"2020-03-26","Kirotshe","Masisi","1h","Outside_Resident","Study_Zone_Worker","ZoneGlobale","All_modes","95"
"2020-03-26","Kirotshe","Masisi","1h","Outside_Resident","Origin_Zone_Worker","ZoneGlobale","All_modes","477"
"2020-03-26","Kirotshe","Masisi","1h","Destination_Zone_Resident","Outside_Worker","ZoneGlobale","All_modes","191"
"2020-03-26","Kirotshe","Masisi","1h","Destination_Zone_Resident","Destination_Zone_Worker","ZoneGlobale","All_modes","2039"
"2020-03-26","Kirotshe","Masisi","1h","Destination_Zone_Resident","Study_Zone_Worker","ZoneGlobale","All_modes","143"
"2020-03-26","Kirotshe","Masisi","1h","Destination_Zone_Resident","Origin_Zone_Worker","ZoneGlobale","All_modes","1338"
"2020-03-26","Kirotshe","Masisi","1h","Study_Zone_Resident","Study_Zone_Worker","ZoneGlobale","All_modes","430"
"2020-03-26","Kirotshe","Masisi","1h","Study_Zone_Resident","Origin_Zone_Worker","ZoneGlobale","All_modes","191"
"2020-03-26","Kirotshe","Masisi","1h","Origin_Zone_Resident","Outside_Worker","ZoneGlobale","All_modes","47"
"2020-03-26","Kirotshe","Masisi","1h","Origin_Zone_Resident","Destination_Zone_Worker","ZoneGlobale","All_modes","382"
"2020-03-26","Kirotshe","Masisi","1h","Origin_Zone_Resident","Origin_Zone_Worker","ZoneGlobale","All_modes","3569"
"2020-03-26","Kirotshe","Masisi","3h","Outside_Resident","Outside_Worker","ZoneGlobale","All_modes","4076"
"2020-03-26","Kirotshe","Masisi","3h","Outside_Resident","Destination_Zone_Worker","ZoneGlobale","All_modes","1098"
"2020-03-26","Kirotshe","Masisi","3h","Outside_Resident","Study_Zone_Worker","ZoneGlobale","All_modes","238"
"2020-03-26","Kirotshe","Masisi","3h","Outside_Resident","Origin_Zone_Worker","ZoneGlobale","All_modes","2579"
"2020-03-26","Kirotshe","Masisi","3h","Destination_Zone_Resident","Outside_Worker","ZoneGlobale","All_modes","668"
"2020-03-26","Kirotshe","Masisi","3h","Destination_Zone_Resident","Destination_Zone_Worker","ZoneGlobale","All_modes","5382"
"2020-03-26","Kirotshe","Masisi","3h","Destination_Zone_Resident","Study_Zone_Worker","ZoneGlobale","All_modes","238"
"2020-03-26","Kirotshe","Masisi","3h","Destination_Zone_Resident","Origin_Zone_Worker","ZoneGlobale","All_modes","6115"
"2020-03-26","Kirotshe","Masisi","3h","Study_Zone_Resident","Outside_Worker","ZoneGlobale","All_modes","47"
"2020-03-26","Kirotshe","Masisi","3h","Study_Zone_Resident","Study_Zone_Worker","ZoneGlobale","All_modes","1242"
"2020-03-26","Kirotshe","Masisi","3h","Study_Zone_Resident","Origin_Zone_Worker","ZoneGlobale","All_modes","382"
"2020-03-26","Kirotshe","Masisi","3h","Origin_Zone_Resident","Outside_Worker","ZoneGlobale","All_modes","382"
"2020-03-26","Kirotshe","Masisi","3h","Origin_Zone_Resident","Destination_Zone_Worker","ZoneGlobale","All_modes","2085"
"2020-03-26","Kirotshe","Masisi","3h","Origin_Zone_Resident","Study_Zone_Worker","ZoneGlobale","All_modes","143"
"2020-03-26","Kirotshe","Masisi","3h","Origin_Zone_Resident","Origin_Zone_Worker","ZoneGlobale","All_modes","18455"
"2020-03-26","Kirotshe","Minova","1h","Outside_Resident","Outside_Worker","ZoneGlobale","All_modes","445"
"2020-03-26","Kirotshe","Minova","1h","Destination_Zone_Resident","Outside_Worker","ZoneGlobale","All_modes","63"
"2020-03-26","Kirotshe","Minova","1h","Destination_Zone_Resident","Destination_Zone_Worker","ZoneGlobale","All_modes","1189"
"2020-03-26","Kirotshe","Minova","1h","Destination_Zone_Resident","Origin_Zone_Worker","ZoneGlobale","All_modes","428"
"2020-03-26","Kirotshe","Minova","1h","Study_Zone_Resident","Destination_Zone_Worker","ZoneGlobale","All_modes","47"
"2020-03-26","Kirotshe","Minova","1h","Study_Zone_Resident","Study_Zone_Worker","ZoneGlobale","All_modes","127"
"2020-03-26","Kirotshe","Minova","1h","Origin_Zone_Resident","Outside_Worker","ZoneGlobale","All_modes","31"
"2020-03-26","Kirotshe","Minova","1h","Origin_Zone_Resident","Origin_Zone_Worker","ZoneGlobale","All_modes","445"
"2020-03-26","Kirotshe","Minova","3h","Outside_Resident","Outside_Worker","ZoneGlobale","All_modes","1064"
"2020-03-26","Kirotshe","Minova","3h","Outside_Resident","Destination_Zone_Worker","ZoneGlobale","All_modes","142"
"2020-03-26","Kirotshe","Minova","3h","Outside_Resident","Study_Zone_Worker","ZoneGlobale","All_modes","47"
"2020-03-26","Kirotshe","Minova","3h","Outside_Resident","Origin_Zone_Worker","ZoneGlobale","All_modes","397"
"2020-03-26","Kirotshe","Minova","3h","Destination_Zone_Resident","Outside_Worker","ZoneGlobale","All_modes","206"
"2020-03-26","Kirotshe","Minova","3h","Destination_Zone_Resident","Destination_Zone_Worker","ZoneGlobale","All_modes","1600"
"2020-03-26","Kirotshe","Minova","3h","Destination_Zone_Resident","Study_Zone_Worker","ZoneGlobale","All_modes","95"
"2020-03-26","Kirotshe","Minova","3h","Destination_Zone_Resident","Origin_Zone_Worker","ZoneGlobale","All_modes","2160"
"2020-03-26","Kirotshe","Minova","3h","Study_Zone_Resident","Outside_Worker","ZoneGlobale","All_modes","95"
"2020-03-26","Kirotshe","Minova","3h","Study_Zone_Resident","Destination_Zone_Worker","ZoneGlobale","All_modes","47"
"2020-03-26","Kirotshe","Minova","3h","Study_Zone_Resident","Study_Zone_Worker","ZoneGlobale","All_modes","397"
"2020-03-26","Kirotshe","Minova","3h","Study_Zone_Resident","Origin_Zone_Worker","ZoneGlobale","All_modes","47"
"2020-03-26","Kirotshe","Minova","3h","Origin_Zone_Resident","Destination_Zone_Worker","ZoneGlobale","All_modes","254"
"2020-03-26","Kirotshe","Minova","3h","Origin_Zone_Resident","Origin_Zone_Worker","ZoneGlobale","All_modes","2306"
"2020-03-26","Kirotshe","Mweso","1h","Outside_Resident","Outside_Worker","ZoneGlobale","All_modes","95"
"2020-03-26","Kirotshe","Mweso","1h","Outside_Resident","Origin_Zone_Worker","ZoneGlobale","All_modes","47"
"2020-03-26","Kirotshe","Mweso","1h","Destination_Zone_Resident","Destination_Zone_Worker","ZoneGlobale","All_modes","286"
"2020-03-26","Kirotshe","Mweso","1h","Destination_Zone_Resident","Origin_Zone_Worker","ZoneGlobale","All_modes","95"
"2020-03-26","Kirotshe","Mweso","1h","Study_Zone_Resident","Study_Zone_Worker","ZoneGlobale","All_modes","47"
"2020-03-26","Kirotshe","Mweso","1h","Origin_Zone_Resident","Origin_Zone_Worker","ZoneGlobale","All_modes","47"
"2020-03-26","Kirotshe","Mweso","3h","Outside_Resident","Outside_Worker","ZoneGlobale","All_modes","525"
"2020-03-26","Kirotshe","Mweso","3h","Outside_Resident","Destination_Zone_Worker","ZoneGlobale","All_modes","143"
"2020-03-26","Kirotshe","Mweso","3h","Outside_Resident","Study_Zone_Worker","ZoneGlobale","All_modes","95"
"2020-03-26","Kirotshe","Mweso","3h","Outside_Resident","Origin_Zone_Worker","ZoneGlobale","All_modes","143"
"2020-03-26","Kirotshe","Mweso","3h","Destination_Zone_Resident","Destination_Zone_Worker","ZoneGlobale","All_modes","382"
"2020-03-26","Kirotshe","Mweso","3h","Destination_Zone_Resident","Study_Zone_Worker","ZoneGlobale","All_modes","47"
"2020-03-26","Kirotshe","Mweso","3h","Destination_Zone_Resident","Origin_Zone_Worker","ZoneGlobale","All_modes","286"
"2020-03-26","Kirotshe","Mweso","3h","Study_Zone_Resident","Study_Zone_Worker","ZoneGlobale","All_modes","174"
"2020-03-26","Kirotshe","Mweso","3h","Origin_Zone_Resident","Outside_Worker","ZoneGlobale","All_modes","47"
"2020-03-26","Kirotshe","Mweso","3h","Origin_Zone_Resident","Study_Zone_Worker","ZoneGlobale","All_modes","47"
"2020-03-26","Kirotshe","Mweso","3h","Origin_Zone_Resident","Origin_Zone_Worker","ZoneGlobale","All_modes","334"
"2020-03-26","Kirotshe","Nyiragongo","1h","Outside_Resident","Outside_Worker","ZoneGlobale","All_modes","95"
"2020-03-26","Kirotshe","Nyiragongo","1h","Outside_Resident","Destination_Zone_Worker","ZoneGlobale","All_modes","47"
"2020-03-26","Kirotshe","Nyiragongo","1h","Outside_Resident","Study_Zone_Worker","ZoneGlobale","All_modes","47"
"2020-03-26","Kirotshe","Nyiragongo","1h","Outside_Resident","Origin_Zone_Worker","ZoneGlobale","All_modes","47"
"2020-03-26","Kirotshe","Nyiragongo","1h","Destination_Zone_Resident","Destination_Zone_Worker","ZoneGlobale","All_modes","382"
"2020-03-26","Kirotshe","Nyiragongo","1h","Destination_Zone_Resident","Study_Zone_Worker","ZoneGlobale","All_modes","47"
"2020-03-26","Kirotshe","Nyiragongo","1h","Destination_Zone_Resident","Origin_Zone_Worker","ZoneGlobale","All_modes","191"
"2020-03-26","Kirotshe","Nyiragongo","1h","Study_Zone_Resident","Study_Zone_Worker","ZoneGlobale","All_modes","95"
"2020-03-26","Kirotshe","Nyiragongo","1h","Origin_Zone_Resident","Destination_Zone_Worker","ZoneGlobale","All_modes","47"
"2020-03-26","Kirotshe","Nyiragongo","1h","Origin_Zone_Resident","Origin_Zone_Worker","ZoneGlobale","All_modes","334"
"2020-03-26","Kirotshe","Nyiragongo","3h","Outside_Resident","Outside_Worker","ZoneGlobale","All_modes","718"
"2020-03-26","Kirotshe","Nyiragongo","3h","Outside_Resident","Destination_Zone_Worker","ZoneGlobale","All_modes","143"
"2020-03-26","Kirotshe","Nyiragongo","3h","Outside_Resident","Study_Zone_Worker","ZoneGlobale","All_modes","143"
"2020-03-26","Kirotshe","Nyiragongo","3h","Outside_Resident","Origin_Zone_Worker","ZoneGlobale","All_modes","477"
"2020-03-26","Kirotshe","Nyiragongo","3h","Destination_Zone_Resident","Destination_Zone_Worker","ZoneGlobale","All_modes","334"
"2020-03-26","Kirotshe","Nyiragongo","3h","Destination_Zone_Resident","Study_Zone_Worker","ZoneGlobale","All_modes","238"
"2020-03-26","Kirotshe","Nyiragongo","3h","Destination_Zone_Resident","Origin_Zone_Worker","ZoneGlobale","All_modes","1194"
"2020-03-26","Kirotshe","Nyiragongo","3h","Study_Zone_Resident","Outside_Worker","ZoneGlobale","All_modes","47"
"2020-03-26","Kirotshe","Nyiragongo","3h","Study_Zone_Resident","Destination_Zone_Worker","ZoneGlobale","All_modes","95"
"2020-03-26","Kirotshe","Nyiragongo","3h","Study_Zone_Resident","Study_Zone_Worker","ZoneGlobale","All_modes","621"
"2020-03-26","Kirotshe","Nyiragongo","3h","Study_Zone_Resident","Origin_Zone_Worker","ZoneGlobale","All_modes","143"
"2020-03-26","Kirotshe","Nyiragongo","3h","Origin_Zone_Resident","Outside_Worker","ZoneGlobale","All_modes","47"
"2020-03-26","Kirotshe","Nyiragongo","3h","Origin_Zone_Resident","Destination_Zone_Worker","ZoneGlobale","All_modes","95"
"2020-03-26","Kirotshe","Nyiragongo","3h","Origin_Zone_Resident","Study_Zone_Worker","ZoneGlobale","All_modes","95"
"2020-03-26","Kirotshe","Nyiragongo","3h","Origin_Zone_Resident","Origin_Zone_Worker","ZoneGlobale","All_modes","3296"
"2020-03-26","Kirotshe","Rutshuru","1h","Destination_Zone_Resident","Outside_Worker","ZoneGlobale","All_modes","47"
"2020-03-26","Kirotshe","Rutshuru","1h","Destination_Zone_Resident","Destination_Zone_Worker","ZoneGlobale","All_modes","143"
"2020-03-26","Kirotshe","Rutshuru","1h","Study_Zone_Resident","Study_Zone_Worker","ZoneGlobale","All_modes","47"
"2020-03-26","Kirotshe","Rutshuru","1h","Study_Zone_Resident","Origin_Zone_Worker","ZoneGlobale","All_modes","47"
"2020-03-26","Kirotshe","Rutshuru","3h","Outside_Resident","Outside_Worker","ZoneGlobale","All_modes","199"
"2020-03-26","Kirotshe","Rutshuru","3h","Outside_Resident","Study_Zone_Worker","ZoneGlobale","All_modes","95"
"2020-03-26","Kirotshe","Rutshuru","3h","Outside_Resident","Origin_Zone_Worker","ZoneGlobale","All_modes","47"
"2020-03-26","Kirotshe","Rutshuru","3h","Destination_Zone_Resident","Outside_Worker","ZoneGlobale","All_modes","47"
"2020-03-26","Kirotshe","Rutshuru","3h","Destination_Zone_Resident","Destination_Zone_Worker","ZoneGlobale","All_modes","143"
"2020-03-26","Kirotshe","Rutshuru","3h","Destination_Zone_Resident","Origin_Zone_Worker","ZoneGlobale","All_modes","95"
"2020-03-26","Kirotshe","Rutshuru","3h","Study_Zone_Resident","Destination_Zone_Worker","ZoneGlobale","All_modes","47"
"2020-03-26","Kirotshe","Rutshuru","3h","Study_Zone_Resident","Study_Zone_Worker","ZoneGlobale","All_modes","95"
"2020-03-26","Kirotshe","Rutshuru","3h","Study_Zone_Resident","Origin_Zone_Worker","ZoneGlobale","All_modes","47"
"2020-03-26","Kirotshe","Rutshuru","3h","Origin_Zone_Resident","Origin_Zone_Worker","ZoneGlobale","All_modes","238"
"2020-03-26","Kisantu","Binza Meteo","1h","Outside_Resident","Outside_Worker","ZoneGlobale","All_modes","24"
"2020-03-26","Kisantu","Boko-Kivulu","1h","Outside_Resident","Outside_Worker","ZoneGlobale","All_modes","350"
"2020-03-26","Kisantu","Boko-Kivulu","1h","Outside_Resident","Destination_Zone_Worker","ZoneGlobale","All_modes","106"
"2020-03-26","Kisantu","Boko-Kivulu","1h","Outside_Resident","Origin_Zone_Worker","ZoneGlobale","All_modes","78"
"2020-03-26","Kisantu","Boko-Kivulu","1h","Destination_Zone_Resident","Outside_Worker","ZoneGlobale","All_modes","81"
"2020-03-26","Kisantu","Boko-Kivulu","1h","Destination_Zone_Resident","Destination_Zone_Worker","ZoneGlobale","All_modes","1449"
"2020-03-26","Kisantu","Boko-Kivulu","1h","Destination_Zone_Resident","Origin_Zone_Worker","ZoneGlobale","All_modes","360"
"2020-03-26","Kisantu","Boko-Kivulu","1h","Study_Zone_Resident","Study_Zone_Worker","ZoneGlobale","All_modes","158"
"2020-03-26","Kisantu","Boko-Kivulu","1h","Origin_Zone_Resident","Outside_Worker","ZoneGlobale","All_modes","34"
"2020-03-26","Kisantu","Boko-Kivulu","1h","Origin_Zone_Resident","Destination_Zone_Worker","ZoneGlobale","All_modes","94"
"2020-03-26","Kisantu","Boko-Kivulu","1h","Origin_Zone_Resident","Origin_Zone_Worker","ZoneGlobale","All_modes","428"
"2020-03-26","Kisantu","Boko-Kivulu","3h","Outside_Resident","Outside_Worker","ZoneGlobale","All_modes","1021"
"2020-03-26","Kisantu","Boko-Kivulu","3h","Outside_Resident","Destination_Zone_Worker","ZoneGlobale","All_modes","250"
"2020-03-26","Kisantu","Boko-Kivulu","3h","Outside_Resident","Study_Zone_Worker","ZoneGlobale","All_modes","22"
"2020-03-26","Kisantu","Boko-Kivulu","3h","Outside_Resident","Origin_Zone_Worker","ZoneGlobale","All_modes","397"
"2020-03-26","Kisantu","Boko-Kivulu","3h","Destination_Zone_Resident","Outside_Worker","ZoneGlobale","All_modes","89"
"2020-03-26","Kisantu","Boko-Kivulu","3h","Destination_Zone_Resident","Destination_Zone_Worker","ZoneGlobale","All_modes","1659"
"2020-03-26","Kisantu","Boko-Kivulu","3h","Destination_Zone_Resident","Origin_Zone_Worker","ZoneGlobale","All_modes","663"
"2020-03-26","Kisantu","Boko-Kivulu","3h","Study_Zone_Resident","Outside_Worker","ZoneGlobale","All_modes","24"
"2020-03-26","Kisantu","Boko-Kivulu","3h","Study_Zone_Resident","Destination_Zone_Worker","ZoneGlobale","All_modes","38"
"2020-03-26","Kisantu","Boko-Kivulu","3h","Study_Zone_Resident","Study_Zone_Worker","ZoneGlobale","All_modes","129"
"2020-03-26","Kisantu","Boko-Kivulu","3h","Origin_Zone_Resident","Outside_Worker","ZoneGlobale","All_modes","103"
"2020-03-26","Kisantu","Boko-Kivulu","3h","Origin_Zone_Resident","Destination_Zone_Worker","ZoneGlobale","All_modes","160"
"2020-03-26","Kisantu","Boko-Kivulu","3h","Origin_Zone_Resident","Origin_Zone_Worker","ZoneGlobale","All_modes","1307"
"2020-03-26","Kisantu","Kwilu-Ngongo","1h","Outside_Resident","Outside_Worker","ZoneGlobale","All_modes","67"
"2020-03-26","Kisantu","Masa","1h","Outside_Resident","Outside_Worker","ZoneGlobale","All_modes","26"
"2020-03-26","Kisantu","Masa","1h","Outside_Resident","Study_Zone_Worker","ZoneGlobale","All_modes","25"
"2020-03-26","Kisantu","Masa","1h","Study_Zone_Resident","Study_Zone_Worker","ZoneGlobale","All_modes","37"
"2020-03-26","Kisantu","Masa","3h","Outside_Resident","Outside_Worker","ZoneGlobale","All_modes","24"
"2020-03-26","Kisantu","Masa","3h","Destination_Zone_Resident","Destination_Zone_Worker","ZoneGlobale","All_modes","27"
"2020-03-26","Kisantu","Masa","3h","Study_Zone_Resident","Study_Zone_Worker","ZoneGlobale","All_modes","50"
"2020-03-26","Kisantu","Mbanza-Ngungu","1h","Outside_Resident","Outside_Worker","ZoneGlobale","All_modes","40"
"2020-03-26","Kisantu","Mbanza-Ngungu","1h","Study_Zone_Resident","Study_Zone_Worker","ZoneGlobale","All_modes","26"
"2020-03-26","Kisantu","Mbanza-Ngungu","1h","Origin_Zone_Resident","Origin_Zone_Worker","ZoneGlobale","All_modes","34"
"2020-03-26","Kisantu","Mbanza-Ngungu","3h","Outside_Resident","Outside_Worker","ZoneGlobale","All_modes","146"
"2020-03-26","Kisantu","Mbanza-Ngungu","3h","Outside_Resident","Origin_Zone_Worker","ZoneGlobale","All_modes","38"
"2020-03-26","Kisantu","Mbanza-Ngungu","3h","Destination_Zone_Resident","Destination_Zone_Worker","ZoneGlobale","All_modes","51"
"2020-03-26","Kisantu","Mbanza-Ngungu","3h","Destination_Zone_Resident","Study_Zone_Worker","ZoneGlobale","All_modes","24"
"2020-03-26","Kisantu","Mbanza-Ngungu","3h","Study_Zone_Resident","Study_Zone_Worker","ZoneGlobale","All_modes","23"
"2020-03-26","Kisantu","Mbanza-Ngungu","3h","Origin_Zone_Resident","Origin_Zone_Worker","ZoneGlobale","All_modes","136"
"2020-03-26","Kisantu","Mont Ngafula I","3h","Outside_Resident","Outside_Worker","ZoneGlobale","All_modes","26"
"2020-03-26","Kisantu","Ngidinga","1h","Outside_Resident","Outside_Worker","ZoneGlobale","All_modes","24"
"2020-03-26","Kisantu","Ngidinga","3h","Outside_Resident","Outside_Worker","ZoneGlobale","All_modes","59"
"2020-03-26","Kisantu","Ngidinga","3h","Destination_Zone_Resident","Destination_Zone_Worker","ZoneGlobale","All_modes","27"
"2020-03-26","Kisantu","Ngidinga","3h","Origin_Zone_Resident","Outside_Worker","ZoneGlobale","All_modes","24"
"2020-03-26","Kisantu","Ngidinga","3h","Origin_Zone_Resident","Origin_Zone_Worker","ZoneGlobale","All_modes","26"
"2020-03-26","Kisantu","Nsona-Mpangu","3h","Outside_Resident","Outside_Worker","ZoneGlobale","All_modes","21"
"2020-03-26","Kisantu","Selembao","3h","Outside_Resident","Study_Zone_Worker","ZoneGlobale","All_modes","27"
"2020-03-26","Kisantu","Sona-Bata","1h","Outside_Resident","Outside_Worker","ZoneGlobale","All_modes","88"
"2020-03-26","Kisantu","Sona-Bata","1h","Outside_Resident","Destination_Zone_Worker","ZoneGlobale","All_modes","23"
"2020-03-26","Kisantu","Sona-Bata","1h","Destination_Zone_Resident","Destination_Zone_Worker","ZoneGlobale","All_modes","105"
"2020-03-26","Kisantu","Sona-Bata","1h","Destination_Zone_Resident","Origin_Zone_Worker","ZoneGlobale","All_modes","24"
"2020-03-26","Kisantu","Sona-Bata","1h","Study_Zone_Resident","Study_Zone_Worker","ZoneGlobale","All_modes","49"
"2020-03-26","Kisantu","Sona-Bata","1h","Origin_Zone_Resident","Origin_Zone_Worker","ZoneGlobale","All_modes","48"
"2020-03-26","Kisantu","Sona-Bata","3h","Outside_Resident","Outside_Worker","ZoneGlobale","All_modes","187"
"2020-03-26","Kisantu","Sona-Bata","3h","Outside_Resident","Destination_Zone_Worker","ZoneGlobale","All_modes","77"
"2020-03-26","Kisantu","Sona-Bata","3h","Destination_Zone_Resident","Outside_Worker","ZoneGlobale","All_modes","37"
"2020-03-26","Kisantu","Sona-Bata","3h","Destination_Zone_Resident","Destination_Zone_Worker","ZoneGlobale","All_modes","146"
"2020-03-26","Kisantu","Sona-Bata","3h","Destination_Zone_Resident","Origin_Zone_Worker","ZoneGlobale","All_modes","27"
"2020-03-26","Kisantu","Sona-Bata","3h","Study_Zone_Resident","Study_Zone_Worker","ZoneGlobale","All_modes","49"
"2020-03-26","Kisantu","Sona-Bata","3h","Origin_Zone_Resident","Origin_Zone_Worker","ZoneGlobale","All_modes","65"
"2020-03-26","Kisenso","Barumbu","1h","Destination_Zone_Resident","Destination_Zone_Worker","ZoneGlobale","All_modes","22"
"2020-03-26","Kisenso","Binza Meteo","1h","Outside_Resident","Outside_Worker","ZoneGlobale","All_modes","44"
"2020-03-26","Kisenso","Binza Meteo","3h","Outside_Resident","Outside_Worker","ZoneGlobale","All_modes","44"
"2020-03-26","Kisenso","Binza Meteo","3h","Study_Zone_Resident","Study_Zone_Worker","ZoneGlobale","All_modes","27"
"2020-03-26","Kisenso","Binza Ozone","3h","Destination_Zone_Resident","Destination_Zone_Worker","ZoneGlobale","All_modes","25"
"2020-03-26","Kisenso","Bumbu","1h","Destination_Zone_Resident","Destination_Zone_Worker","ZoneGlobale","All_modes","23"
"2020-03-26","Kisenso","Bumbu","1h","Destination_Zone_Resident","Study_Zone_Worker","ZoneGlobale","All_modes","38"
"2020-03-26","Kisenso","Bumbu","3h","Destination_Zone_Resident","Destination_Zone_Worker","ZoneGlobale","All_modes","37"
"2020-03-26","Kisenso","Bumbu","3h","Destination_Zone_Resident","Study_Zone_Worker","ZoneGlobale","All_modes","27"
"2020-03-26","Kisenso","Gombe","3h","Origin_Zone_Resident","Origin_Zone_Worker","ZoneGlobale","All_modes","26"
"2020-03-26","Kisenso","Kalamu I","1h","Destination_Zone_Resident","Destination_Zone_Worker","ZoneGlobale","All_modes","25"
"2020-03-26","Kisenso","Kalamu I","1h","Destination_Zone_Resident","Study_Zone_Worker","ZoneGlobale","All_modes","27"
"2020-03-26","Kisenso","Kalamu I","3h","Destination_Zone_Resident","Destination_Zone_Worker","ZoneGlobale","All_modes","63"
"2020-03-26","Kisenso","Kalamu I","3h","Study_Zone_Resident","Outside_Worker","ZoneGlobale","All_modes","26"
"2020-03-26","Kisenso","Kalamu II","3h","Destination_Zone_Resident","Destination_Zone_Worker","ZoneGlobale","All_modes","65"
"2020-03-26","Kisenso","Kasa-Vubu","3h","Outside_Resident","Outside_Worker","ZoneGlobale","All_modes","22"
"2020-03-26","Kisenso","Kikimi","1h","Outside_Resident","Outside_Worker","ZoneGlobale","All_modes","68"
"2020-03-26","Kisenso","Kikimi","1h","Destination_Zone_Resident","Outside_Worker","ZoneGlobale","All_modes","22"
"2020-03-26","Kisenso","Kikimi","1h","Destination_Zone_Resident","Destination_Zone_Worker","ZoneGlobale","All_modes","23"
"2020-03-26","Kisenso","Kikimi","1h","Study_Zone_Resident","Study_Zone_Worker","ZoneGlobale","All_modes","24"
"2020-03-26","Kisenso","Kikimi","1h","Origin_Zone_Resident","Study_Zone_Worker","ZoneGlobale","All_modes","26"
"2020-03-26","Kisenso","Kikimi","1h","Origin_Zone_Resident","Origin_Zone_Worker","ZoneGlobale","All_modes","26"
"2020-03-26","Kisenso","Kikimi","3h","Outside_Resident","Outside_Worker","ZoneGlobale","All_modes","178"
"2020-03-26","Kisenso","Kikimi","3h","Outside_Resident","Study_Zone_Worker","ZoneGlobale","All_modes","73"
"2020-03-26","Kisenso","Kikimi","3h","Outside_Resident","Origin_Zone_Worker","ZoneGlobale","All_modes","68"
"2020-03-26","Kisenso","Kikimi","3h","Destination_Zone_Resident","Destination_Zone_Worker","ZoneGlobale","All_modes","98"
"2020-03-26","Kisenso","Kikimi","3h","Destination_Zone_Resident","Origin_Zone_Worker","ZoneGlobale","All_modes","38"
"2020-03-26","Kisenso","Kikimi","3h","Study_Zone_Resident","Outside_Worker","ZoneGlobale","All_modes","27"
"2020-03-26","Kisenso","Kikimi","3h","Study_Zone_Resident","Study_Zone_Worker","ZoneGlobale","All_modes","72"
"2020-03-26","Kisenso","Kikimi","3h","Study_Zone_Resident","Origin_Zone_Worker","ZoneGlobale","All_modes","27"
"2020-03-26","Kisenso","Kikimi","3h","Origin_Zone_Resident","Destination_Zone_Worker","ZoneGlobale","All_modes","27"
"2020-03-26","Kisenso","Kikimi","3h","Origin_Zone_Resident","Study_Zone_Worker","ZoneGlobale","All_modes","24"
"2020-03-26","Kisenso","Kikimi","3h","Origin_Zone_Resident","Origin_Zone_Worker","ZoneGlobale","All_modes","207"
"2020-03-26","Kisenso","Kimbanseke","1h","Outside_Resident","Outside_Worker","ZoneGlobale","All_modes","471"
"2020-03-26","Kisenso","Kimbanseke","1h","Outside_Resident","Destination_Zone_Worker","ZoneGlobale","All_modes","58"
"2020-03-26","Kisenso","Kimbanseke","1h","Outside_Resident","Study_Zone_Worker","ZoneGlobale","All_modes","62"
"2020-03-26","Kisenso","Kimbanseke","1h","Outside_Resident","Origin_Zone_Worker","ZoneGlobale","All_modes","81"
"2020-03-26","Kisenso","Kimbanseke","1h","Destination_Zone_Resident","Outside_Worker","ZoneGlobale","All_modes","139"
"2020-03-26","Kisenso","Kimbanseke","1h","Destination_Zone_Resident","Destination_Zone_Worker","ZoneGlobale","All_modes","706"
"2020-03-26","Kisenso","Kimbanseke","1h","Destination_Zone_Resident","Study_Zone_Worker","ZoneGlobale","All_modes","185"
"2020-03-26","Kisenso","Kimbanseke","1h","Destination_Zone_Resident","Origin_Zone_Worker","ZoneGlobale","All_modes","380"
"2020-03-26","Kisenso","Kimbanseke","1h","Study_Zone_Resident","Destination_Zone_Worker","ZoneGlobale","All_modes","23"
"2020-03-26","Kisenso","Kimbanseke","1h","Study_Zone_Resident","Study_Zone_Worker","ZoneGlobale","All_modes","172"
"2020-03-26","Kisenso","Kimbanseke","1h","Study_Zone_Resident","Origin_Zone_Worker","ZoneGlobale","All_modes","44"
"2020-03-26","Kisenso","Kimbanseke","1h","Origin_Zone_Resident","Outside_Worker","ZoneGlobale","All_modes","24"
"2020-03-26","Kisenso","Kimbanseke","1h","Origin_Zone_Resident","Destination_Zone_Worker","ZoneGlobale","All_modes","65"
"2020-03-26","Kisenso","Kimbanseke","1h","Origin_Zone_Resident","Study_Zone_Worker","ZoneGlobale","All_modes","105"
"2020-03-26","Kisenso","Kimbanseke","1h","Origin_Zone_Resident","Origin_Zone_Worker","ZoneGlobale","All_modes","774"
"2020-03-26","Kisenso","Kimbanseke","3h","Outside_Resident","Outside_Worker","ZoneGlobale","All_modes","890"
"2020-03-26","Kisenso","Kimbanseke","3h","Outside_Resident","Destination_Zone_Worker","ZoneGlobale","All_modes","218"
"2020-03-26","Kisenso","Kimbanseke","3h","Outside_Resident","Study_Zone_Worker","ZoneGlobale","All_modes","124"
"2020-03-26","Kisenso","Kimbanseke","3h","Outside_Resident","Origin_Zone_Worker","ZoneGlobale","All_modes","403"
"2020-03-26","Kisenso","Kimbanseke","3h","Destination_Zone_Resident","Outside_Worker","ZoneGlobale","All_modes","148"
"2020-03-26","Kisenso","Kimbanseke","3h","Destination_Zone_Resident","Destination_Zone_Worker","ZoneGlobale","All_modes","937"
"2020-03-26","Kisenso","Kimbanseke","3h","Destination_Zone_Resident","Study_Zone_Worker","ZoneGlobale","All_modes","226"
"2020-03-26","Kisenso","Kimbanseke","3h","Destination_Zone_Resident","Origin_Zone_Worker","ZoneGlobale","All_modes","618"
"2020-03-26","Kisenso","Kimbanseke","3h","Study_Zone_Resident","Study_Zone_Worker","ZoneGlobale","All_modes","190"
"2020-03-26","Kisenso","Kimbanseke","3h","Study_Zone_Resident","Origin_Zone_Worker","ZoneGlobale","All_modes","76"
"2020-03-26","Kisenso","Kimbanseke","3h","Origin_Zone_Resident","Outside_Worker","ZoneGlobale","All_modes","78"
"2020-03-26","Kisenso","Kimbanseke","3h","Origin_Zone_Resident","Destination_Zone_Worker","ZoneGlobale","All_modes","105"
"2020-03-26","Kisenso","Kimbanseke","3h","Origin_Zone_Resident","Study_Zone_Worker","ZoneGlobale","All_modes","159"
"2020-03-26","Kisenso","Kimbanseke","3h","Origin_Zone_Resident","Origin_Zone_Worker","ZoneGlobale","All_modes","1527"
"2020-03-26","Kisenso","Kingabwa","1h","Outside_Resident","Outside_Worker","ZoneGlobale","All_modes","22"
"2020-03-26","Kisenso","Kingabwa","1h","Destination_Zone_Resident","Destination_Zone_Worker","ZoneGlobale","All_modes","62"
"2020-03-26","Kisenso","Kingabwa","1h","Destination_Zone_Resident","Study_Zone_Worker","ZoneGlobale","All_modes","26"
"2020-03-26","Kisenso","Kingabwa","1h","Destination_Zone_Resident","Origin_Zone_Worker","ZoneGlobale","All_modes","25"
"2020-03-26","Kisenso","Kingabwa","1h","Study_Zone_Resident","Study_Zone_Worker","ZoneGlobale","All_modes","50"
"2020-03-26","Kisenso","Kingabwa","1h","Origin_Zone_Resident","Study_Zone_Worker","ZoneGlobale","All_modes","26"
"2020-03-26","Kisenso","Kingabwa","1h","Origin_Zone_Resident","Origin_Zone_Worker","ZoneGlobale","All_modes","46"
"2020-03-26","Kisenso","Kingabwa","3h","Outside_Resident","Outside_Worker","ZoneGlobale","All_modes","110"
"2020-03-26","Kisenso","Kingabwa","3h","Outside_Resident","Destination_Zone_Worker","ZoneGlobale","All_modes","36"
"2020-03-26","Kisenso","Kingabwa","3h","Outside_Resident","Origin_Zone_Worker","ZoneGlobale","All_modes","37"
"2020-03-26","Kisenso","Kingabwa","3h","Destination_Zone_Resident","Destination_Zone_Worker","ZoneGlobale","All_modes","77"
"2020-03-26","Kisenso","Kingabwa","3h","Destination_Zone_Resident","Study_Zone_Worker","ZoneGlobale","All_modes","34"
"2020-03-26","Kisenso","Kingabwa","3h","Destination_Zone_Resident","Origin_Zone_Worker","ZoneGlobale","All_modes","39"
"2020-03-26","Kisenso","Kingabwa","3h","Study_Zone_Resident","Study_Zone_Worker","ZoneGlobale","All_modes","170"
"2020-03-26","Kisenso","Kingabwa","3h","Study_Zone_Resident","Origin_Zone_Worker","ZoneGlobale","All_modes","27"
"2020-03-26","Kisenso","Kingabwa","3h","Origin_Zone_Resident","Destination_Zone_Worker","ZoneGlobale","All_modes","22"
"2020-03-26","Kisenso","Kingabwa","3h","Origin_Zone_Resident","Study_Zone_Worker","ZoneGlobale","All_modes","33"
"2020-03-26","Kisenso","Kingabwa","3h","Origin_Zone_Resident","Origin_Zone_Worker","ZoneGlobale","All_modes","279"
"2020-03-26","Kisenso","Kinshasa","3h","Destination_Zone_Resident","Destination_Zone_Worker","ZoneGlobale","All_modes","24"
"2020-03-26","Kisenso","Kokolo","1h","Destination_Zone_Resident","Destination_Zone_Worker","ZoneGlobale","All_modes","44"
"2020-03-26","Kisenso","Kokolo","3h","Destination_Zone_Resident","Destination_Zone_Worker","ZoneGlobale","All_modes","48"
"2020-03-26","Kisenso","Kokolo","3h","Study_Zone_Resident","Study_Zone_Worker","ZoneGlobale","All_modes","23"
"2020-03-26","Kisenso","Kokolo","3h","Origin_Zone_Resident","Origin_Zone_Worker","ZoneGlobale","All_modes","21"
"2020-03-26","Kisenso","Lemba","1h","Outside_Resident","Outside_Worker","ZoneGlobale","All_modes","380"
"2020-03-26","Kisenso","Lemba","1h","Outside_Resident","Destination_Zone_Worker","ZoneGlobale","All_modes","149"
"2020-03-26","Kisenso","Lemba","1h","Outside_Resident","Study_Zone_Worker","ZoneGlobale","All_modes","23"
"2020-03-26","Kisenso","Lemba","1h","Outside_Resident","Origin_Zone_Worker","ZoneGlobale","All_modes","84"
"2020-03-26","Kisenso","Lemba","1h","Destination_Zone_Resident","Outside_Worker","ZoneGlobale","All_modes","35"
"2020-03-26","Kisenso","Lemba","1h","Destination_Zone_Resident","Destination_Zone_Worker","ZoneGlobale","All_modes","983"
"2020-03-26","Kisenso","Lemba","1h","Destination_Zone_Resident","Study_Zone_Worker","ZoneGlobale","All_modes","161"
"2020-03-26","Kisenso","Lemba","1h","Destination_Zone_Resident","Origin_Zone_Worker","ZoneGlobale","All_modes","199"
"2020-03-26","Kisenso","Lemba","1h","Study_Zone_Resident","Destination_Zone_Worker","ZoneGlobale","All_modes","48"
"2020-03-26","Kisenso","Lemba","1h","Study_Zone_Resident","Study_Zone_Worker","ZoneGlobale","All_modes","140"
"2020-03-26","Kisenso","Lemba","1h","Study_Zone_Resident","Origin_Zone_Worker","ZoneGlobale","All_modes","34"
"2020-03-26","Kisenso","Lemba","1h","Origin_Zone_Resident","Outside_Worker","ZoneGlobale","All_modes","70"
"2020-03-26","Kisenso","Lemba","1h","Origin_Zone_Resident","Destination_Zone_Worker","ZoneGlobale","All_modes","223"
"2020-03-26","Kisenso","Lemba","1h","Origin_Zone_Resident","Study_Zone_Worker","ZoneGlobale","All_modes","95"
"2020-03-26","Kisenso","Lemba","1h","Origin_Zone_Resident","Origin_Zone_Worker","ZoneGlobale","All_modes","750"
"2020-03-26","Kisenso","Lemba","3h","Outside_Resident","Outside_Worker","ZoneGlobale","All_modes","897"
"2020-03-26","Kisenso","Lemba","3h","Outside_Resident","Destination_Zone_Worker","ZoneGlobale","All_modes","149"
"2020-03-26","Kisenso","Lemba","3h","Outside_Resident","Study_Zone_Worker","ZoneGlobale","All_modes","52"
"2020-03-26","Kisenso","Lemba","3h","Outside_Resident","Origin_Zone_Worker","ZoneGlobale","All_modes","334"
"2020-03-26","Kisenso","Lemba","3h","Destination_Zone_Resident","Destination_Zone_Worker","ZoneGlobale","All_modes","1123"
"2020-03-26","Kisenso","Lemba","3h","Destination_Zone_Resident","Study_Zone_Worker","ZoneGlobale","All_modes","156"
"2020-03-26","Kisenso","Lemba","3h","Destination_Zone_Resident","Origin_Zone_Worker","ZoneGlobale","All_modes","420"
"2020-03-26","Kisenso","Lemba","3h","Study_Zone_Resident","Study_Zone_Worker","ZoneGlobale","All_modes","280"
"2020-03-26","Kisenso","Lemba","3h","Study_Zone_Resident","Origin_Zone_Worker","ZoneGlobale","All_modes","40"
"2020-03-26","Kisenso","Lemba","3h","Origin_Zone_Resident","Outside_Worker","ZoneGlobale","All_modes","114"
"2020-03-26","Kisenso","Lemba","3h","Origin_Zone_Resident","Destination_Zone_Worker","ZoneGlobale","All_modes","245"
"2020-03-26","Kisenso","Lemba","3h","Origin_Zone_Resident","Study_Zone_Worker","ZoneGlobale","All_modes","156"
"2020-03-26","Kisenso","Lemba","3h","Origin_Zone_Resident","Origin_Zone_Worker","ZoneGlobale","All_modes","1475"
"2020-03-26","Kisenso","Limete","1h","Outside_Resident","Outside_Worker","ZoneGlobale","All_modes","44"
"2020-03-26","Kisenso","Limete","1h","Destination_Zone_Resident","Destination_Zone_Worker","ZoneGlobale","All_modes","58"
"2020-03-26","Kisenso","Limete","1h","Destination_Zone_Resident","Study_Zone_Worker","ZoneGlobale","All_modes","49"
"2020-03-26","Kisenso","Limete","1h","Study_Zone_Resident","Study_Zone_Worker","ZoneGlobale","All_modes","22"
"2020-03-26","Kisenso","Limete","3h","Outside_Resident","Outside_Worker","ZoneGlobale","All_modes","24"
"2020-03-26","Kisenso","Limete","3h","Outside_Resident","Study_Zone_Worker","ZoneGlobale","All_modes","32"
"2020-03-26","Kisenso","Limete","3h","Destination_Zone_Resident","Destination_Zone_Worker","ZoneGlobale","All_modes","111"
"2020-03-26","Kisenso","Limete","3h","Destination_Zone_Resident","Study_Zone_Worker","ZoneGlobale","All_modes","23"
"2020-03-26","Kisenso","Limete","3h","Study_Zone_Resident","Study_Zone_Worker","ZoneGlobale","All_modes","62"
"2020-03-26","Kisenso","Limete","3h","Origin_Zone_Resident","Origin_Zone_Worker","ZoneGlobale","All_modes","80"
"2020-03-26","Kisenso","Makala","1h","Study_Zone_Resident","Study_Zone_Worker","ZoneGlobale","All_modes","26"
"2020-03-26","Kisenso","Makala","3h","Outside_Resident","Outside_Worker","ZoneGlobale","All_modes","61"
"2020-03-26","Kisenso","Makala","3h","Destination_Zone_Resident","Destination_Zone_Worker","ZoneGlobale","All_modes","26"
"2020-03-26","Kisenso","Makala","3h","Destination_Zone_Resident","Study_Zone_Worker","ZoneGlobale","All_modes","30"
"2020-03-26","Kisenso","Makala","3h","Study_Zone_Resident","Study_Zone_Worker","ZoneGlobale","All_modes","24"
"2020-03-26","Kisenso","Makala","3h","Origin_Zone_Resident","Origin_Zone_Worker","ZoneGlobale","All_modes","53"
"2020-03-26","Kisenso","Masina I","1h","Destination_Zone_Resident","Destination_Zone_Worker","ZoneGlobale","All_modes","22"
"2020-03-26","Kisenso","Masina I","3h","Outside_Resident","Outside_Worker","ZoneGlobale","All_modes","63"
"2020-03-26","Kisenso","Masina I","3h","Outside_Resident","Study_Zone_Worker","ZoneGlobale","All_modes","25"
"2020-03-26","Kisenso","Masina I","3h","Destination_Zone_Resident","Destination_Zone_Worker","ZoneGlobale","All_modes","22"
"2020-03-26","Kisenso","Masina I","3h","Origin_Zone_Resident","Origin_Zone_Worker","ZoneGlobale","All_modes","76"
"2020-03-26","Kisenso","Masina II","1h","Outside_Resident","Outside_Worker","ZoneGlobale","All_modes","40"
"2020-03-26","Kisenso","Masina II","1h","Destination_Zone_Resident","Destination_Zone_Worker","ZoneGlobale","All_modes","61"
"2020-03-26","Kisenso","Masina II","1h","Study_Zone_Resident","Study_Zone_Worker","ZoneGlobale","All_modes","47"
"2020-03-26","Kisenso","Masina II","1h","Origin_Zone_Resident","Origin_Zone_Worker","ZoneGlobale","All_modes","58"
"2020-03-26","Kisenso","Masina II","3h","Outside_Resident","Outside_Worker","ZoneGlobale","All_modes","47"
"2020-03-26","Kisenso","Masina II","3h","Outside_Resident","Study_Zone_Worker","ZoneGlobale","All_modes","35"
"2020-03-26","Kisenso","Masina II","3h","Outside_Resident","Origin_Zone_Worker","ZoneGlobale","All_modes","23"
"2020-03-26","Kisenso","Masina II","3h","Destination_Zone_Resident","Destination_Zone_Worker","ZoneGlobale","All_modes","126"
"2020-03-26","Kisenso","Masina II","3h","Destination_Zone_Resident","Study_Zone_Worker","ZoneGlobale","All_modes","26"
"2020-03-26","Kisenso","Masina II","3h","Destination_Zone_Resident","Origin_Zone_Worker","ZoneGlobale","All_modes","36"
"2020-03-26","Kisenso","Masina II","3h","Study_Zone_Resident","Study_Zone_Worker","ZoneGlobale","All_modes","68"
"2020-03-26","Kisenso","Masina II","3h","Origin_Zone_Resident","Study_Zone_Worker","ZoneGlobale","All_modes","57"
"2020-03-26","Kisenso","Masina II","3h","Origin_Zone_Resident","Origin_Zone_Worker","ZoneGlobale","All_modes","100"
"2020-03-26","Kisenso","Matete","1h","Outside_Resident","Outside_Worker","ZoneGlobale","All_modes","577"
"2020-03-26","Kisenso","Matete","1h","Outside_Resident","Destination_Zone_Worker","ZoneGlobale","All_modes","155"
"2020-03-26","Kisenso","Matete","1h","Outside_Resident","Origin_Zone_Worker","ZoneGlobale","All_modes","215"
"2020-03-26","Kisenso","Matete","1h","Destination_Zone_Resident","Outside_Worker","ZoneGlobale","All_modes","89"
"2020-03-26","Kisenso","Matete","1h","Destination_Zone_Resident","Destination_Zone_Worker","ZoneGlobale","All_modes","1944"
"2020-03-26","Kisenso","Matete","1h","Destination_Zone_Resident","Study_Zone_Worker","ZoneGlobale","All_modes","232"
"2020-03-26","Kisenso","Matete","1h","Destination_Zone_Resident","Origin_Zone_Worker","ZoneGlobale","All_modes","527"
"2020-03-26","Kisenso","Matete","1h","Study_Zone_Resident","Outside_Worker","ZoneGlobale","All_modes","24"
"2020-03-26","Kisenso","Matete","1h","Study_Zone_Resident","Destination_Zone_Worker","ZoneGlobale","All_modes","27"
"2020-03-26","Kisenso","Matete","1h","Study_Zone_Resident","Study_Zone_Worker","ZoneGlobale","All_modes","236"
"2020-03-26","Kisenso","Matete","1h","Study_Zone_Resident","Origin_Zone_Worker","ZoneGlobale","All_modes","24"
"2020-03-26","Kisenso","Matete","1h","Origin_Zone_Resident","Outside_Worker","ZoneGlobale","All_modes","75"
"2020-03-26","Kisenso","Matete","1h","Origin_Zone_Resident","Destination_Zone_Worker","ZoneGlobale","All_modes","237"
"2020-03-26","Kisenso","Matete","1h","Origin_Zone_Resident","Study_Zone_Worker","ZoneGlobale","All_modes","201"
"2020-03-26","Kisenso","Matete","1h","Origin_Zone_Resident","Origin_Zone_Worker","ZoneGlobale","All_modes","1374"
"2020-03-26","Kisenso","Matete","3h","Outside_Resident","Outside_Worker","ZoneGlobale","All_modes","1254"
"2020-03-26","Kisenso","Matete","3h","Outside_Resident","Destination_Zone_Worker","ZoneGlobale","All_modes","349"
"2020-03-26","Kisenso","Matete","3h","Outside_Resident","Origin_Zone_Worker","ZoneGlobale","All_modes","567"
"2020-03-26","Kisenso","Matete","3h","Destination_Zone_Resident","Outside_Worker","ZoneGlobale","All_modes","112"
"2020-03-26","Kisenso","Matete","3h","Destination_Zone_Resident","Destination_Zone_Worker","ZoneGlobale","All_modes","1821"
"2020-03-26","Kisenso","Matete","3h","Destination_Zone_Resident","Study_Zone_Worker","ZoneGlobale","All_modes","269"
"2020-03-26","Kisenso","Matete","3h","Destination_Zone_Resident","Origin_Zone_Worker","ZoneGlobale","All_modes","767"
"2020-03-26","Kisenso","Matete","3h","Study_Zone_Resident","Destination_Zone_Worker","ZoneGlobale","All_modes","35"
"2020-03-26","Kisenso","Matete","3h","Study_Zone_Resident","Study_Zone_Worker","ZoneGlobale","All_modes","275"
"2020-03-26","Kisenso","Matete","3h","Study_Zone_Resident","Origin_Zone_Worker","ZoneGlobale","All_modes","91"
"2020-03-26","Kisenso","Matete","3h","Origin_Zone_Resident","Outside_Worker","ZoneGlobale","All_modes","148"
"2020-03-26","Kisenso","Matete","3h","Origin_Zone_Resident","Destination_Zone_Worker","ZoneGlobale","All_modes","238"
"2020-03-26","Kisenso","Matete","3h","Origin_Zone_Resident","Study_Zone_Worker","ZoneGlobale","All_modes","237"
"2020-03-26","Kisenso","Matete","3h","Origin_Zone_Resident","Origin_Zone_Worker","ZoneGlobale","All_modes","2402"
"2020-03-26","Kisenso","Mont Ngafula I","1h","Outside_Resident","Outside_Worker","ZoneGlobale","All_modes","196"
"2020-03-26","Kisenso","Mont Ngafula I","1h","Outside_Resident","Destination_Zone_Worker","ZoneGlobale","All_modes","24"
"2020-03-26","Kisenso","Mont Ngafula I","1h","Outside_Resident","Origin_Zone_Worker","ZoneGlobale","All_modes","81"
"2020-03-26","Kisenso","Mont Ngafula I","1h","Destination_Zone_Resident","Outside_Worker","ZoneGlobale","All_modes","45"
"2020-03-26","Kisenso","Mont Ngafula I","1h","Destination_Zone_Resident","Destination_Zone_Worker","ZoneGlobale","All_modes","349"
"2020-03-26","Kisenso","Mont Ngafula I","1h","Destination_Zone_Resident","Study_Zone_Worker","ZoneGlobale","All_modes","70"
"2020-03-26","Kisenso","Mont Ngafula I","1h","Destination_Zone_Resident","Origin_Zone_Worker","ZoneGlobale","All_modes","128"
"2020-03-26","Kisenso","Mont Ngafula I","1h","Study_Zone_Resident","Outside_Worker","ZoneGlobale","All_modes","35"
"2020-03-26","Kisenso","Mont Ngafula I","1h","Study_Zone_Resident","Study_Zone_Worker","ZoneGlobale","All_modes","68"
"2020-03-26","Kisenso","Mont Ngafula I","1h","Study_Zone_Resident","Origin_Zone_Worker","ZoneGlobale","All_modes","24"
"2020-03-26","Kisenso","Mont Ngafula I","1h","Origin_Zone_Resident","Outside_Worker","ZoneGlobale","All_modes","35"
"2020-03-26","Kisenso","Mont Ngafula I","1h","Origin_Zone_Resident","Destination_Zone_Worker","ZoneGlobale","All_modes","84"
"2020-03-26","Kisenso","Mont Ngafula I","1h","Origin_Zone_Resident","Study_Zone_Worker","ZoneGlobale","All_modes","47"
"2020-03-26","Kisenso","Mont Ngafula I","1h","Origin_Zone_Resident","Origin_Zone_Worker","ZoneGlobale","All_modes","254"
"2020-03-26","Kisenso","Mont Ngafula I","3h","Outside_Resident","Outside_Worker","ZoneGlobale","All_modes","500"
"2020-03-26","Kisenso","Mont Ngafula I","3h","Outside_Resident","Destination_Zone_Worker","ZoneGlobale","All_modes","66"
"2020-03-26","Kisenso","Mont Ngafula I","3h","Outside_Resident","Origin_Zone_Worker","ZoneGlobale","All_modes","161"
"2020-03-26","Kisenso","Mont Ngafula I","3h","Destination_Zone_Resident","Outside_Worker","ZoneGlobale","All_modes","106"
"2020-03-26","Kisenso","Mont Ngafula I","3h","Destination_Zone_Resident","Destination_Zone_Worker","ZoneGlobale","All_modes","459"
"2020-03-26","Kisenso","Mont Ngafula I","3h","Destination_Zone_Resident","Study_Zone_Worker","ZoneGlobale","All_modes","22"
"2020-03-26","Kisenso","Mont Ngafula I","3h","Destination_Zone_Resident","Origin_Zone_Worker","ZoneGlobale","All_modes","219"
"2020-03-26","Kisenso","Mont Ngafula I","3h","Study_Zone_Resident","Study_Zone_Worker","ZoneGlobale","All_modes","84"
"2020-03-26","Kisenso","Mont Ngafula I","3h","Study_Zone_Resident","Origin_Zone_Worker","ZoneGlobale","All_modes","89"
"2020-03-26","Kisenso","Mont Ngafula I","3h","Origin_Zone_Resident","Outside_Worker","ZoneGlobale","All_modes","38"
"2020-03-26","Kisenso","Mont Ngafula I","3h","Origin_Zone_Resident","Destination_Zone_Worker","ZoneGlobale","All_modes","66"
"2020-03-26","Kisenso","Mont Ngafula I","3h","Origin_Zone_Resident","Study_Zone_Worker","ZoneGlobale","All_modes","108"
"2020-03-26","Kisenso","Mont Ngafula I","3h","Origin_Zone_Resident","Origin_Zone_Worker","ZoneGlobale","All_modes","428"
"2020-03-26","Kisenso","Mont Ngafula II","3h","Destination_Zone_Resident","Destination_Zone_Worker","ZoneGlobale","All_modes","52"
"2020-03-26","Kisenso","Ndjili","1h","Outside_Resident","Outside_Worker","ZoneGlobale","All_modes","932"
"2020-03-26","Kisenso","Ndjili","1h","Outside_Resident","Destination_Zone_Worker","ZoneGlobale","All_modes","159"
"2020-03-26","Kisenso","Ndjili","1h","Outside_Resident","Study_Zone_Worker","ZoneGlobale","All_modes","60"
"2020-03-26","Kisenso","Ndjili","1h","Outside_Resident","Origin_Zone_Worker","ZoneGlobale","All_modes","93"
"2020-03-26","Kisenso","Ndjili","1h","Destination_Zone_Resident","Outside_Worker","ZoneGlobale","All_modes","90"
"2020-03-26","Kisenso","Ndjili","1h","Destination_Zone_Resident","Destination_Zone_Worker","ZoneGlobale","All_modes","2143"
"2020-03-26","Kisenso","Ndjili","1h","Destination_Zone_Resident","Study_Zone_Worker","ZoneGlobale","All_modes","163"
"2020-03-26","Kisenso","Ndjili","1h","Destination_Zone_Resident","Origin_Zone_Worker","ZoneGlobale","All_modes","470"
"2020-03-26","Kisenso","Ndjili","1h","Study_Zone_Resident","Outside_Worker","ZoneGlobale","All_modes","27"
"2020-03-26","Kisenso","Ndjili","1h","Study_Zone_Resident","Destination_Zone_Worker","ZoneGlobale","All_modes","72"
"2020-03-26","Kisenso","Ndjili","1h","Study_Zone_Resident","Study_Zone_Worker","ZoneGlobale","All_modes","142"
"2020-03-26","Kisenso","Ndjili","1h","Study_Zone_Resident","Origin_Zone_Worker","ZoneGlobale","All_modes","34"
"2020-03-26","Kisenso","Ndjili","1h","Origin_Zone_Resident","Outside_Worker","ZoneGlobale","All_modes","127"
"2020-03-26","Kisenso","Ndjili","1h","Origin_Zone_Resident","Destination_Zone_Worker","ZoneGlobale","All_modes","262"
"2020-03-26","Kisenso","Ndjili","1h","Origin_Zone_Resident","Study_Zone_Worker","ZoneGlobale","All_modes","118"
"2020-03-26","Kisenso","Ndjili","1h","Origin_Zone_Resident","Origin_Zone_Worker","ZoneGlobale","All_modes","1243"
"2020-03-26","Kisenso","Ndjili","3h","Outside_Resident","Outside_Worker","ZoneGlobale","All_modes","1228"
"2020-03-26","Kisenso","Ndjili","3h","Outside_Resident","Destination_Zone_Worker","ZoneGlobale","All_modes","156"
"2020-03-26","Kisenso","Ndjili","3h","Outside_Resident","Study_Zone_Worker","ZoneGlobale","All_modes","105"
"2020-03-26","Kisenso","Ndjili","3h","Outside_Resident","Origin_Zone_Worker","ZoneGlobale","All_modes","423"
"2020-03-26","Kisenso","Ndjili","3h","Destination_Zone_Resident","Outside_Worker","ZoneGlobale","All_modes","128"
"2020-03-26","Kisenso","Ndjili","3h","Destination_Zone_Resident","Destination_Zone_Worker","ZoneGlobale","All_modes","1843"
"2020-03-26","Kisenso","Ndjili","3h","Destination_Zone_Resident","Study_Zone_Worker","ZoneGlobale","All_modes","180"
"2020-03-26","Kisenso","Ndjili","3h","Destination_Zone_Resident","Origin_Zone_Worker","ZoneGlobale","All_modes","694"
"2020-03-26","Kisenso","Ndjili","3h","Study_Zone_Resident","Outside_Worker","ZoneGlobale","All_modes","53"
"2020-03-26","Kisenso","Ndjili","3h","Study_Zone_Resident","Destination_Zone_Worker","ZoneGlobale","All_modes","99"
"2020-03-26","Kisenso","Ndjili","3h","Study_Zone_Resident","Study_Zone_Worker","ZoneGlobale","All_modes","147"
"2020-03-26","Kisenso","Ndjili","3h","Study_Zone_Resident","Origin_Zone_Worker","ZoneGlobale","All_modes","134"
"2020-03-26","Kisenso","Ndjili","3h","Origin_Zone_Resident","Outside_Worker","ZoneGlobale","All_modes","174"
"2020-03-26","Kisenso","Ndjili","3h","Origin_Zone_Resident","Destination_Zone_Worker","ZoneGlobale","All_modes","440"
"2020-03-26","Kisenso","Ndjili","3h","Origin_Zone_Resident","Study_Zone_Worker","ZoneGlobale","All_modes","331"
"2020-03-26","Kisenso","Ndjili","3h","Origin_Zone_Resident","Origin_Zone_Worker","ZoneGlobale","All_modes","2638"
"2020-03-26","Kisenso","Ngiri-Ngiri","1h","Outside_Resident","Outside_Worker","ZoneGlobale","All_modes","24"
"2020-03-26","Kisenso","Ngiri-Ngiri","3h","Origin_Zone_Resident","Origin_Zone_Worker","ZoneGlobale","All_modes","27"
"2020-03-26","Kisenso","Nsele","1h","Outside_Resident","Outside_Worker","ZoneGlobale","All_modes","64"
"2020-03-26","Kisenso","Nsele","1h","Outside_Resident","Origin_Zone_Worker","ZoneGlobale","All_modes","36"
"2020-03-26","Kisenso","Nsele","1h","Destination_Zone_Resident","Destination_Zone_Worker","ZoneGlobale","All_modes","52"
"2020-03-26","Kisenso","Nsele","1h","Destination_Zone_Resident","Study_Zone_Worker","ZoneGlobale","All_modes","31"
"2020-03-26","Kisenso","Nsele","1h","Destination_Zone_Resident","Origin_Zone_Worker","ZoneGlobale","All_modes","99"
"2020-03-26","Kisenso","Nsele","1h","Study_Zone_Resident","Destination_Zone_Worker","ZoneGlobale","All_modes","22"
"2020-03-26","Kisenso","Nsele","1h","Study_Zone_Resident","Study_Zone_Worker","ZoneGlobale","All_modes","76"
"2020-03-26","Kisenso","Nsele","1h","Origin_Zone_Resident","Destination_Zone_Worker","ZoneGlobale","All_modes","22"
"2020-03-26","Kisenso","Nsele","1h","Origin_Zone_Resident","Origin_Zone_Worker","ZoneGlobale","All_modes","301"
"2020-03-26","Kisenso","Nsele","3h","Outside_Resident","Outside_Worker","ZoneGlobale","All_modes","131"
"2020-03-26","Kisenso","Nsele","3h","Outside_Resident","Study_Zone_Worker","ZoneGlobale","All_modes","35"
"2020-03-26","Kisenso","Nsele","3h","Outside_Resident","Origin_Zone_Worker","ZoneGlobale","All_modes","66"
"2020-03-26","Kisenso","Nsele","3h","Destination_Zone_Resident","Destination_Zone_Worker","ZoneGlobale","All_modes","116"
"2020-03-26","Kisenso","Nsele","3h","Destination_Zone_Resident","Study_Zone_Worker","ZoneGlobale","All_modes","53"
"2020-03-26","Kisenso","Nsele","3h","Destination_Zone_Resident","Origin_Zone_Worker","ZoneGlobale","All_modes","119"
"2020-03-26","Kisenso","Nsele","3h","Study_Zone_Resident","Study_Zone_Worker","ZoneGlobale","All_modes","134"
"2020-03-26","Kisenso","Nsele","3h","Origin_Zone_Resident","Outside_Worker","ZoneGlobale","All_modes","26"
"2020-03-26","Kisenso","Nsele","3h","Origin_Zone_Resident","Study_Zone_Worker","ZoneGlobale","All_modes","38"
"2020-03-26","Kisenso","Nsele","3h","Origin_Zone_Resident","Origin_Zone_Worker","ZoneGlobale","All_modes","742"
"2020-03-26","Kisenso","Selembao","1h","Study_Zone_Resident","Study_Zone_Worker","ZoneGlobale","All_modes","21"
"2020-03-26","Kisenso","Selembao","3h","Outside_Resident","Outside_Worker","ZoneGlobale","All_modes","32"
"2020-03-26","Kisenso","Selembao","3h","Destination_Zone_Resident","Destination_Zone_Worker","ZoneGlobale","All_modes","38"
"2020-03-26","Kisenso","Selembao","3h","Study_Zone_Resident","Study_Zone_Worker","ZoneGlobale","All_modes","45"
"2020-03-26","Kisenso","Sona-Bata","1h","Outside_Resident","Outside_Worker","ZoneGlobale","All_modes","24"
"2020-03-26","Kisenso","Sona-Bata","1h","Destination_Zone_Resident","Destination_Zone_Worker","ZoneGlobale","All_modes","38"
"2020-03-26","Kisenso","Sona-Bata","1h","Study_Zone_Resident","Study_Zone_Worker","ZoneGlobale","All_modes","22"
"2020-03-26","Kisenso","Sona-Bata","1h","Origin_Zone_Resident","Origin_Zone_Worker","ZoneGlobale","All_modes","188"
"2020-03-26","Kisenso","Sona-Bata","3h","Outside_Resident","Outside_Worker","ZoneGlobale","All_modes","71"
"2020-03-26","Kisenso","Sona-Bata","3h","Destination_Zone_Resident","Destination_Zone_Worker","ZoneGlobale","All_modes","24"
"2020-03-26","Kisenso","Sona-Bata","3h","Study_Zone_Resident","Study_Zone_Worker","ZoneGlobale","All_modes","54"
"2020-03-26","Kisenso","Sona-Bata","3h","Origin_Zone_Resident","Study_Zone_Worker","ZoneGlobale","All_modes","50"
"2020-03-26","Kisenso","Sona-Bata","3h","Origin_Zone_Resident","Origin_Zone_Worker","ZoneGlobale","All_modes","383"
"2020-03-26","Kitangwa","Kalonda Ouest","3h","Origin_Zone_Resident","Destination_Zone_Worker","ZoneGlobale","All_modes","305"
"2020-03-26","Kitenda","Tembo","1h","Outside_Resident","Outside_Worker","ZoneGlobale","All_modes","355"
"2020-03-26","Kitenda","Tembo","1h","Destination_Zone_Resident","Destination_Zone_Worker","ZoneGlobale","All_modes","355"
"2020-03-26","Kitenda","Tembo","1h","Origin_Zone_Resident","Origin_Zone_Worker","ZoneGlobale","All_modes","355"
"2020-03-26","Kitenda","Tembo","3h","Outside_Resident","Outside_Worker","ZoneGlobale","All_modes","355"
"2020-03-26","Kitenda","Tembo","3h","Outside_Resident","Origin_Zone_Worker","ZoneGlobale","All_modes","710"
"2020-03-26","Kitenda","Tembo","3h","Origin_Zone_Resident","Origin_Zone_Worker","ZoneGlobale","All_modes","1777"
"2020-03-26","Kitona","Moanda","1h","Outside_Resident","Outside_Worker","ZoneGlobale","All_modes","56"
"2020-03-26","Kitona","Moanda","1h","Outside_Resident","Destination_Zone_Worker","ZoneGlobale","All_modes","27"
"2020-03-26","Kitona","Moanda","1h","Destination_Zone_Resident","Outside_Worker","ZoneGlobale","All_modes","27"
"2020-03-26","Kitona","Moanda","1h","Destination_Zone_Resident","Destination_Zone_Worker","ZoneGlobale","All_modes","361"
"2020-03-26","Kitona","Moanda","1h","Destination_Zone_Resident","Origin_Zone_Worker","ZoneGlobale","All_modes","26"
"2020-03-26","Kitona","Moanda","1h","Study_Zone_Resident","Study_Zone_Worker","ZoneGlobale","All_modes","27"
"2020-03-26","Kitona","Moanda","1h","Study_Zone_Resident","Origin_Zone_Worker","ZoneGlobale","All_modes","44"
"2020-03-26","Kitona","Moanda","1h","Origin_Zone_Resident","Origin_Zone_Worker","ZoneGlobale","All_modes","51"
"2020-03-26","Kitona","Moanda","3h","Outside_Resident","Outside_Worker","ZoneGlobale","All_modes","78"
"2020-03-26","Kitona","Moanda","3h","Outside_Resident","Study_Zone_Worker","ZoneGlobale","All_modes","26"
"2020-03-26","Kitona","Moanda","3h","Outside_Resident","Origin_Zone_Worker","ZoneGlobale","All_modes","27"
"2020-03-26","Kitona","Moanda","3h","Destination_Zone_Resident","Outside_Worker","ZoneGlobale","All_modes","26"
"2020-03-26","Kitona","Moanda","3h","Destination_Zone_Resident","Destination_Zone_Worker","ZoneGlobale","All_modes","551"
"2020-03-26","Kitona","Moanda","3h","Destination_Zone_Resident","Origin_Zone_Worker","ZoneGlobale","All_modes","67"
"2020-03-26","Kitona","Moanda","3h","Study_Zone_Resident","Study_Zone_Worker","ZoneGlobale","All_modes","49"
"2020-03-26","Kitona","Moanda","3h","Study_Zone_Resident","Origin_Zone_Worker","ZoneGlobale","All_modes","44"
"2020-03-26","Kitona","Moanda","3h","Origin_Zone_Resident","Origin_Zone_Worker","ZoneGlobale","All_modes","64"
"2020-03-26","Kokolo","Barumbu","1h","Destination_Zone_Resident","Destination_Zone_Worker","ZoneGlobale","All_modes","134"
"2020-03-26","Kokolo","Barumbu","1h","Destination_Zone_Resident","Study_Zone_Worker","ZoneGlobale","All_modes","51"
"2020-03-26","Kokolo","Barumbu","1h","Study_Zone_Resident","Study_Zone_Worker","ZoneGlobale","All_modes","32"
"2020-03-26","Kokolo","Barumbu","3h","Outside_Resident","Outside_Worker","ZoneGlobale","All_modes","35"
"2020-03-26","Kokolo","Barumbu","3h","Destination_Zone_Resident","Outside_Worker","ZoneGlobale","All_modes","23"
"2020-03-26","Kokolo","Barumbu","3h","Destination_Zone_Resident","Destination_Zone_Worker","ZoneGlobale","All_modes","250"
"2020-03-26","Kokolo","Barumbu","3h","Destination_Zone_Resident","Study_Zone_Worker","ZoneGlobale","All_modes","65"
"2020-03-26","Kokolo","Barumbu","3h","Destination_Zone_Resident","Origin_Zone_Worker","ZoneGlobale","All_modes","21"
"2020-03-26","Kokolo","Barumbu","3h","Study_Zone_Resident","Study_Zone_Worker","ZoneGlobale","All_modes","45"
"2020-03-26","Kokolo","Barumbu","3h","Origin_Zone_Resident","Origin_Zone_Worker","ZoneGlobale","All_modes","30"
"2020-03-26","Kokolo","Binza Meteo","1h","Outside_Resident","Outside_Worker","ZoneGlobale","All_modes","513"
"2020-03-26","Kokolo","Binza Meteo","1h","Outside_Resident","Destination_Zone_Worker","ZoneGlobale","All_modes","98"
"2020-03-26","Kokolo","Binza Meteo","1h","Outside_Resident","Study_Zone_Worker","ZoneGlobale","All_modes","55"
"2020-03-26","Kokolo","Binza Meteo","1h","Outside_Resident","Origin_Zone_Worker","ZoneGlobale","All_modes","105"
"2020-03-26","Kokolo","Binza Meteo","1h","Destination_Zone_Resident","Outside_Worker","ZoneGlobale","All_modes","113"
"2020-03-26","Kokolo","Binza Meteo","1h","Destination_Zone_Resident","Destination_Zone_Worker","ZoneGlobale","All_modes","1312"
"2020-03-26","Kokolo","Binza Meteo","1h","Destination_Zone_Resident","Study_Zone_Worker","ZoneGlobale","All_modes","325"
"2020-03-26","Kokolo","Binza Meteo","1h","Destination_Zone_Resident","Origin_Zone_Worker","ZoneGlobale","All_modes","280"
"2020-03-26","Kokolo","Binza Meteo","1h","Study_Zone_Resident","Destination_Zone_Worker","ZoneGlobale","All_modes","95"
"2020-03-26","Kokolo","Binza Meteo","1h","Study_Zone_Resident","Study_Zone_Worker","ZoneGlobale","All_modes","462"
"2020-03-26","Kokolo","Binza Meteo","1h","Study_Zone_Resident","Origin_Zone_Worker","ZoneGlobale","All_modes","36"
"2020-03-26","Kokolo","Binza Meteo","1h","Origin_Zone_Resident","Outside_Worker","ZoneGlobale","All_modes","24"
"2020-03-26","Kokolo","Binza Meteo","1h","Origin_Zone_Resident","Destination_Zone_Worker","ZoneGlobale","All_modes","32"
"2020-03-26","Kokolo","Binza Meteo","1h","Origin_Zone_Resident","Study_Zone_Worker","ZoneGlobale","All_modes","112"
"2020-03-26","Kokolo","Binza Meteo","1h","Origin_Zone_Resident","Origin_Zone_Worker","ZoneGlobale","All_modes","815"
"2020-03-26","Kokolo","Binza Meteo","3h","Outside_Resident","Outside_Worker","ZoneGlobale","All_modes","845"
"2020-03-26","Kokolo","Binza Meteo","3h","Outside_Resident","Destination_Zone_Worker","ZoneGlobale","All_modes","213"
"2020-03-26","Kokolo","Binza Meteo","3h","Outside_Resident","Study_Zone_Worker","ZoneGlobale","All_modes","142"
"2020-03-26","Kokolo","Binza Meteo","3h","Outside_Resident","Origin_Zone_Worker","ZoneGlobale","All_modes","359"
"2020-03-26","Kokolo","Binza Meteo","3h","Destination_Zone_Resident","Outside_Worker","ZoneGlobale","All_modes","148"
"2020-03-26","Kokolo","Binza Meteo","3h","Destination_Zone_Resident","Destination_Zone_Worker","ZoneGlobale","All_modes","1369"
"2020-03-26","Kokolo","Binza Meteo","3h","Destination_Zone_Resident","Study_Zone_Worker","ZoneGlobale","All_modes","240"
"2020-03-26","Kokolo","Binza Meteo","3h","Destination_Zone_Resident","Origin_Zone_Worker","ZoneGlobale","All_modes","639"
"2020-03-26","Kokolo","Binza Meteo","3h","Study_Zone_Resident","Outside_Worker","ZoneGlobale","All_modes","38"
"2020-03-26","Kokolo","Binza Meteo","3h","Study_Zone_Resident","Destination_Zone_Worker","ZoneGlobale","All_modes","100"
"2020-03-26","Kokolo","Binza Meteo","3h","Study_Zone_Resident","Study_Zone_Worker","ZoneGlobale","All_modes","406"
"2020-03-26","Kokolo","Binza Meteo","3h","Study_Zone_Resident","Origin_Zone_Worker","ZoneGlobale","All_modes","217"
"2020-03-26","Kokolo","Binza Meteo","3h","Origin_Zone_Resident","Outside_Worker","ZoneGlobale","All_modes","59"
"2020-03-26","Kokolo","Binza Meteo","3h","Origin_Zone_Resident","Destination_Zone_Worker","ZoneGlobale","All_modes","146"
"2020-03-26","Kokolo","Binza Meteo","3h","Origin_Zone_Resident","Study_Zone_Worker","ZoneGlobale","All_modes","181"
"2020-03-26","Kokolo","Binza Meteo","3h","Origin_Zone_Resident","Origin_Zone_Worker","ZoneGlobale","All_modes","1438"
"2020-03-26","Kokolo","Binza Ozone","1h","Outside_Resident","Outside_Worker","ZoneGlobale","All_modes","68"
"2020-03-26","Kokolo","Binza Ozone","1h","Destination_Zone_Resident","Outside_Worker","ZoneGlobale","All_modes","26"
"2020-03-26","Kokolo","Binza Ozone","1h","Destination_Zone_Resident","Destination_Zone_Worker","ZoneGlobale","All_modes","392"
"2020-03-26","Kokolo","Binza Ozone","1h","Destination_Zone_Resident","Study_Zone_Worker","ZoneGlobale","All_modes","167"
"2020-03-26","Kokolo","Binza Ozone","1h","Destination_Zone_Resident","Origin_Zone_Worker","ZoneGlobale","All_modes","157"
"2020-03-26","Kokolo","Binza Ozone","1h","Study_Zone_Resident","Study_Zone_Worker","ZoneGlobale","All_modes","63"
"2020-03-26","Kokolo","Binza Ozone","1h","Origin_Zone_Resident","Origin_Zone_Worker","ZoneGlobale","All_modes","52"
"2020-03-26","Kokolo","Binza Ozone","3h","Outside_Resident","Outside_Worker","ZoneGlobale","All_modes","164"
"2020-03-26","Kokolo","Binza Ozone","3h","Outside_Resident","Study_Zone_Worker","ZoneGlobale","All_modes","40"
"2020-03-26","Kokolo","Binza Ozone","3h","Outside_Resident","Origin_Zone_Worker","ZoneGlobale","All_modes","53"
"2020-03-26","Kokolo","Binza Ozone","3h","Destination_Zone_Resident","Outside_Worker","ZoneGlobale","All_modes","47"
"2020-03-26","Kokolo","Binza Ozone","3h","Destination_Zone_Resident","Destination_Zone_Worker","ZoneGlobale","All_modes","515"
"2020-03-26","Kokolo","Binza Ozone","3h","Destination_Zone_Resident","Study_Zone_Worker","ZoneGlobale","All_modes","103"
"2020-03-26","Kokolo","Binza Ozone","3h","Destination_Zone_Resident","Origin_Zone_Worker","ZoneGlobale","All_modes","296"
"2020-03-26","Kokolo","Binza Ozone","3h","Study_Zone_Resident","Destination_Zone_Worker","ZoneGlobale","All_modes","32"
"2020-03-26","Kokolo","Binza Ozone","3h","Study_Zone_Resident","Study_Zone_Worker","ZoneGlobale","All_modes","92"
"2020-03-26","Kokolo","Binza Ozone","3h","Study_Zone_Resident","Origin_Zone_Worker","ZoneGlobale","All_modes","27"
"2020-03-26","Kokolo","Binza Ozone","3h","Origin_Zone_Resident","Origin_Zone_Worker","ZoneGlobale","All_modes","92"
"2020-03-26","Kokolo","Bumbu","1h","Outside_Resident","Outside_Worker","ZoneGlobale","All_modes","278"
"2020-03-26","Kokolo","Bumbu","1h","Outside_Resident","Destination_Zone_Worker","ZoneGlobale","All_modes","72"
"2020-03-26","Kokolo","Bumbu","1h","Outside_Resident","Origin_Zone_Worker","ZoneGlobale","All_modes","81"
"2020-03-26","Kokolo","Bumbu","1h","Destination_Zone_Resident","Outside_Worker","ZoneGlobale","All_modes","71"
"2020-03-26","Kokolo","Bumbu","1h","Destination_Zone_Resident","Destination_Zone_Worker","ZoneGlobale","All_modes","733"
"2020-03-26","Kokolo","Bumbu","1h","Destination_Zone_Resident","Study_Zone_Worker","ZoneGlobale","All_modes","263"
"2020-03-26","Kokolo","Bumbu","1h","Destination_Zone_Resident","Origin_Zone_Worker","ZoneGlobale","All_modes","281"
"2020-03-26","Kokolo","Bumbu","1h","Study_Zone_Resident","Destination_Zone_Worker","ZoneGlobale","All_modes","27"
"2020-03-26","Kokolo","Bumbu","1h","Study_Zone_Resident","Study_Zone_Worker","ZoneGlobale","All_modes","188"
"2020-03-26","Kokolo","Bumbu","1h","Study_Zone_Resident","Origin_Zone_Worker","ZoneGlobale","All_modes","75"
"2020-03-26","Kokolo","Bumbu","1h","Origin_Zone_Resident","Outside_Worker","ZoneGlobale","All_modes","27"
"2020-03-26","Kokolo","Bumbu","1h","Origin_Zone_Resident","Study_Zone_Worker","ZoneGlobale","All_modes","58"
"2020-03-26","Kokolo","Bumbu","1h","Origin_Zone_Resident","Origin_Zone_Worker","ZoneGlobale","All_modes","270"
"2020-03-26","Kokolo","Bumbu","3h","Outside_Resident","Outside_Worker","ZoneGlobale","All_modes","529"
"2020-03-26","Kokolo","Bumbu","3h","Outside_Resident","Destination_Zone_Worker","ZoneGlobale","All_modes","73"
"2020-03-26","Kokolo","Bumbu","3h","Outside_Resident","Study_Zone_Worker","ZoneGlobale","All_modes","100"
"2020-03-26","Kokolo","Bumbu","3h","Outside_Resident","Origin_Zone_Worker","ZoneGlobale","All_modes","199"
"2020-03-26","Kokolo","Bumbu","3h","Destination_Zone_Resident","Outside_Worker","ZoneGlobale","All_modes","125"
"2020-03-26","Kokolo","Bumbu","3h","Destination_Zone_Resident","Destination_Zone_Worker","ZoneGlobale","All_modes","712"
"2020-03-26","Kokolo","Bumbu","3h","Destination_Zone_Resident","Study_Zone_Worker","ZoneGlobale","All_modes","270"
"2020-03-26","Kokolo","Bumbu","3h","Destination_Zone_Resident","Origin_Zone_Worker","ZoneGlobale","All_modes","662"
"2020-03-26","Kokolo","Bumbu","3h","Study_Zone_Resident","Outside_Worker","ZoneGlobale","All_modes","36"
"2020-03-26","Kokolo","Bumbu","3h","Study_Zone_Resident","Destination_Zone_Worker","ZoneGlobale","All_modes","82"
"2020-03-26","Kokolo","Bumbu","3h","Study_Zone_Resident","Study_Zone_Worker","ZoneGlobale","All_modes","484"
"2020-03-26","Kokolo","Bumbu","3h","Study_Zone_Resident","Origin_Zone_Worker","ZoneGlobale","All_modes","162"
"2020-03-26","Kokolo","Bumbu","3h","Origin_Zone_Resident","Outside_Worker","ZoneGlobale","All_modes","40"
"2020-03-26","Kokolo","Bumbu","3h","Origin_Zone_Resident","Destination_Zone_Worker","ZoneGlobale","All_modes","36"
"2020-03-26","Kokolo","Bumbu","3h","Origin_Zone_Resident","Study_Zone_Worker","ZoneGlobale","All_modes","60"
"2020-03-26","Kokolo","Bumbu","3h","Origin_Zone_Resident","Origin_Zone_Worker","ZoneGlobale","All_modes","399"
"2020-03-26","Kokolo","Gombe","1h","Outside_Resident","Outside_Worker","ZoneGlobale","All_modes","126"
"2020-03-26","Kokolo","Gombe","1h","Outside_Resident","Destination_Zone_Worker","ZoneGlobale","All_modes","35"
"2020-03-26","Kokolo","Gombe","1h","Outside_Resident","Origin_Zone_Worker","ZoneGlobale","All_modes","32"
"2020-03-26","Kokolo","Gombe","1h","Destination_Zone_Resident","Outside_Worker","ZoneGlobale","All_modes","35"
"2020-03-26","Kokolo","Gombe","1h","Destination_Zone_Resident","Destination_Zone_Worker","ZoneGlobale","All_modes","412"
"2020-03-26","Kokolo","Gombe","1h","Destination_Zone_Resident","Study_Zone_Worker","ZoneGlobale","All_modes","27"
"2020-03-26","Kokolo","Gombe","1h","Study_Zone_Resident","Study_Zone_Worker","ZoneGlobale","All_modes","116"
"2020-03-26","Kokolo","Gombe","1h","Origin_Zone_Resident","Destination_Zone_Worker","ZoneGlobale","All_modes","24"
"2020-03-26","Kokolo","Gombe","1h","Origin_Zone_Resident","Study_Zone_Worker","ZoneGlobale","All_modes","22"
"2020-03-26","Kokolo","Gombe","1h","Origin_Zone_Resident","Origin_Zone_Worker","ZoneGlobale","All_modes","167"
"2020-03-26","Kokolo","Gombe","3h","Outside_Resident","Outside_Worker","ZoneGlobale","All_modes","283"
"2020-03-26","Kokolo","Gombe","3h","Outside_Resident","Destination_Zone_Worker","ZoneGlobale","All_modes","106"
"2020-03-26","Kokolo","Gombe","3h","Outside_Resident","Study_Zone_Worker","ZoneGlobale","All_modes","23"
"2020-03-26","Kokolo","Gombe","3h","Outside_Resident","Origin_Zone_Worker","ZoneGlobale","All_modes","139"
"2020-03-26","Kokolo","Gombe","3h","Destination_Zone_Resident","Outside_Worker","ZoneGlobale","All_modes","26"
"2020-03-26","Kokolo","Gombe","3h","Destination_Zone_Resident","Destination_Zone_Worker","ZoneGlobale","All_modes","276"
"2020-03-26","Kokolo","Gombe","3h","Destination_Zone_Resident","Study_Zone_Worker","ZoneGlobale","All_modes","52"
"2020-03-26","Kokolo","Gombe","3h","Destination_Zone_Resident","Origin_Zone_Worker","ZoneGlobale","All_modes","59"
"2020-03-26","Kokolo","Gombe","3h","Study_Zone_Resident","Destination_Zone_Worker","ZoneGlobale","All_modes","33"
"2020-03-26","Kokolo","Gombe","3h","Study_Zone_Resident","Study_Zone_Worker","ZoneGlobale","All_modes","65"
"2020-03-26","Kokolo","Gombe","3h","Study_Zone_Resident","Origin_Zone_Worker","ZoneGlobale","All_modes","36"
"2020-03-26","Kokolo","Gombe","3h","Origin_Zone_Resident","Destination_Zone_Worker","ZoneGlobale","All_modes","51"
"2020-03-26","Kokolo","Gombe","3h","Origin_Zone_Resident","Study_Zone_Worker","ZoneGlobale","All_modes","37"
"2020-03-26","Kokolo","Gombe","3h","Origin_Zone_Resident","Origin_Zone_Worker","ZoneGlobale","All_modes","426"
"2020-03-26","Kokolo","Kalamu I","1h","Outside_Resident","Outside_Worker","ZoneGlobale","All_modes","34"
"2020-03-26","Kokolo","Kalamu I","1h","Outside_Resident","Destination_Zone_Worker","ZoneGlobale","All_modes","35"
"2020-03-26","Kokolo","Kalamu I","1h","Outside_Resident","Study_Zone_Worker","ZoneGlobale","All_modes","24"
"2020-03-26","Kokolo","Kalamu I","1h","Destination_Zone_Resident","Destination_Zone_Worker","ZoneGlobale","All_modes","252"
"2020-03-26","Kokolo","Kalamu I","1h","Destination_Zone_Resident","Study_Zone_Worker","ZoneGlobale","All_modes","63"
"2020-03-26","Kokolo","Kalamu I","1h","Destination_Zone_Resident","Origin_Zone_Worker","ZoneGlobale","All_modes","102"
"2020-03-26","Kokolo","Kalamu I","1h","Study_Zone_Resident","Study_Zone_Worker","ZoneGlobale","All_modes","38"
"2020-03-26","Kokolo","Kalamu I","1h","Study_Zone_Resident","Origin_Zone_Worker","ZoneGlobale","All_modes","23"
"2020-03-26","Kokolo","Kalamu I","1h","Origin_Zone_Resident","Origin_Zone_Worker","ZoneGlobale","All_modes","53"
"2020-03-26","Kokolo","Kalamu I","3h","Outside_Resident","Outside_Worker","ZoneGlobale","All_modes","157"
"2020-03-26","Kokolo","Kalamu I","3h","Outside_Resident","Destination_Zone_Worker","ZoneGlobale","All_modes","35"
"2020-03-26","Kokolo","Kalamu I","3h","Outside_Resident","Origin_Zone_Worker","ZoneGlobale","All_modes","64"
"2020-03-26","Kokolo","Kalamu I","3h","Destination_Zone_Resident","Outside_Worker","ZoneGlobale","All_modes","22"
"2020-03-26","Kokolo","Kalamu I","3h","Destination_Zone_Resident","Destination_Zone_Worker","ZoneGlobale","All_modes","272"
"2020-03-26","Kokolo","Kalamu I","3h","Destination_Zone_Resident","Study_Zone_Worker","ZoneGlobale","All_modes","101"
"2020-03-26","Kokolo","Kalamu I","3h","Destination_Zone_Resident","Origin_Zone_Worker","ZoneGlobale","All_modes","151"
"2020-03-26","Kokolo","Kalamu I","3h","Study_Zone_Resident","Destination_Zone_Worker","ZoneGlobale","All_modes","24"
"2020-03-26","Kokolo","Kalamu I","3h","Study_Zone_Resident","Study_Zone_Worker","ZoneGlobale","All_modes","116"
"2020-03-26","Kokolo","Kalamu I","3h","Origin_Zone_Resident","Origin_Zone_Worker","ZoneGlobale","All_modes","63"
"2020-03-26","Kokolo","Kalamu II","1h","Outside_Resident","Outside_Worker","ZoneGlobale","All_modes","31"
"2020-03-26","Kokolo","Kalamu II","1h","Destination_Zone_Resident","Destination_Zone_Worker","ZoneGlobale","All_modes","239"
"2020-03-26","Kokolo","Kalamu II","1h","Destination_Zone_Resident","Study_Zone_Worker","ZoneGlobale","All_modes","39"
"2020-03-26","Kokolo","Kalamu II","1h","Destination_Zone_Resident","Origin_Zone_Worker","ZoneGlobale","All_modes","80"
"2020-03-26","Kokolo","Kalamu II","1h","Study_Zone_Resident","Study_Zone_Worker","ZoneGlobale","All_modes","138"
"2020-03-26","Kokolo","Kalamu II","1h","Origin_Zone_Resident","Origin_Zone_Worker","ZoneGlobale","All_modes","33"
"2020-03-26","Kokolo","Kalamu II","3h","Outside_Resident","Outside_Worker","ZoneGlobale","All_modes","121"
"2020-03-26","Kokolo","Kalamu II","3h","Outside_Resident","Origin_Zone_Worker","ZoneGlobale","All_modes","24"
"2020-03-26","Kokolo","Kalamu II","3h","Destination_Zone_Resident","Destination_Zone_Worker","ZoneGlobale","All_modes","218"
"2020-03-26","Kokolo","Kalamu II","3h","Destination_Zone_Resident","Study_Zone_Worker","ZoneGlobale","All_modes","50"
"2020-03-26","Kokolo","Kalamu II","3h","Destination_Zone_Resident","Origin_Zone_Worker","ZoneGlobale","All_modes","156"
"2020-03-26","Kokolo","Kalamu II","3h","Study_Zone_Resident","Study_Zone_Worker","ZoneGlobale","All_modes","65"
"2020-03-26","Kokolo","Kalamu II","3h","Study_Zone_Resident","Origin_Zone_Worker","ZoneGlobale","All_modes","33"
"2020-03-26","Kokolo","Kalamu II","3h","Origin_Zone_Resident","Origin_Zone_Worker","ZoneGlobale","All_modes","58"
"2020-03-26","Kokolo","Kasa-Vubu","1h","Outside_Resident","Outside_Worker","ZoneGlobale","All_modes","133"
"2020-03-26","Kokolo","Kasa-Vubu","1h","Outside_Resident","Destination_Zone_Worker","ZoneGlobale","All_modes","55"
"2020-03-26","Kokolo","Kasa-Vubu","1h","Outside_Resident","Study_Zone_Worker","ZoneGlobale","All_modes","44"
"2020-03-26","Kokolo","Kasa-Vubu","1h","Destination_Zone_Resident","Outside_Worker","ZoneGlobale","All_modes","27"
"2020-03-26","Kokolo","Kasa-Vubu","1h","Destination_Zone_Resident","Destination_Zone_Worker","ZoneGlobale","All_modes","412"
"2020-03-26","Kokolo","Kasa-Vubu","1h","Destination_Zone_Resident","Study_Zone_Worker","ZoneGlobale","All_modes","46"
"2020-03-26","Kokolo","Kasa-Vubu","1h","Destination_Zone_Resident","Origin_Zone_Worker","ZoneGlobale","All_modes","36"
"2020-03-26","Kokolo","Kasa-Vubu","1h","Study_Zone_Resident","Study_Zone_Worker","ZoneGlobale","All_modes","98"
"2020-03-26","Kokolo","Kasa-Vubu","1h","Origin_Zone_Resident","Origin_Zone_Worker","ZoneGlobale","All_modes","163"
"2020-03-26","Kokolo","Kasa-Vubu","3h","Outside_Resident","Outside_Worker","ZoneGlobale","All_modes","252"
"2020-03-26","Kokolo","Kasa-Vubu","3h","Outside_Resident","Destination_Zone_Worker","ZoneGlobale","All_modes","46"
"2020-03-26","Kokolo","Kasa-Vubu","3h","Outside_Resident","Study_Zone_Worker","ZoneGlobale","All_modes","82"
"2020-03-26","Kokolo","Kasa-Vubu","3h","Outside_Resident","Origin_Zone_Worker","ZoneGlobale","All_modes","63"
"2020-03-26","Kokolo","Kasa-Vubu","3h","Destination_Zone_Resident","Destination_Zone_Worker","ZoneGlobale","All_modes","511"
"2020-03-26","Kokolo","Kasa-Vubu","3h","Destination_Zone_Resident","Study_Zone_Worker","ZoneGlobale","All_modes","67"
"2020-03-26","Kokolo","Kasa-Vubu","3h","Destination_Zone_Resident","Origin_Zone_Worker","ZoneGlobale","All_modes","183"
"2020-03-26","Kokolo","Kasa-Vubu","3h","Study_Zone_Resident","Study_Zone_Worker","ZoneGlobale","All_modes","158"
"2020-03-26","Kokolo","Kasa-Vubu","3h","Study_Zone_Resident","Origin_Zone_Worker","ZoneGlobale","All_modes","27"
"2020-03-26","Kokolo","Kasa-Vubu","3h","Origin_Zone_Resident","Study_Zone_Worker","ZoneGlobale","All_modes","27"
"2020-03-26","Kokolo","Kasa-Vubu","3h","Origin_Zone_Resident","Origin_Zone_Worker","ZoneGlobale","All_modes","267"
"2020-03-26","Kokolo","Kikimi","3h","Outside_Resident","Outside_Worker","ZoneGlobale","All_modes","58"
"2020-03-26","Kokolo","Kimbanseke","1h","Outside_Resident","Outside_Worker","ZoneGlobale","All_modes","22"
"2020-03-26","Kokolo","Kimbanseke","1h","Destination_Zone_Resident","Outside_Worker","ZoneGlobale","All_modes","24"
"2020-03-26","Kokolo","Kimbanseke","1h","Destination_Zone_Resident","Destination_Zone_Worker","ZoneGlobale","All_modes","30"
"2020-03-26","Kokolo","Kimbanseke","1h","Destination_Zone_Resident","Study_Zone_Worker","ZoneGlobale","All_modes","27"
"2020-03-26","Kokolo","Kimbanseke","3h","Outside_Resident","Outside_Worker","ZoneGlobale","All_modes","29"
"2020-03-26","Kokolo","Kimbanseke","3h","Destination_Zone_Resident","Destination_Zone_Worker","ZoneGlobale","All_modes","44"
"2020-03-26","Kokolo","Kimbanseke","3h","Destination_Zone_Resident","Study_Zone_Worker","ZoneGlobale","All_modes","63"
"2020-03-26","Kokolo","Kimbanseke","3h","Destination_Zone_Resident","Origin_Zone_Worker","ZoneGlobale","All_modes","37"
"2020-03-26","Kokolo","Kingabwa","1h","Destination_Zone_Resident","Destination_Zone_Worker","ZoneGlobale","All_modes","52"
"2020-03-26","Kokolo","Kingabwa","1h","Destination_Zone_Resident","Origin_Zone_Worker","ZoneGlobale","All_modes","22"
"2020-03-26","Kokolo","Kingabwa","1h","Study_Zone_Resident","Study_Zone_Worker","ZoneGlobale","All_modes","22"
"2020-03-26","Kokolo","Kingabwa","1h","Origin_Zone_Resident","Origin_Zone_Worker","ZoneGlobale","All_modes","27"
"2020-03-26","Kokolo","Kingabwa","3h","Outside_Resident","Outside_Worker","ZoneGlobale","All_modes","26"
"2020-03-26","Kokolo","Kingabwa","3h","Destination_Zone_Resident","Destination_Zone_Worker","ZoneGlobale","All_modes","101"
"2020-03-26","Kokolo","Kingabwa","3h","Destination_Zone_Resident","Study_Zone_Worker","ZoneGlobale","All_modes","22"
"2020-03-26","Kokolo","Kingabwa","3h","Destination_Zone_Resident","Origin_Zone_Worker","ZoneGlobale","All_modes","36"
"2020-03-26","Kokolo","Kingabwa","3h","Study_Zone_Resident","Study_Zone_Worker","ZoneGlobale","All_modes","22"
"2020-03-26","Kokolo","Kingabwa","3h","Origin_Zone_Resident","Origin_Zone_Worker","ZoneGlobale","All_modes","24"
"2020-03-26","Kokolo","Kinshasa","1h","Outside_Resident","Outside_Worker","ZoneGlobale","All_modes","60"
"2020-03-26","Kokolo","Kinshasa","1h","Outside_Resident","Study_Zone_Worker","ZoneGlobale","All_modes","22"
"2020-03-26","Kokolo","Kinshasa","1h","Destination_Zone_Resident","Destination_Zone_Worker","ZoneGlobale","All_modes","126"
"2020-03-26","Kokolo","Kinshasa","1h","Destination_Zone_Resident","Origin_Zone_Worker","ZoneGlobale","All_modes","35"
"2020-03-26","Kokolo","Kinshasa","1h","Study_Zone_Resident","Study_Zone_Worker","ZoneGlobale","All_modes","42"
"2020-03-26","Kokolo","Kinshasa","1h","Origin_Zone_Resident","Origin_Zone_Worker","ZoneGlobale","All_modes","50"
"2020-03-26","Kokolo","Kinshasa","3h","Outside_Resident","Outside_Worker","ZoneGlobale","All_modes","150"
"2020-03-26","Kokolo","Kinshasa","3h","Destination_Zone_Resident","Destination_Zone_Worker","ZoneGlobale","All_modes","196"
"2020-03-26","Kokolo","Kinshasa","3h","Destination_Zone_Resident","Study_Zone_Worker","ZoneGlobale","All_modes","88"
"2020-03-26","Kokolo","Kinshasa","3h","Destination_Zone_Resident","Origin_Zone_Worker","ZoneGlobale","All_modes","64"
"2020-03-26","Kokolo","Kinshasa","3h","Study_Zone_Resident","Study_Zone_Worker","ZoneGlobale","All_modes","44"
"2020-03-26","Kokolo","Kinshasa","3h","Origin_Zone_Resident","Origin_Zone_Worker","ZoneGlobale","All_modes","114"
"2020-03-26","Kokolo","Kintambo","1h","Outside_Resident","Outside_Worker","ZoneGlobale","All_modes","415"
"2020-03-26","Kokolo","Kintambo","1h","Outside_Resident","Destination_Zone_Worker","ZoneGlobale","All_modes","135"
"2020-03-26","Kokolo","Kintambo","1h","Outside_Resident","Study_Zone_Worker","ZoneGlobale","All_modes","97"
"2020-03-26","Kokolo","Kintambo","1h","Outside_Resident","Origin_Zone_Worker","ZoneGlobale","All_modes","100"
"2020-03-26","Kokolo","Kintambo","1h","Destination_Zone_Resident","Outside_Worker","ZoneGlobale","All_modes","48"
"2020-03-26","Kokolo","Kintambo","1h","Destination_Zone_Resident","Destination_Zone_Worker","ZoneGlobale","All_modes","1710"
"2020-03-26","Kokolo","Kintambo","1h","Destination_Zone_Resident","Study_Zone_Worker","ZoneGlobale","All_modes","289"
"2020-03-26","Kokolo","Kintambo","1h","Destination_Zone_Resident","Origin_Zone_Worker","ZoneGlobale","All_modes","395"
"2020-03-26","Kokolo","Kintambo","1h","Study_Zone_Resident","Destination_Zone_Worker","ZoneGlobale","All_modes","40"
"2020-03-26","Kokolo","Kintambo","1h","Study_Zone_Resident","Study_Zone_Worker","ZoneGlobale","All_modes","291"
"2020-03-26","Kokolo","Kintambo","1h","Study_Zone_Resident","Origin_Zone_Worker","ZoneGlobale","All_modes","24"
"2020-03-26","Kokolo","Kintambo","1h","Origin_Zone_Resident","Outside_Worker","ZoneGlobale","All_modes","22"
"2020-03-26","Kokolo","Kintambo","1h","Origin_Zone_Resident","Destination_Zone_Worker","ZoneGlobale","All_modes","124"
"2020-03-26","Kokolo","Kintambo","1h","Origin_Zone_Resident","Study_Zone_Worker","ZoneGlobale","All_modes","85"
"2020-03-26","Kokolo","Kintambo","1h","Origin_Zone_Resident","Origin_Zone_Worker","ZoneGlobale","All_modes","1578"
"2020-03-26","Kokolo","Kintambo","3h","Outside_Resident","Outside_Worker","ZoneGlobale","All_modes","850"
"2020-03-26","Kokolo","Kintambo","3h","Outside_Resident","Destination_Zone_Worker","ZoneGlobale","All_modes","234"
"2020-03-26","Kokolo","Kintambo","3h","Outside_Resident","Study_Zone_Worker","ZoneGlobale","All_modes","126"
"2020-03-26","Kokolo","Kintambo","3h","Outside_Resident","Origin_Zone_Worker","ZoneGlobale","All_modes","393"
"2020-03-26","Kokolo","Kintambo","3h","Destination_Zone_Resident","Outside_Worker","ZoneGlobale","All_modes","54"
"2020-03-26","Kokolo","Kintambo","3h","Destination_Zone_Resident","Destination_Zone_Worker","ZoneGlobale","All_modes","1739"
"2020-03-26","Kokolo","Kintambo","3h","Destination_Zone_Resident","Study_Zone_Worker","ZoneGlobale","All_modes","340"
"2020-03-26","Kokolo","Kintambo","3h","Destination_Zone_Resident","Origin_Zone_Worker","ZoneGlobale","All_modes","762"
"2020-03-26","Kokolo","Kintambo","3h","Study_Zone_Resident","Outside_Worker","ZoneGlobale","All_modes","56"
"2020-03-26","Kokolo","Kintambo","3h","Study_Zone_Resident","Study_Zone_Worker","ZoneGlobale","All_modes","345"
"2020-03-26","Kokolo","Kintambo","3h","Study_Zone_Resident","Origin_Zone_Worker","ZoneGlobale","All_modes","117"
"2020-03-26","Kokolo","Kintambo","3h","Origin_Zone_Resident","Outside_Worker","ZoneGlobale","All_modes","117"
"2020-03-26","Kokolo","Kintambo","3h","Origin_Zone_Resident","Destination_Zone_Worker","ZoneGlobale","All_modes","128"
"2020-03-26","Kokolo","Kintambo","3h","Origin_Zone_Resident","Study_Zone_Worker","ZoneGlobale","All_modes","165"
"2020-03-26","Kokolo","Kintambo","3h","Origin_Zone_Resident","Origin_Zone_Worker","ZoneGlobale","All_modes","2210"
"2020-03-26","Kokolo","Kisenso","1h","Destination_Zone_Resident","Destination_Zone_Worker","ZoneGlobale","All_modes","45"
"2020-03-26","Kokolo","Kisenso","3h","Outside_Resident","Origin_Zone_Worker","ZoneGlobale","All_modes","27"
"2020-03-26","Kokolo","Kisenso","3h","Destination_Zone_Resident","Outside_Worker","ZoneGlobale","All_modes","23"
"2020-03-26","Kokolo","Kisenso","3h","Destination_Zone_Resident","Destination_Zone_Worker","ZoneGlobale","All_modes","98"
"2020-03-26","Kokolo","Kisenso","3h","Destination_Zone_Resident","Study_Zone_Worker","ZoneGlobale","All_modes","22"
"2020-03-26","Kokolo","Lemba","1h","Outside_Resident","Outside_Worker","ZoneGlobale","All_modes","84"
"2020-03-26","Kokolo","Lemba","1h","Outside_Resident","Destination_Zone_Worker","ZoneGlobale","All_modes","22"
"2020-03-26","Kokolo","Lemba","1h","Destination_Zone_Resident","Destination_Zone_Worker","ZoneGlobale","All_modes","131"
"2020-03-26","Kokolo","Lemba","1h","Destination_Zone_Resident","Study_Zone_Worker","ZoneGlobale","All_modes","81"
"2020-03-26","Kokolo","Lemba","1h","Study_Zone_Resident","Study_Zone_Worker","ZoneGlobale","All_modes","23"
"2020-03-26","Kokolo","Lemba","3h","Outside_Resident","Outside_Worker","ZoneGlobale","All_modes","96"
"2020-03-26","Kokolo","Lemba","3h","Destination_Zone_Resident","Destination_Zone_Worker","ZoneGlobale","All_modes","251"
"2020-03-26","Kokolo","Lemba","3h","Destination_Zone_Resident","Study_Zone_Worker","ZoneGlobale","All_modes","131"
"2020-03-26","Kokolo","Lemba","3h","Destination_Zone_Resident","Origin_Zone_Worker","ZoneGlobale","All_modes","55"
"2020-03-26","Kokolo","Lemba","3h","Study_Zone_Resident","Study_Zone_Worker","ZoneGlobale","All_modes","38"
"2020-03-26","Kokolo","Lemba","3h","Origin_Zone_Resident","Origin_Zone_Worker","ZoneGlobale","All_modes","33"
"2020-03-26","Kokolo","Limete","1h","Destination_Zone_Resident","Destination_Zone_Worker","ZoneGlobale","All_modes","191"
"2020-03-26","Kokolo","Limete","1h","Destination_Zone_Resident","Study_Zone_Worker","ZoneGlobale","All_modes","33"
"2020-03-26","Kokolo","Limete","1h","Destination_Zone_Resident","Origin_Zone_Worker","ZoneGlobale","All_modes","47"
"2020-03-26","Kokolo","Limete","1h","Study_Zone_Resident","Study_Zone_Worker","ZoneGlobale","All_modes","87"
"2020-03-26","Kokolo","Limete","1h","Origin_Zone_Resident","Study_Zone_Worker","ZoneGlobale","All_modes","27"
"2020-03-26","Kokolo","Limete","1h","Origin_Zone_Resident","Origin_Zone_Worker","ZoneGlobale","All_modes","47"
"2020-03-26","Kokolo","Limete","3h","Outside_Resident","Outside_Worker","ZoneGlobale","All_modes","61"
"2020-03-26","Kokolo","Limete","3h","Outside_Resident","Destination_Zone_Worker","ZoneGlobale","All_modes","60"
"2020-03-26","Kokolo","Limete","3h","Outside_Resident","Study_Zone_Worker","ZoneGlobale","All_modes","25"
"2020-03-26","Kokolo","Limete","3h","Destination_Zone_Resident","Destination_Zone_Worker","ZoneGlobale","All_modes","272"
"2020-03-26","Kokolo","Limete","3h","Destination_Zone_Resident","Study_Zone_Worker","ZoneGlobale","All_modes","83"
"2020-03-26","Kokolo","Limete","3h","Destination_Zone_Resident","Origin_Zone_Worker","ZoneGlobale","All_modes","117"
"2020-03-26","Kokolo","Limete","3h","Study_Zone_Resident","Study_Zone_Worker","ZoneGlobale","All_modes","70"
"2020-03-26","Kokolo","Limete","3h","Study_Zone_Resident","Origin_Zone_Worker","ZoneGlobale","All_modes","65"
"2020-03-26","Kokolo","Limete","3h","Origin_Zone_Resident","Origin_Zone_Worker","ZoneGlobale","All_modes","27"
"2020-03-26","Kokolo","Makala","1h","Outside_Resident","Outside_Worker","ZoneGlobale","All_modes","36"
"2020-03-26","Kokolo","Makala","1h","Destination_Zone_Resident","Destination_Zone_Worker","ZoneGlobale","All_modes","74"
"2020-03-26","Kokolo","Makala","1h","Destination_Zone_Resident","Study_Zone_Worker","ZoneGlobale","All_modes","36"
"2020-03-26","Kokolo","Makala","1h","Study_Zone_Resident","Study_Zone_Worker","ZoneGlobale","All_modes","70"
"2020-03-26","Kokolo","Makala","3h","Outside_Resident","Outside_Worker","ZoneGlobale","All_modes","84"
"2020-03-26","Kokolo","Makala","3h","Outside_Resident","Origin_Zone_Worker","ZoneGlobale","All_modes","27"
"2020-03-26","Kokolo","Makala","3h","Destination_Zone_Resident","Outside_Worker","ZoneGlobale","All_modes","52"
"2020-03-26","Kokolo","Makala","3h","Destination_Zone_Resident","Destination_Zone_Worker","ZoneGlobale","All_modes","124"
"2020-03-26","Kokolo","Makala","3h","Destination_Zone_Resident","Study_Zone_Worker","ZoneGlobale","All_modes","40"
"2020-03-26","Kokolo","Makala","3h","Destination_Zone_Resident","Origin_Zone_Worker","ZoneGlobale","All_modes","70"
"2020-03-26","Kokolo","Makala","3h","Study_Zone_Resident","Study_Zone_Worker","ZoneGlobale","All_modes","96"
"2020-03-26","Kokolo","Makala","3h","Study_Zone_Resident","Origin_Zone_Worker","ZoneGlobale","All_modes","47"
"2020-03-26","Kokolo","Maluku I","1h","Study_Zone_Resident","Study_Zone_Worker","ZoneGlobale","All_modes","24"
"2020-03-26","Kokolo","Maluku I","3h","Study_Zone_Resident","Study_Zone_Worker","ZoneGlobale","All_modes","22"
"2020-03-26","Kokolo","Maluku I","3h","Origin_Zone_Resident","Origin_Zone_Worker","ZoneGlobale","All_modes","51"
"2020-03-26","Kokolo","Masina I","3h","Outside_Resident","Origin_Zone_Worker","ZoneGlobale","All_modes","22"
"2020-03-26","Kokolo","Masina I","3h","Destination_Zone_Resident","Destination_Zone_Worker","ZoneGlobale","All_modes","37"
"2020-03-26","Kokolo","Masina II","1h","Destination_Zone_Resident","Destination_Zone_Worker","ZoneGlobale","All_modes","72"
"2020-03-26","Kokolo","Masina II","1h","Destination_Zone_Resident","Study_Zone_Worker","ZoneGlobale","All_modes","25"
"2020-03-26","Kokolo","Masina II","1h","Study_Zone_Resident","Study_Zone_Worker","ZoneGlobale","All_modes","35"
"2020-03-26","Kokolo","Masina II","3h","Outside_Resident","Outside_Worker","ZoneGlobale","All_modes","53"
"2020-03-26","Kokolo","Masina II","3h","Destination_Zone_Resident","Outside_Worker","ZoneGlobale","All_modes","24"
"2020-03-26","Kokolo","Masina II","3h","Destination_Zone_Resident","Destination_Zone_Worker","ZoneGlobale","All_modes","127"
"2020-03-26","Kokolo","Masina II","3h","Destination_Zone_Resident","Study_Zone_Worker","ZoneGlobale","All_modes","52"
"2020-03-26","Kokolo","Masina II","3h","Destination_Zone_Resident","Origin_Zone_Worker","ZoneGlobale","All_modes","31"
"2020-03-26","Kokolo","Masina II","3h","Study_Zone_Resident","Study_Zone_Worker","ZoneGlobale","All_modes","38"
"2020-03-26","Kokolo","Masina II","3h","Study_Zone_Resident","Origin_Zone_Worker","ZoneGlobale","All_modes","27"
"2020-03-26","Kokolo","Matete","1h","Destination_Zone_Resident","Destination_Zone_Worker","ZoneGlobale","All_modes","132"
"2020-03-26","Kokolo","Matete","3h","Outside_Resident","Outside_Worker","ZoneGlobale","All_modes","65"
"2020-03-26","Kokolo","Matete","3h","Destination_Zone_Resident","Destination_Zone_Worker","ZoneGlobale","All_modes","187"
"2020-03-26","Kokolo","Matete","3h","Destination_Zone_Resident","Origin_Zone_Worker","ZoneGlobale","All_modes","77"
"2020-03-26","Kokolo","Matete","3h","Study_Zone_Resident","Study_Zone_Worker","ZoneGlobale","All_modes","54"
"2020-03-26","Kokolo","Matete","3h","Origin_Zone_Resident","Origin_Zone_Worker","ZoneGlobale","All_modes","35"
"2020-03-26","Kokolo","Mont Ngafula I","1h","Destination_Zone_Resident","Outside_Worker","ZoneGlobale","All_modes","35"
"2020-03-26","Kokolo","Mont Ngafula I","1h","Destination_Zone_Resident","Destination_Zone_Worker","ZoneGlobale","All_modes","57"
"2020-03-26","Kokolo","Mont Ngafula I","1h","Origin_Zone_Resident","Origin_Zone_Worker","ZoneGlobale","All_modes","23"
"2020-03-26","Kokolo","Mont Ngafula I","3h","Outside_Resident","Outside_Worker","ZoneGlobale","All_modes","75"
"2020-03-26","Kokolo","Mont Ngafula I","3h","Outside_Resident","Destination_Zone_Worker","ZoneGlobale","All_modes","36"
"2020-03-26","Kokolo","Mont Ngafula I","3h","Outside_Resident","Origin_Zone_Worker","ZoneGlobale","All_modes","39"
"2020-03-26","Kokolo","Mont Ngafula I","3h","Destination_Zone_Resident","Outside_Worker","ZoneGlobale","All_modes","45"
"2020-03-26","Kokolo","Mont Ngafula I","3h","Destination_Zone_Resident","Destination_Zone_Worker","ZoneGlobale","All_modes","38"
"2020-03-26","Kokolo","Mont Ngafula I","3h","Destination_Zone_Resident","Study_Zone_Worker","ZoneGlobale","All_modes","27"
"2020-03-26","Kokolo","Mont Ngafula I","3h","Destination_Zone_Resident","Origin_Zone_Worker","ZoneGlobale","All_modes","36"
"2020-03-26","Kokolo","Mont Ngafula I","3h","Study_Zone_Resident","Study_Zone_Worker","ZoneGlobale","All_modes","37"
"2020-03-26","Kokolo","Mont Ngafula II","1h","Outside_Resident","Outside_Worker","ZoneGlobale","All_modes","47"
"2020-03-26","Kokolo","Mont Ngafula II","1h","Destination_Zone_Resident","Outside_Worker","ZoneGlobale","All_modes","34"
"2020-03-26","Kokolo","Mont Ngafula II","1h","Destination_Zone_Resident","Destination_Zone_Worker","ZoneGlobale","All_modes","125"
"2020-03-26","Kokolo","Mont Ngafula II","1h","Destination_Zone_Resident","Study_Zone_Worker","ZoneGlobale","All_modes","37"
"2020-03-26","Kokolo","Mont Ngafula II","3h","Outside_Resident","Outside_Worker","ZoneGlobale","All_modes","73"
"2020-03-26","Kokolo","Mont Ngafula II","3h","Outside_Resident","Destination_Zone_Worker","ZoneGlobale","All_modes","23"
"2020-03-26","Kokolo","Mont Ngafula II","3h","Outside_Resident","Study_Zone_Worker","ZoneGlobale","All_modes","24"
"2020-03-26","Kokolo","Mont Ngafula II","3h","Outside_Resident","Origin_Zone_Worker","ZoneGlobale","All_modes","78"
"2020-03-26","Kokolo","Mont Ngafula II","3h","Destination_Zone_Resident","Outside_Worker","ZoneGlobale","All_modes","34"
"2020-03-26","Kokolo","Mont Ngafula II","3h","Destination_Zone_Resident","Destination_Zone_Worker","ZoneGlobale","All_modes","154"
"2020-03-26","Kokolo","Mont Ngafula II","3h","Destination_Zone_Resident","Study_Zone_Worker","ZoneGlobale","All_modes","31"
"2020-03-26","Kokolo","Mont Ngafula II","3h","Destination_Zone_Resident","Origin_Zone_Worker","ZoneGlobale","All_modes","92"
"2020-03-26","Kokolo","Mont Ngafula II","3h","Study_Zone_Resident","Study_Zone_Worker","ZoneGlobale","All_modes","40"
"2020-03-26","Kokolo","Mont Ngafula II","3h","Origin_Zone_Resident","Origin_Zone_Worker","ZoneGlobale","All_modes","49"
"2020-03-26","Kokolo","Ndjili","1h","Destination_Zone_Resident","Destination_Zone_Worker","ZoneGlobale","All_modes","88"
"2020-03-26","Kokolo","Ndjili","1h","Destination_Zone_Resident","Study_Zone_Worker","ZoneGlobale","All_modes","26"
"2020-03-26","Kokolo","Ndjili","1h","Destination_Zone_Resident","Origin_Zone_Worker","ZoneGlobale","All_modes","35"
"2020-03-26","Kokolo","Ndjili","1h","Study_Zone_Resident","Origin_Zone_Worker","ZoneGlobale","All_modes","25"
"2020-03-26","Kokolo","Ndjili","3h","Outside_Resident","Outside_Worker","ZoneGlobale","All_modes","74"
"2020-03-26","Kokolo","Ndjili","3h","Destination_Zone_Resident","Destination_Zone_Worker","ZoneGlobale","All_modes","143"
"2020-03-26","Kokolo","Ndjili","3h","Destination_Zone_Resident","Study_Zone_Worker","ZoneGlobale","All_modes","39"
"2020-03-26","Kokolo","Ndjili","3h","Destination_Zone_Resident","Origin_Zone_Worker","ZoneGlobale","All_modes","83"
"2020-03-26","Kokolo","Ndjili","3h","Study_Zone_Resident","Study_Zone_Worker","ZoneGlobale","All_modes","26"
"2020-03-26","Kokolo","Ndjili","3h","Origin_Zone_Resident","Origin_Zone_Worker","ZoneGlobale","All_modes","26"
"2020-03-26","Kokolo","Ngiri-Ngiri","1h","Outside_Resident","Outside_Worker","ZoneGlobale","All_modes","327"
"2020-03-26","Kokolo","Ngiri-Ngiri","1h","Outside_Resident","Destination_Zone_Worker","ZoneGlobale","All_modes","105"
"2020-03-26","Kokolo","Ngiri-Ngiri","1h","Outside_Resident","Study_Zone_Worker","ZoneGlobale","All_modes","60"
"2020-03-26","Kokolo","Ngiri-Ngiri","1h","Outside_Resident","Origin_Zone_Worker","ZoneGlobale","All_modes","133"
"2020-03-26","Kokolo","Ngiri-Ngiri","1h","Destination_Zone_Resident","Outside_Worker","ZoneGlobale","All_modes","50"
"2020-03-26","Kokolo","Ngiri-Ngiri","1h","Destination_Zone_Resident","Destination_Zone_Worker","ZoneGlobale","All_modes","2537"
"2020-03-26","Kokolo","Ngiri-Ngiri","1h","Destination_Zone_Resident","Study_Zone_Worker","ZoneGlobale","All_modes","363"
"2020-03-26","Kokolo","Ngiri-Ngiri","1h","Destination_Zone_Resident","Origin_Zone_Worker","ZoneGlobale","All_modes","419"
"2020-03-26","Kokolo","Ngiri-Ngiri","1h","Study_Zone_Resident","Outside_Worker","ZoneGlobale","All_modes","24"
"2020-03-26","Kokolo","Ngiri-Ngiri","1h","Study_Zone_Resident","Destination_Zone_Worker","ZoneGlobale","All_modes","73"
"2020-03-26","Kokolo","Ngiri-Ngiri","1h","Study_Zone_Resident","Study_Zone_Worker","ZoneGlobale","All_modes","430"
"2020-03-26","Kokolo","Ngiri-Ngiri","1h","Study_Zone_Resident","Origin_Zone_Worker","ZoneGlobale","All_modes","52"
"2020-03-26","Kokolo","Ngiri-Ngiri","1h","Origin_Zone_Resident","Destination_Zone_Worker","ZoneGlobale","All_modes","47"
"2020-03-26","Kokolo","Ngiri-Ngiri","1h","Origin_Zone_Resident","Study_Zone_Worker","ZoneGlobale","All_modes","36"
"2020-03-26","Kokolo","Ngiri-Ngiri","1h","Origin_Zone_Resident","Origin_Zone_Worker","ZoneGlobale","All_modes","914"
"2020-03-26","Kokolo","Ngiri-Ngiri","3h","Outside_Resident","Outside_Worker","ZoneGlobale","All_modes","770"
"2020-03-26","Kokolo","Ngiri-Ngiri","3h","Outside_Resident","Destination_Zone_Worker","ZoneGlobale","All_modes","263"
"2020-03-26","Kokolo","Ngiri-Ngiri","3h","Outside_Resident","Study_Zone_Worker","ZoneGlobale","All_modes","188"
"2020-03-26","Kokolo","Ngiri-Ngiri","3h","Outside_Resident","Origin_Zone_Worker","ZoneGlobale","All_modes","413"
"2020-03-26","Kokolo","Ngiri-Ngiri","3h","Destination_Zone_Resident","Outside_Worker","ZoneGlobale","All_modes","139"
"2020-03-26","Kokolo","Ngiri-Ngiri","3h","Destination_Zone_Resident","Destination_Zone_Worker","ZoneGlobale","All_modes","2304"
"2020-03-26","Kokolo","Ngiri-Ngiri","3h","Destination_Zone_Resident","Study_Zone_Worker","ZoneGlobale","All_modes","209"
"2020-03-26","Kokolo","Ngiri-Ngiri","3h","Destination_Zone_Resident","Origin_Zone_Worker","ZoneGlobale","All_modes","737"
"2020-03-26","Kokolo","Ngiri-Ngiri","3h","Study_Zone_Resident","Outside_Worker","ZoneGlobale","All_modes","33"
"2020-03-26","Kokolo","Ngiri-Ngiri","3h","Study_Zone_Resident","Destination_Zone_Worker","ZoneGlobale","All_modes","101"
"2020-03-26","Kokolo","Ngiri-Ngiri","3h","Study_Zone_Resident","Study_Zone_Worker","ZoneGlobale","All_modes","338"
"2020-03-26","Kokolo","Ngiri-Ngiri","3h","Study_Zone_Resident","Origin_Zone_Worker","ZoneGlobale","All_modes","117"
"2020-03-26","Kokolo","Ngiri-Ngiri","3h","Origin_Zone_Resident","Outside_Worker","ZoneGlobale","All_modes","36"
"2020-03-26","Kokolo","Ngiri-Ngiri","3h","Origin_Zone_Resident","Destination_Zone_Worker","ZoneGlobale","All_modes","108"
"2020-03-26","Kokolo","Ngiri-Ngiri","3h","Origin_Zone_Resident","Study_Zone_Worker","ZoneGlobale","All_modes","125"
"2020-03-26","Kokolo","Ngiri-Ngiri","3h","Origin_Zone_Resident","Origin_Zone_Worker","ZoneGlobale","All_modes","1314"
"2020-03-26","Kokolo","Nsele","1h","Outside_Resident","Outside_Worker","ZoneGlobale","All_modes","51"
"2020-03-26","Kokolo","Nsele","1h","Outside_Resident","Study_Zone_Worker","ZoneGlobale","All_modes","36"
"2020-03-26","Kokolo","Nsele","1h","Destination_Zone_Resident","Destination_Zone_Worker","ZoneGlobale","All_modes","75"
"2020-03-26","Kokolo","Nsele","1h","Destination_Zone_Resident","Study_Zone_Worker","ZoneGlobale","All_modes","35"
"2020-03-26","Kokolo","Nsele","1h","Study_Zone_Resident","Study_Zone_Worker","ZoneGlobale","All_modes","196"
"2020-03-26","Kokolo","Nsele","1h","Study_Zone_Resident","Origin_Zone_Worker","ZoneGlobale","All_modes","26"
"2020-03-26","Kokolo","Nsele","1h","Origin_Zone_Resident","Study_Zone_Worker","ZoneGlobale","All_modes","66"
"2020-03-26","Kokolo","Nsele","1h","Origin_Zone_Resident","Origin_Zone_Worker","ZoneGlobale","All_modes","315"
"2020-03-26","Kokolo","Nsele","3h","Outside_Resident","Outside_Worker","ZoneGlobale","All_modes","83"
"2020-03-26","Kokolo","Nsele","3h","Outside_Resident","Destination_Zone_Worker","ZoneGlobale","All_modes","36"
"2020-03-26","Kokolo","Nsele","3h","Outside_Resident","Study_Zone_Worker","ZoneGlobale","All_modes","79"
"2020-03-26","Kokolo","Nsele","3h","Outside_Resident","Origin_Zone_Worker","ZoneGlobale","All_modes","129"
"2020-03-26","Kokolo","Nsele","3h","Destination_Zone_Resident","Destination_Zone_Worker","ZoneGlobale","All_modes","128"
"2020-03-26","Kokolo","Nsele","3h","Destination_Zone_Resident","Study_Zone_Worker","ZoneGlobale","All_modes","40"
"2020-03-26","Kokolo","Nsele","3h","Destination_Zone_Resident","Origin_Zone_Worker","ZoneGlobale","All_modes","50"
"2020-03-26","Kokolo","Nsele","3h","Study_Zone_Resident","Outside_Worker","ZoneGlobale","All_modes","27"
"2020-03-26","Kokolo","Nsele","3h","Study_Zone_Resident","Study_Zone_Worker","ZoneGlobale","All_modes","345"
"2020-03-26","Kokolo","Nsele","3h","Study_Zone_Resident","Origin_Zone_Worker","ZoneGlobale","All_modes","87"
"2020-03-26","Kokolo","Nsele","3h","Origin_Zone_Resident","Destination_Zone_Worker","ZoneGlobale","All_modes","22"
"2020-03-26","Kokolo","Nsele","3h","Origin_Zone_Resident","Study_Zone_Worker","ZoneGlobale","All_modes","127"
"2020-03-26","Kokolo","Nsele","3h","Origin_Zone_Resident","Origin_Zone_Worker","ZoneGlobale","All_modes","823"
"2020-03-26","Kokolo","Police","1h","Outside_Resident","Outside_Worker","ZoneGlobale","All_modes","164"
"2020-03-26","Kokolo","Police","1h","Outside_Resident","Destination_Zone_Worker","ZoneGlobale","All_modes","27"
"2020-03-26","Kokolo","Police","1h","Outside_Resident","Study_Zone_Worker","ZoneGlobale","All_modes","24"
"2020-03-26","Kokolo","Police","1h","Outside_Resident","Origin_Zone_Worker","ZoneGlobale","All_modes","36"
"2020-03-26","Kokolo","Police","1h","Destination_Zone_Resident","Destination_Zone_Worker","ZoneGlobale","All_modes","635"
"2020-03-26","Kokolo","Police","1h","Destination_Zone_Resident","Study_Zone_Worker","ZoneGlobale","All_modes","153"
"2020-03-26","Kokolo","Police","1h","Destination_Zone_Resident","Origin_Zone_Worker","ZoneGlobale","All_modes","128"
"2020-03-26","Kokolo","Police","1h","Study_Zone_Resident","Destination_Zone_Worker","ZoneGlobale","All_modes","24"
"2020-03-26","Kokolo","Police","1h","Study_Zone_Resident","Study_Zone_Worker","ZoneGlobale","All_modes","158"
"2020-03-26","Kokolo","Police","1h","Study_Zone_Resident","Origin_Zone_Worker","ZoneGlobale","All_modes","33"
"2020-03-26","Kokolo","Police","1h","Origin_Zone_Resident","Destination_Zone_Worker","ZoneGlobale","All_modes","30"
"2020-03-26","Kokolo","Police","1h","Origin_Zone_Resident","Study_Zone_Worker","ZoneGlobale","All_modes","36"
"2020-03-26","Kokolo","Police","1h","Origin_Zone_Resident","Origin_Zone_Worker","ZoneGlobale","All_modes","275"
"2020-03-26","Kokolo","Police","3h","Outside_Resident","Outside_Worker","ZoneGlobale","All_modes","228"
"2020-03-26","Kokolo","Police","3h","Outside_Resident","Destination_Zone_Worker","ZoneGlobale","All_modes","40"
"2020-03-26","Kokolo","Police","3h","Outside_Resident","Study_Zone_Worker","ZoneGlobale","All_modes","82"
"2020-03-26","Kokolo","Police","3h","Outside_Resident","Origin_Zone_Worker","ZoneGlobale","All_modes","152"
"2020-03-26","Kokolo","Police","3h","Destination_Zone_Resident","Outside_Worker","ZoneGlobale","All_modes","27"
"2020-03-26","Kokolo","Police","3h","Destination_Zone_Resident","Destination_Zone_Worker","ZoneGlobale","All_modes","611"
"2020-03-26","Kokolo","Police","3h","Destination_Zone_Resident","Study_Zone_Worker","ZoneGlobale","All_modes","154"
"2020-03-26","Kokolo","Police","3h","Destination_Zone_Resident","Origin_Zone_Worker","ZoneGlobale","All_modes","237"
"2020-03-26","Kokolo","Police","3h","Study_Zone_Resident","Study_Zone_Worker","ZoneGlobale","All_modes","133"
"2020-03-26","Kokolo","Police","3h","Study_Zone_Resident","Origin_Zone_Worker","ZoneGlobale","All_modes","27"
"2020-03-26","Kokolo","Police","3h","Origin_Zone_Resident","Outside_Worker","ZoneGlobale","All_modes","40"
"2020-03-26","Kokolo","Police","3h","Origin_Zone_Resident","Destination_Zone_Worker","ZoneGlobale","All_modes","50"
"2020-03-26","Kokolo","Police","3h","Origin_Zone_Resident","Study_Zone_Worker","ZoneGlobale","All_modes","59"
"2020-03-26","Kokolo","Police","3h","Origin_Zone_Resident","Origin_Zone_Worker","ZoneGlobale","All_modes","520"
"2020-03-26","Kokolo","Selembao","1h","Outside_Resident","Outside_Worker","ZoneGlobale","All_modes","262"
"2020-03-26","Kokolo","Selembao","1h","Outside_Resident","Origin_Zone_Worker","ZoneGlobale","All_modes","35"
"2020-03-26","Kokolo","Selembao","1h","Destination_Zone_Resident","Outside_Worker","ZoneGlobale","All_modes","56"
"2020-03-26","Kokolo","Selembao","1h","Destination_Zone_Resident","Destination_Zone_Worker","ZoneGlobale","All_modes","412"
"2020-03-26","Kokolo","Selembao","1h","Destination_Zone_Resident","Study_Zone_Worker","ZoneGlobale","All_modes","285"
"2020-03-26","Kokolo","Selembao","1h","Destination_Zone_Resident","Origin_Zone_Worker","ZoneGlobale","All_modes","335"
"2020-03-26","Kokolo","Selembao","1h","Study_Zone_Resident","Destination_Zone_Worker","ZoneGlobale","All_modes","23"
"2020-03-26","Kokolo","Selembao","1h","Study_Zone_Resident","Study_Zone_Worker","ZoneGlobale","All_modes","112"
"2020-03-26","Kokolo","Selembao","1h","Study_Zone_Resident","Origin_Zone_Worker","ZoneGlobale","All_modes","24"
"2020-03-26","Kokolo","Selembao","1h","Origin_Zone_Resident","Study_Zone_Worker","ZoneGlobale","All_modes","32"
"2020-03-26","Kokolo","Selembao","1h","Origin_Zone_Resident","Origin_Zone_Worker","ZoneGlobale","All_modes","223"
"2020-03-26","Kokolo","Selembao","3h","Outside_Resident","Outside_Worker","ZoneGlobale","All_modes","542"
"2020-03-26","Kokolo","Selembao","3h","Outside_Resident","Destination_Zone_Worker","ZoneGlobale","All_modes","58"
"2020-03-26","Kokolo","Selembao","3h","Outside_Resident","Study_Zone_Worker","ZoneGlobale","All_modes","71"
"2020-03-26","Kokolo","Selembao","3h","Outside_Resident","Origin_Zone_Worker","ZoneGlobale","All_modes","88"
"2020-03-26","Kokolo","Selembao","3h","Destination_Zone_Resident","Outside_Worker","ZoneGlobale","All_modes","148"
"2020-03-26","Kokolo","Selembao","3h","Destination_Zone_Resident","Destination_Zone_Worker","ZoneGlobale","All_modes","595"
"2020-03-26","Kokolo","Selembao","3h","Destination_Zone_Resident","Study_Zone_Worker","ZoneGlobale","All_modes","325"
"2020-03-26","Kokolo","Selembao","3h","Destination_Zone_Resident","Origin_Zone_Worker","ZoneGlobale","All_modes","550"
"2020-03-26","Kokolo","Selembao","3h","Study_Zone_Resident","Outside_Worker","ZoneGlobale","All_modes","40"
"2020-03-26","Kokolo","Selembao","3h","Study_Zone_Resident","Destination_Zone_Worker","ZoneGlobale","All_modes","50"
"2020-03-26","Kokolo","Selembao","3h","Study_Zone_Resident","Study_Zone_Worker","ZoneGlobale","All_modes","257"
"2020-03-26","Kokolo","Selembao","3h","Study_Zone_Resident","Origin_Zone_Worker","ZoneGlobale","All_modes","111"
"2020-03-26","Kokolo","Selembao","3h","Origin_Zone_Resident","Study_Zone_Worker","ZoneGlobale","All_modes","37"
"2020-03-26","Kokolo","Selembao","3h","Origin_Zone_Resident","Origin_Zone_Worker","ZoneGlobale","All_modes","383"
"2020-03-26","Kokolo","Sona-Bata","3h","Study_Zone_Resident","Study_Zone_Worker","ZoneGlobale","All_modes","22"
"2020-03-26","Kole","Omendjadi","1h","Destination_Zone_Resident","Destination_Zone_Worker","ZoneGlobale","All_modes","98"
"2020-03-26","Kole","Omendjadi","3h","Outside_Resident","Outside_Worker","ZoneGlobale","All_modes","97"
"2020-03-26","Kole","Omendjadi","3h","Origin_Zone_Resident","Outside_Worker","ZoneGlobale","All_modes","48"
"2020-03-26","Kole","Omendjadi","3h","Origin_Zone_Resident","Origin_Zone_Worker","ZoneGlobale","All_modes","48"
"2020-03-26","Komanda","Beni","1h","Outside_Resident","Outside_Worker","ZoneGlobale","All_modes","118"
"2020-03-26","Komanda","Beni","1h","Outside_Resident","Destination_Zone_Worker","ZoneGlobale","All_modes","143"
"2020-03-26","Komanda","Beni","1h","Outside_Resident","Origin_Zone_Worker","ZoneGlobale","All_modes","47"
"2020-03-26","Komanda","Beni","1h","Destination_Zone_Resident","Outside_Worker","ZoneGlobale","All_modes","47"
"2020-03-26","Komanda","Beni","1h","Destination_Zone_Resident","Destination_Zone_Worker","ZoneGlobale","All_modes","716"
"2020-03-26","Komanda","Beni","1h","Destination_Zone_Resident","Study_Zone_Worker","ZoneGlobale","All_modes","47"
"2020-03-26","Komanda","Beni","1h","Destination_Zone_Resident","Origin_Zone_Worker","ZoneGlobale","All_modes","95"
"2020-03-26","Komanda","Beni","1h","Study_Zone_Resident","Study_Zone_Worker","ZoneGlobale","All_modes","95"
"2020-03-26","Komanda","Beni","1h","Origin_Zone_Resident","Destination_Zone_Worker","ZoneGlobale","All_modes","95"
"2020-03-26","Komanda","Beni","1h","Origin_Zone_Resident","Origin_Zone_Worker","ZoneGlobale","All_modes","47"
"2020-03-26","Komanda","Beni","3h","Outside_Resident","Outside_Worker","ZoneGlobale","All_modes","213"
"2020-03-26","Komanda","Beni","3h","Outside_Resident","Destination_Zone_Worker","ZoneGlobale","All_modes","286"
"2020-03-26","Komanda","Beni","3h","Outside_Resident","Study_Zone_Worker","ZoneGlobale","All_modes","47"
"2020-03-26","Komanda","Beni","3h","Outside_Resident","Origin_Zone_Worker","ZoneGlobale","All_modes","143"
"2020-03-26","Komanda","Beni","3h","Destination_Zone_Resident","Outside_Worker","ZoneGlobale","All_modes","47"
"2020-03-26","Komanda","Beni","3h","Destination_Zone_Resident","Destination_Zone_Worker","ZoneGlobale","All_modes","1360"
"2020-03-26","Komanda","Beni","3h","Destination_Zone_Resident","Origin_Zone_Worker","ZoneGlobale","All_modes","143"
"2020-03-26","Komanda","Beni","3h","Study_Zone_Resident","Study_Zone_Worker","ZoneGlobale","All_modes","95"
"2020-03-26","Komanda","Beni","3h","Origin_Zone_Resident","Destination_Zone_Worker","ZoneGlobale","All_modes","525"
"2020-03-26","Komanda","Beni","3h","Origin_Zone_Resident","Study_Zone_Worker","ZoneGlobale","All_modes","95"
"2020-03-26","Komanda","Beni","3h","Origin_Zone_Resident","Origin_Zone_Worker","ZoneGlobale","All_modes","334"
"2020-03-26","Komanda","Bunia","1h","Outside_Resident","Destination_Zone_Worker","ZoneGlobale","All_modes","118"
"2020-03-26","Komanda","Bunia","1h","Study_Zone_Resident","Study_Zone_Worker","ZoneGlobale","All_modes","118"
"2020-03-26","Komanda","Bunia","3h","Outside_Resident","Destination_Zone_Worker","ZoneGlobale","All_modes","118"
"2020-03-26","Komanda","Bunia","3h","Study_Zone_Resident","Study_Zone_Worker","ZoneGlobale","All_modes","118"
"2020-03-26","Komanda","Kamango","1h","Origin_Zone_Resident","Origin_Zone_Worker","ZoneGlobale","All_modes","47"
"2020-03-26","Komanda","Kamango","3h","Destination_Zone_Resident","Destination_Zone_Worker","ZoneGlobale","All_modes","47"
"2020-03-26","Komanda","Kamango","3h","Destination_Zone_Resident","Origin_Zone_Worker","ZoneGlobale","All_modes","47"
"2020-03-26","Komanda","Kamango","3h","Study_Zone_Resident","Study_Zone_Worker","ZoneGlobale","All_modes","47"
"2020-03-26","Komanda","Kamango","3h","Origin_Zone_Resident","Origin_Zone_Worker","ZoneGlobale","All_modes","95"
"2020-03-26","Komanda","Katwa","3h","Destination_Zone_Resident","Study_Zone_Worker","ZoneGlobale","All_modes","47"
"2020-03-26","Komanda","Katwa","3h","Study_Zone_Resident","Study_Zone_Worker","ZoneGlobale","All_modes","118"
"2020-03-26","Komanda","Mambasa","1h","Outside_Resident","Outside_Worker","ZoneGlobale","All_modes","47"
"2020-03-26","Komanda","Mambasa","1h","Study_Zone_Resident","Study_Zone_Worker","ZoneGlobale","All_modes","118"
"2020-03-26","Komanda","Mambasa","1h","Origin_Zone_Resident","Origin_Zone_Worker","ZoneGlobale","All_modes","47"
"2020-03-26","Komanda","Mambasa","3h","Outside_Resident","Outside_Worker","ZoneGlobale","All_modes","47"
"2020-03-26","Komanda","Mambasa","3h","Outside_Resident","Destination_Zone_Worker","ZoneGlobale","All_modes","47"
"2020-03-26","Komanda","Mambasa","3h","Outside_Resident","Origin_Zone_Worker","ZoneGlobale","All_modes","47"
"2020-03-26","Komanda","Mambasa","3h","Destination_Zone_Resident","Origin_Zone_Worker","ZoneGlobale","All_modes","47"
"2020-03-26","Komanda","Mambasa","3h","Study_Zone_Resident","Study_Zone_Worker","ZoneGlobale","All_modes","47"
"2020-03-26","Komanda","Mambasa","3h","Origin_Zone_Resident","Origin_Zone_Worker","ZoneGlobale","All_modes","143"
"2020-03-26","Komanda","Mutwanga","1h","Study_Zone_Resident","Study_Zone_Worker","ZoneGlobale","All_modes","95"
"2020-03-26","Komanda","Mutwanga","3h","Destination_Zone_Resident","Study_Zone_Worker","ZoneGlobale","All_modes","47"
"2020-03-26","Komanda","Mutwanga","3h","Study_Zone_Resident","Outside_Worker","ZoneGlobale","All_modes","47"
"2020-03-26","Komanda","Mutwanga","3h","Study_Zone_Resident","Study_Zone_Worker","ZoneGlobale","All_modes","143"
"2020-03-26","Komanda","Nyakunde","1h","Outside_Resident","Outside_Worker","ZoneGlobale","All_modes","118"
"2020-03-26","Komanda","Nyakunde","1h","Outside_Resident","Origin_Zone_Worker","ZoneGlobale","All_modes","120"
"2020-03-26","Komanda","Nyakunde","1h","Destination_Zone_Resident","Destination_Zone_Worker","ZoneGlobale","All_modes","118"
"2020-03-26","Komanda","Nyakunde","1h","Destination_Zone_Resident","Origin_Zone_Worker","ZoneGlobale","All_modes","118"
"2020-03-26","Komanda","Nyakunde","1h","Origin_Zone_Resident","Outside_Worker","ZoneGlobale","All_modes","118"
"2020-03-26","Komanda","Nyakunde","1h","Origin_Zone_Resident","Origin_Zone_Worker","ZoneGlobale","All_modes","118"
"2020-03-26","Komanda","Nyakunde","3h","Outside_Resident","Outside_Worker","ZoneGlobale","All_modes","236"
"2020-03-26","Komanda","Nyakunde","3h","Outside_Resident","Origin_Zone_Worker","ZoneGlobale","All_modes","402"
"2020-03-26","Komanda","Nyakunde","3h","Destination_Zone_Resident","Destination_Zone_Worker","ZoneGlobale","All_modes","236"
"2020-03-26","Komanda","Nyakunde","3h","Destination_Zone_Resident","Origin_Zone_Worker","ZoneGlobale","All_modes","591"
"2020-03-26","Komanda","Nyakunde","3h","Origin_Zone_Resident","Outside_Worker","ZoneGlobale","All_modes","118"
"2020-03-26","Komanda","Nyakunde","3h","Origin_Zone_Resident","Origin_Zone_Worker","ZoneGlobale","All_modes","994"
"2020-03-26","Komanda","Oicha","1h","Destination_Zone_Resident","Destination_Zone_Worker","ZoneGlobale","All_modes","238"
"2020-03-26","Komanda","Oicha","1h","Destination_Zone_Resident","Study_Zone_Worker","ZoneGlobale","All_modes","47"
"2020-03-26","Komanda","Oicha","1h","Study_Zone_Resident","Destination_Zone_Worker","ZoneGlobale","All_modes","47"
"2020-03-26","Komanda","Oicha","1h","Origin_Zone_Resident","Study_Zone_Worker","ZoneGlobale","All_modes","47"
"2020-03-26","Komanda","Oicha","3h","Outside_Resident","Outside_Worker","ZoneGlobale","All_modes","47"
"2020-03-26","Komanda","Oicha","3h","Outside_Resident","Destination_Zone_Worker","ZoneGlobale","All_modes","95"
"2020-03-26","Komanda","Oicha","3h","Outside_Resident","Origin_Zone_Worker","ZoneGlobale","All_modes","166"
"2020-03-26","Komanda","Oicha","3h","Destination_Zone_Resident","Destination_Zone_Worker","ZoneGlobale","All_modes","191"
"2020-03-26","Komanda","Oicha","3h","Destination_Zone_Resident","Study_Zone_Worker","ZoneGlobale","All_modes","47"
"2020-03-26","Komanda","Oicha","3h","Destination_Zone_Resident","Origin_Zone_Worker","ZoneGlobale","All_modes","47"
"2020-03-26","Komanda","Oicha","3h","Study_Zone_Resident","Study_Zone_Worker","ZoneGlobale","All_modes","47"
"2020-03-26","Komanda","Oicha","3h","Study_Zone_Resident","Origin_Zone_Worker","ZoneGlobale","All_modes","47"
"2020-03-26","Komanda","Oicha","3h","Origin_Zone_Resident","Study_Zone_Worker","ZoneGlobale","All_modes","47"
"2020-03-26","Komanda","Oicha","3h","Origin_Zone_Resident","Origin_Zone_Worker","ZoneGlobale","All_modes","47"
"2020-03-26","Kunda","Kasongo","3h","Outside_Resident","Outside_Worker","ZoneGlobale","All_modes","724"
"2020-03-26","Kunda","Kasongo","3h","Origin_Zone_Resident","Origin_Zone_Worker","ZoneGlobale","All_modes","362"
"2020-03-26","Kwilu-Ngongo","Boko-Kivulu","1h","Outside_Resident","Outside_Worker","ZoneGlobale","All_modes","378"
"2020-03-26","Kwilu-Ngongo","Boko-Kivulu","1h","Outside_Resident","Destination_Zone_Worker","ZoneGlobale","All_modes","26"
"2020-03-26","Kwilu-Ngongo","Boko-Kivulu","1h","Outside_Resident","Study_Zone_Worker","ZoneGlobale","All_modes","50"
"2020-03-26","Kwilu-Ngongo","Boko-Kivulu","1h","Outside_Resident","Origin_Zone_Worker","ZoneGlobale","All_modes","53"
"2020-03-26","Kwilu-Ngongo","Boko-Kivulu","1h","Destination_Zone_Resident","Outside_Worker","ZoneGlobale","All_modes","64"
"2020-03-26","Kwilu-Ngongo","Boko-Kivulu","1h","Destination_Zone_Resident","Destination_Zone_Worker","ZoneGlobale","All_modes","930"
"2020-03-26","Kwilu-Ngongo","Boko-Kivulu","1h","Destination_Zone_Resident","Study_Zone_Worker","ZoneGlobale","All_modes","64"
"2020-03-26","Kwilu-Ngongo","Boko-Kivulu","1h","Destination_Zone_Resident","Origin_Zone_Worker","ZoneGlobale","All_modes","175"
"2020-03-26","Kwilu-Ngongo","Boko-Kivulu","1h","Study_Zone_Resident","Destination_Zone_Worker","ZoneGlobale","All_modes","24"
"2020-03-26","Kwilu-Ngongo","Boko-Kivulu","1h","Study_Zone_Resident","Study_Zone_Worker","ZoneGlobale","All_modes","176"
"2020-03-26","Kwilu-Ngongo","Boko-Kivulu","1h","Origin_Zone_Resident","Outside_Worker","ZoneGlobale","All_modes","50"
"2020-03-26","Kwilu-Ngongo","Boko-Kivulu","1h","Origin_Zone_Resident","Destination_Zone_Worker","ZoneGlobale","All_modes","139"
"2020-03-26","Kwilu-Ngongo","Boko-Kivulu","1h","Origin_Zone_Resident","Study_Zone_Worker","ZoneGlobale","All_modes","27"
"2020-03-26","Kwilu-Ngongo","Boko-Kivulu","1h","Origin_Zone_Resident","Origin_Zone_Worker","ZoneGlobale","All_modes","351"
"2020-03-26","Kwilu-Ngongo","Boko-Kivulu","3h","Outside_Resident","Outside_Worker","ZoneGlobale","All_modes","654"
"2020-03-26","Kwilu-Ngongo","Boko-Kivulu","3h","Outside_Resident","Destination_Zone_Worker","ZoneGlobale","All_modes","104"
"2020-03-26","Kwilu-Ngongo","Boko-Kivulu","3h","Outside_Resident","Study_Zone_Worker","ZoneGlobale","All_modes","78"
"2020-03-26","Kwilu-Ngongo","Boko-Kivulu","3h","Outside_Resident","Origin_Zone_Worker","ZoneGlobale","All_modes","124"
"2020-03-26","Kwilu-Ngongo","Boko-Kivulu","3h","Destination_Zone_Resident","Outside_Worker","ZoneGlobale","All_modes","93"
"2020-03-26","Kwilu-Ngongo","Boko-Kivulu","3h","Destination_Zone_Resident","Destination_Zone_Worker","ZoneGlobale","All_modes","1124"
"2020-03-26","Kwilu-Ngongo","Boko-Kivulu","3h","Destination_Zone_Resident","Study_Zone_Worker","ZoneGlobale","All_modes","108"
"2020-03-26","Kwilu-Ngongo","Boko-Kivulu","3h","Destination_Zone_Resident","Origin_Zone_Worker","ZoneGlobale","All_modes","436"
"2020-03-26","Kwilu-Ngongo","Boko-Kivulu","3h","Study_Zone_Resident","Outside_Worker","ZoneGlobale","All_modes","26"
"2020-03-26","Kwilu-Ngongo","Boko-Kivulu","3h","Study_Zone_Resident","Destination_Zone_Worker","ZoneGlobale","All_modes","99"
"2020-03-26","Kwilu-Ngongo","Boko-Kivulu","3h","Study_Zone_Resident","Study_Zone_Worker","ZoneGlobale","All_modes","192"
"2020-03-26","Kwilu-Ngongo","Boko-Kivulu","3h","Study_Zone_Resident","Origin_Zone_Worker","ZoneGlobale","All_modes","65"
"2020-03-26","Kwilu-Ngongo","Boko-Kivulu","3h","Origin_Zone_Resident","Outside_Worker","ZoneGlobale","All_modes","40"
"2020-03-26","Kwilu-Ngongo","Boko-Kivulu","3h","Origin_Zone_Resident","Destination_Zone_Worker","ZoneGlobale","All_modes","180"
"2020-03-26","Kwilu-Ngongo","Boko-Kivulu","3h","Origin_Zone_Resident","Study_Zone_Worker","ZoneGlobale","All_modes","27"
"2020-03-26","Kwilu-Ngongo","Boko-Kivulu","3h","Origin_Zone_Resident","Origin_Zone_Worker","ZoneGlobale","All_modes","803"
"2020-03-26","Kwilu-Ngongo","Kimpangu","1h","Outside_Resident","Outside_Worker","ZoneGlobale","All_modes","39"
"2020-03-26","Kwilu-Ngongo","Kimpangu","3h","Outside_Resident","Outside_Worker","ZoneGlobale","All_modes","91"
"2020-03-26","Kwilu-Ngongo","Kimpese","1h","Outside_Resident","Outside_Worker","ZoneGlobale","All_modes","198"
"2020-03-26","Kwilu-Ngongo","Kimpese","1h","Outside_Resident","Destination_Zone_Worker","ZoneGlobale","All_modes","57"
"2020-03-26","Kwilu-Ngongo","Kimpese","1h","Outside_Resident","Origin_Zone_Worker","ZoneGlobale","All_modes","52"
"2020-03-26","Kwilu-Ngongo","Kimpese","1h","Destination_Zone_Resident","Outside_Worker","ZoneGlobale","All_modes","27"
"2020-03-26","Kwilu-Ngongo","Kimpese","1h","Destination_Zone_Resident","Destination_Zone_Worker","ZoneGlobale","All_modes","998"
"2020-03-26","Kwilu-Ngongo","Kimpese","1h","Destination_Zone_Resident","Study_Zone_Worker","ZoneGlobale","All_modes","27"
"2020-03-26","Kwilu-Ngongo","Kimpese","1h","Destination_Zone_Resident","Origin_Zone_Worker","ZoneGlobale","All_modes","310"
"2020-03-26","Kwilu-Ngongo","Kimpese","1h","Study_Zone_Resident","Outside_Worker","ZoneGlobale","All_modes","48"
"2020-03-26","Kwilu-Ngongo","Kimpese","1h","Study_Zone_Resident","Study_Zone_Worker","ZoneGlobale","All_modes","129"
"2020-03-26","Kwilu-Ngongo","Kimpese","1h","Origin_Zone_Resident","Destination_Zone_Worker","ZoneGlobale","All_modes","125"
"2020-03-26","Kwilu-Ngongo","Kimpese","1h","Origin_Zone_Resident","Origin_Zone_Worker","ZoneGlobale","All_modes","341"
"2020-03-26","Kwilu-Ngongo","Kimpese","3h","Outside_Resident","Outside_Worker","ZoneGlobale","All_modes","278"
"2020-03-26","Kwilu-Ngongo","Kimpese","3h","Outside_Resident","Destination_Zone_Worker","ZoneGlobale","All_modes","40"
"2020-03-26","Kwilu-Ngongo","Kimpese","3h","Outside_Resident","Study_Zone_Worker","ZoneGlobale","All_modes","24"
"2020-03-26","Kwilu-Ngongo","Kimpese","3h","Outside_Resident","Origin_Zone_Worker","ZoneGlobale","All_modes","117"
"2020-03-26","Kwilu-Ngongo","Kimpese","3h","Destination_Zone_Resident","Outside_Worker","ZoneGlobale","All_modes","24"
"2020-03-26","Kwilu-Ngongo","Kimpese","3h","Destination_Zone_Resident","Destination_Zone_Worker","ZoneGlobale","All_modes","999"
"2020-03-26","Kwilu-Ngongo","Kimpese","3h","Destination_Zone_Resident","Origin_Zone_Worker","ZoneGlobale","All_modes","449"
"2020-03-26","Kwilu-Ngongo","Kimpese","3h","Study_Zone_Resident","Outside_Worker","ZoneGlobale","All_modes","24"
"2020-03-26","Kwilu-Ngongo","Kimpese","3h","Study_Zone_Resident","Study_Zone_Worker","ZoneGlobale","All_modes","146"
"2020-03-26","Kwilu-Ngongo","Kimpese","3h","Origin_Zone_Resident","Outside_Worker","ZoneGlobale","All_modes","24"
"2020-03-26","Kwilu-Ngongo","Kimpese","3h","Origin_Zone_Resident","Destination_Zone_Worker","ZoneGlobale","All_modes","161"
"2020-03-26","Kwilu-Ngongo","Kimpese","3h","Origin_Zone_Resident","Origin_Zone_Worker","ZoneGlobale","All_modes","821"
"2020-03-26","Kwilu-Ngongo","Kisantu","1h","Study_Zone_Resident","Study_Zone_Worker","ZoneGlobale","All_modes","27"
"2020-03-26","Kwilu-Ngongo","Masa","1h","Study_Zone_Resident","Study_Zone_Worker","ZoneGlobale","All_modes","26"
"2020-03-26","Kwilu-Ngongo","Masa","3h","Outside_Resident","Outside_Worker","ZoneGlobale","All_modes","25"
"2020-03-26","Kwilu-Ngongo","Masa","3h","Study_Zone_Resident","Study_Zone_Worker","ZoneGlobale","All_modes","50"
"2020-03-26","Kwilu-Ngongo","Matadi","1h","Destination_Zone_Resident","Destination_Zone_Worker","ZoneGlobale","All_modes","24"
"2020-03-26","Kwilu-Ngongo","Matadi","3h","Outside_Resident","Outside_Worker","ZoneGlobale","All_modes","40"
"2020-03-26","Kwilu-Ngongo","Matadi","3h","Destination_Zone_Resident","Destination_Zone_Worker","ZoneGlobale","All_modes","24"
"2020-03-26","Kwilu-Ngongo","Mbanza-Ngungu","1h","Outside_Resident","Outside_Worker","ZoneGlobale","All_modes","146"
"2020-03-26","Kwilu-Ngongo","Mbanza-Ngungu","1h","Outside_Resident","Destination_Zone_Worker","ZoneGlobale","All_modes","40"
"2020-03-26","Kwilu-Ngongo","Mbanza-Ngungu","1h","Outside_Resident","Study_Zone_Worker","ZoneGlobale","All_modes","23"
"2020-03-26","Kwilu-Ngongo","Mbanza-Ngungu","1h","Outside_Resident","Origin_Zone_Worker","ZoneGlobale","All_modes","26"
"2020-03-26","Kwilu-Ngongo","Mbanza-Ngungu","1h","Destination_Zone_Resident","Outside_Worker","ZoneGlobale","All_modes","39"
"2020-03-26","Kwilu-Ngongo","Mbanza-Ngungu","1h","Destination_Zone_Resident","Destination_Zone_Worker","ZoneGlobale","All_modes","675"
"2020-03-26","Kwilu-Ngongo","Mbanza-Ngungu","1h","Destination_Zone_Resident","Study_Zone_Worker","ZoneGlobale","All_modes","66"
"2020-03-26","Kwilu-Ngongo","Mbanza-Ngungu","1h","Destination_Zone_Resident","Origin_Zone_Worker","ZoneGlobale","All_modes","209"
"2020-03-26","Kwilu-Ngongo","Mbanza-Ngungu","1h","Study_Zone_Resident","Destination_Zone_Worker","ZoneGlobale","All_modes","26"
"2020-03-26","Kwilu-Ngongo","Mbanza-Ngungu","1h","Study_Zone_Resident","Study_Zone_Worker","ZoneGlobale","All_modes","179"
"2020-03-26","Kwilu-Ngongo","Mbanza-Ngungu","1h","Origin_Zone_Resident","Outside_Worker","ZoneGlobale","All_modes","34"
"2020-03-26","Kwilu-Ngongo","Mbanza-Ngungu","1h","Origin_Zone_Resident","Destination_Zone_Worker","ZoneGlobale","All_modes","38"
"2020-03-26","Kwilu-Ngongo","Mbanza-Ngungu","1h","Origin_Zone_Resident","Study_Zone_Worker","ZoneGlobale","All_modes","40"
"2020-03-26","Kwilu-Ngongo","Mbanza-Ngungu","1h","Origin_Zone_Resident","Origin_Zone_Worker","ZoneGlobale","All_modes","240"
"2020-03-26","Kwilu-Ngongo","Mbanza-Ngungu","3h","Outside_Resident","Outside_Worker","ZoneGlobale","All_modes","411"
"2020-03-26","Kwilu-Ngongo","Mbanza-Ngungu","3h","Outside_Resident","Destination_Zone_Worker","ZoneGlobale","All_modes","87"
"2020-03-26","Kwilu-Ngongo","Mbanza-Ngungu","3h","Outside_Resident","Study_Zone_Worker","ZoneGlobale","All_modes","24"
"2020-03-26","Kwilu-Ngongo","Mbanza-Ngungu","3h","Outside_Resident","Origin_Zone_Worker","ZoneGlobale","All_modes","40"
"2020-03-26","Kwilu-Ngongo","Mbanza-Ngungu","3h","Destination_Zone_Resident","Outside_Worker","ZoneGlobale","All_modes","37"
"2020-03-26","Kwilu-Ngongo","Mbanza-Ngungu","3h","Destination_Zone_Resident","Destination_Zone_Worker","ZoneGlobale","All_modes","855"
"2020-03-26","Kwilu-Ngongo","Mbanza-Ngungu","3h","Destination_Zone_Resident","Study_Zone_Worker","ZoneGlobale","All_modes","157"
"2020-03-26","Kwilu-Ngongo","Mbanza-Ngungu","3h","Destination_Zone_Resident","Origin_Zone_Worker","ZoneGlobale","All_modes","316"
"2020-03-26","Kwilu-Ngongo","Mbanza-Ngungu","3h","Study_Zone_Resident","Outside_Worker","ZoneGlobale","All_modes","37"
"2020-03-26","Kwilu-Ngongo","Mbanza-Ngungu","3h","Study_Zone_Resident","Destination_Zone_Worker","ZoneGlobale","All_modes","35"
"2020-03-26","Kwilu-Ngongo","Mbanza-Ngungu","3h","Study_Zone_Resident","Study_Zone_Worker","ZoneGlobale","All_modes","199"
"2020-03-26","Kwilu-Ngongo","Mbanza-Ngungu","3h","Study_Zone_Resident","Origin_Zone_Worker","ZoneGlobale","All_modes","53"
"2020-03-26","Kwilu-Ngongo","Mbanza-Ngungu","3h","Origin_Zone_Resident","Destination_Zone_Worker","ZoneGlobale","All_modes","66"
"2020-03-26","Kwilu-Ngongo","Mbanza-Ngungu","3h","Origin_Zone_Resident","Study_Zone_Worker","ZoneGlobale","All_modes","54"
"2020-03-26","Kwilu-Ngongo","Mbanza-Ngungu","3h","Origin_Zone_Resident","Origin_Zone_Worker","ZoneGlobale","All_modes","652"
"2020-03-26","Kwilu-Ngongo","Nsona-Mpangu","1h","Outside_Resident","Outside_Worker","ZoneGlobale","All_modes","24"
"2020-03-26","Kwilu-Ngongo","Nsona-Mpangu","1h","Study_Zone_Resident","Study_Zone_Worker","ZoneGlobale","All_modes","151"
"2020-03-26","Kwilu-Ngongo","Nsona-Mpangu","3h","Study_Zone_Resident","Study_Zone_Worker","ZoneGlobale","All_modes","27"
"2020-03-26","Kwilu-Ngongo","Nsona-Mpangu","3h","Origin_Zone_Resident","Origin_Zone_Worker","ZoneGlobale","All_modes","26"
"2020-03-26","Kyondo","Katwa","1h","Destination_Zone_Resident","Study_Zone_Worker","ZoneGlobale","All_modes","47"
"2020-03-26","Kyondo","Katwa","1h","Origin_Zone_Resident","Destination_Zone_Worker","ZoneGlobale","All_modes","95"
"2020-03-26","Kyondo","Katwa","3h","Outside_Resident","Outside_Worker","ZoneGlobale","All_modes","47"
"2020-03-26","Kyondo","Katwa","3h","Outside_Resident","Destination_Zone_Worker","ZoneGlobale","All_modes","47"
"2020-03-26","Kyondo","Katwa","3h","Outside_Resident","Origin_Zone_Worker","ZoneGlobale","All_modes","47"
"2020-03-26","Kyondo","Katwa","3h","Study_Zone_Resident","Origin_Zone_Worker","ZoneGlobale","All_modes","47"
"2020-03-26","Kyondo","Katwa","3h","Origin_Zone_Resident","Destination_Zone_Worker","ZoneGlobale","All_modes","47"
"2020-03-26","Kyondo","Musienene","1h","Destination_Zone_Resident","Origin_Zone_Worker","ZoneGlobale","All_modes","47"
"2020-03-26","Kyondo","Musienene","1h","Origin_Zone_Resident","Origin_Zone_Worker","ZoneGlobale","All_modes","47"
"2020-03-26","Kyondo","Musienene","3h","Outside_Resident","Outside_Worker","ZoneGlobale","All_modes","95"
"2020-03-26","Kyondo","Musienene","3h","Destination_Zone_Resident","Destination_Zone_Worker","ZoneGlobale","All_modes","47"
"2020-03-26","Kyondo","Musienene","3h","Destination_Zone_Resident","Study_Zone_Worker","ZoneGlobale","All_modes","47"
"2020-03-26","Kyondo","Musienene","3h","Study_Zone_Resident","Study_Zone_Worker","ZoneGlobale","All_modes","118"
"2020-03-26","Kyondo","Musienene","3h","Origin_Zone_Resident","Destination_Zone_Worker","ZoneGlobale","All_modes","47"
"2020-03-26","Kyondo","Musienene","3h","Origin_Zone_Resident","Origin_Zone_Worker","ZoneGlobale","All_modes","95"
"2020-03-26","Kyondo","Mutwanga","1h","Destination_Zone_Resident","Destination_Zone_Worker","ZoneGlobale","All_modes","95"
"2020-03-26","Kyondo","Mutwanga","1h","Origin_Zone_Resident","Destination_Zone_Worker","ZoneGlobale","All_modes","95"
"2020-03-26","Kyondo","Mutwanga","3h","Outside_Resident","Outside_Worker","ZoneGlobale","All_modes","47"
"2020-03-26","Kyondo","Mutwanga","3h","Destination_Zone_Resident","Outside_Worker","ZoneGlobale","All_modes","95"
"2020-03-26","Kyondo","Mutwanga","3h","Destination_Zone_Resident","Destination_Zone_Worker","ZoneGlobale","All_modes","47"
"2020-03-26","Kyondo","Mutwanga","3h","Origin_Zone_Resident","Destination_Zone_Worker","ZoneGlobale","All_modes","47"
"2020-03-26","Kyondo","Mutwanga","3h","Origin_Zone_Resident","Origin_Zone_Worker","ZoneGlobale","All_modes","95"
"2020-03-26","Kyondo","Vuhovi","1h","Destination_Zone_Resident","Destination_Zone_Worker","ZoneGlobale","All_modes","47"
"2020-03-26","Kyondo","Vuhovi","1h","Destination_Zone_Resident","Origin_Zone_Worker","ZoneGlobale","All_modes","47"
"2020-03-26","Kyondo","Vuhovi","1h","Origin_Zone_Resident","Destination_Zone_Worker","ZoneGlobale","All_modes","47"
"2020-03-26","Kyondo","Vuhovi","1h","Origin_Zone_Resident","Study_Zone_Worker","ZoneGlobale","All_modes","47"
"2020-03-26","Kyondo","Vuhovi","1h","Origin_Zone_Resident","Origin_Zone_Worker","ZoneGlobale","All_modes","47"
"2020-03-26","Kyondo","Vuhovi","3h","Outside_Resident","Outside_Worker","ZoneGlobale","All_modes","95"
"2020-03-26","Kyondo","Vuhovi","3h","Destination_Zone_Resident","Origin_Zone_Worker","ZoneGlobale","All_modes","47"
"2020-03-26","Lemba","Barumbu","1h","Destination_Zone_Resident","Destination_Zone_Worker","ZoneGlobale","All_modes","68"
"2020-03-26","Lemba","Barumbu","1h","Destination_Zone_Resident","Study_Zone_Worker","ZoneGlobale","All_modes","82"
"2020-03-26","Lemba","Barumbu","1h","Destination_Zone_Resident","Origin_Zone_Worker","ZoneGlobale","All_modes","36"
"2020-03-26","Lemba","Barumbu","1h","Study_Zone_Resident","Study_Zone_Worker","ZoneGlobale","All_modes","35"
"2020-03-26","Lemba","Barumbu","3h","Outside_Resident","Outside_Worker","ZoneGlobale","All_modes","36"
"2020-03-26","Lemba","Barumbu","3h","Destination_Zone_Resident","Destination_Zone_Worker","ZoneGlobale","All_modes","161"
"2020-03-26","Lemba","Barumbu","3h","Destination_Zone_Resident","Study_Zone_Worker","ZoneGlobale","All_modes","38"
"2020-03-26","Lemba","Barumbu","3h","Destination_Zone_Resident","Origin_Zone_Worker","ZoneGlobale","All_modes","59"
"2020-03-26","Lemba","Binza Meteo","1h","Destination_Zone_Resident","Outside_Worker","ZoneGlobale","All_modes","22"
"2020-03-26","Lemba","Binza Meteo","1h","Destination_Zone_Resident","Destination_Zone_Worker","ZoneGlobale","All_modes","215"
"2020-03-26","Lemba","Binza Meteo","1h","Destination_Zone_Resident","Study_Zone_Worker","ZoneGlobale","All_modes","47"
"2020-03-26","Lemba","Binza Meteo","1h","Destination_Zone_Resident","Origin_Zone_Worker","ZoneGlobale","All_modes","42"
"2020-03-26","Lemba","Binza Meteo","1h","Study_Zone_Resident","Study_Zone_Worker","ZoneGlobale","All_modes","30"
"2020-03-26","Lemba","Binza Meteo","1h","Study_Zone_Resident","Origin_Zone_Worker","ZoneGlobale","All_modes","22"
"2020-03-26","Lemba","Binza Meteo","1h","Origin_Zone_Resident","Origin_Zone_Worker","ZoneGlobale","All_modes","29"
"2020-03-26","Lemba","Binza Meteo","3h","Outside_Resident","Outside_Worker","ZoneGlobale","All_modes","78"
"2020-03-26","Lemba","Binza Meteo","3h","Outside_Resident","Destination_Zone_Worker","ZoneGlobale","All_modes","37"
"2020-03-26","Lemba","Binza Meteo","3h","Outside_Resident","Study_Zone_Worker","ZoneGlobale","All_modes","35"
"2020-03-26","Lemba","Binza Meteo","3h","Outside_Resident","Origin_Zone_Worker","ZoneGlobale","All_modes","24"
"2020-03-26","Lemba","Binza Meteo","3h","Destination_Zone_Resident","Outside_Worker","ZoneGlobale","All_modes","45"
"2020-03-26","Lemba","Binza Meteo","3h","Destination_Zone_Resident","Destination_Zone_Worker","ZoneGlobale","All_modes","224"
"2020-03-26","Lemba","Binza Meteo","3h","Destination_Zone_Resident","Study_Zone_Worker","ZoneGlobale","All_modes","109"
"2020-03-26","Lemba","Binza Meteo","3h","Destination_Zone_Resident","Origin_Zone_Worker","ZoneGlobale","All_modes","50"
"2020-03-26","Lemba","Binza Meteo","3h","Study_Zone_Resident","Destination_Zone_Worker","ZoneGlobale","All_modes","40"
"2020-03-26","Lemba","Binza Meteo","3h","Study_Zone_Resident","Study_Zone_Worker","ZoneGlobale","All_modes","137"
"2020-03-26","Lemba","Binza Meteo","3h","Origin_Zone_Resident","Origin_Zone_Worker","ZoneGlobale","All_modes","42"
"2020-03-26","Lemba","Binza Ozone","1h","Destination_Zone_Resident","Destination_Zone_Worker","ZoneGlobale","All_modes","30"
"2020-03-26","Lemba","Binza Ozone","3h","Outside_Resident","Outside_Worker","ZoneGlobale","All_modes","35"
"2020-03-26","Lemba","Binza Ozone","3h","Outside_Resident","Origin_Zone_Worker","ZoneGlobale","All_modes","27"
"2020-03-26","Lemba","Binza Ozone","3h","Destination_Zone_Resident","Destination_Zone_Worker","ZoneGlobale","All_modes","128"
"2020-03-26","Lemba","Binza Ozone","3h","Destination_Zone_Resident","Study_Zone_Worker","ZoneGlobale","All_modes","27"
"2020-03-26","Lemba","Binza Ozone","3h","Destination_Zone_Resident","Origin_Zone_Worker","ZoneGlobale","All_modes","21"
"2020-03-26","Lemba","Bumbu","1h","Outside_Resident","Outside_Worker","ZoneGlobale","All_modes","22"
"2020-03-26","Lemba","Bumbu","1h","Outside_Resident","Destination_Zone_Worker","ZoneGlobale","All_modes","27"
"2020-03-26","Lemba","Bumbu","1h","Destination_Zone_Resident","Destination_Zone_Worker","ZoneGlobale","All_modes","88"
"2020-03-26","Lemba","Bumbu","1h","Destination_Zone_Resident","Study_Zone_Worker","ZoneGlobale","All_modes","38"
"2020-03-26","Lemba","Bumbu","1h","Destination_Zone_Resident","Origin_Zone_Worker","ZoneGlobale","All_modes","25"
"2020-03-26","Lemba","Bumbu","1h","Study_Zone_Resident","Destination_Zone_Worker","ZoneGlobale","All_modes","27"
"2020-03-26","Lemba","Bumbu","1h","Study_Zone_Resident","Study_Zone_Worker","ZoneGlobale","All_modes","33"
"2020-03-26","Lemba","Bumbu","1h","Study_Zone_Resident","Origin_Zone_Worker","ZoneGlobale","All_modes","25"
"2020-03-26","Lemba","Bumbu","1h","Origin_Zone_Resident","Origin_Zone_Worker","ZoneGlobale","All_modes","24"
"2020-03-26","Lemba","Bumbu","3h","Outside_Resident","Outside_Worker","ZoneGlobale","All_modes","65"
"2020-03-26","Lemba","Bumbu","3h","Outside_Resident","Destination_Zone_Worker","ZoneGlobale","All_modes","27"
"2020-03-26","Lemba","Bumbu","3h","Outside_Resident","Study_Zone_Worker","ZoneGlobale","All_modes","87"
"2020-03-26","Lemba","Bumbu","3h","Outside_Resident","Origin_Zone_Worker","ZoneGlobale","All_modes","34"
"2020-03-26","Lemba","Bumbu","3h","Destination_Zone_Resident","Destination_Zone_Worker","ZoneGlobale","All_modes","172"
"2020-03-26","Lemba","Bumbu","3h","Destination_Zone_Resident","Study_Zone_Worker","ZoneGlobale","All_modes","87"
"2020-03-26","Lemba","Bumbu","3h","Destination_Zone_Resident","Origin_Zone_Worker","ZoneGlobale","All_modes","116"
"2020-03-26","Lemba","Bumbu","3h","Study_Zone_Resident","Study_Zone_Worker","ZoneGlobale","All_modes","106"
"2020-03-26","Lemba","Bumbu","3h","Origin_Zone_Resident","Origin_Zone_Worker","ZoneGlobale","All_modes","51"
"2020-03-26","Lemba","Gombe","1h","Destination_Zone_Resident","Destination_Zone_Worker","ZoneGlobale","All_modes","32"
"2020-03-26","Lemba","Gombe","1h","Destination_Zone_Resident","Study_Zone_Worker","ZoneGlobale","All_modes","36"
"2020-03-26","Lemba","Gombe","1h","Study_Zone_Resident","Study_Zone_Worker","ZoneGlobale","All_modes","27"
"2020-03-26","Lemba","Gombe","3h","Outside_Resident","Outside_Worker","ZoneGlobale","All_modes","58"
"2020-03-26","Lemba","Gombe","3h","Outside_Resident","Origin_Zone_Worker","ZoneGlobale","All_modes","26"
"2020-03-26","Lemba","Gombe","3h","Destination_Zone_Resident","Destination_Zone_Worker","ZoneGlobale","All_modes","41"
"2020-03-26","Lemba","Gombe","3h","Destination_Zone_Resident","Origin_Zone_Worker","ZoneGlobale","All_modes","30"
"2020-03-26","Lemba","Gombe","3h","Study_Zone_Resident","Study_Zone_Worker","ZoneGlobale","All_modes","63"
"2020-03-26","Lemba","Gombe","3h","Origin_Zone_Resident","Origin_Zone_Worker","ZoneGlobale","All_modes","81"
"2020-03-26","Lemba","Kalamu I","1h","Outside_Resident","Outside_Worker","ZoneGlobale","All_modes","179"
"2020-03-26","Lemba","Kalamu I","1h","Outside_Resident","Destination_Zone_Worker","ZoneGlobale","All_modes","66"
"2020-03-26","Lemba","Kalamu I","1h","Outside_Resident","Study_Zone_Worker","ZoneGlobale","All_modes","35"
"2020-03-26","Lemba","Kalamu I","1h","Outside_Resident","Origin_Zone_Worker","ZoneGlobale","All_modes","54"
"2020-03-26","Lemba","Kalamu I","1h","Destination_Zone_Resident","Destination_Zone_Worker","ZoneGlobale","All_modes","684"
"2020-03-26","Lemba","Kalamu I","1h","Destination_Zone_Resident","Study_Zone_Worker","ZoneGlobale","All_modes","178"
"2020-03-26","Lemba","Kalamu I","1h","Destination_Zone_Resident","Origin_Zone_Worker","ZoneGlobale","All_modes","205"
"2020-03-26","Lemba","Kalamu I","1h","Study_Zone_Resident","Study_Zone_Worker","ZoneGlobale","All_modes","122"
"2020-03-26","Lemba","Kalamu I","1h","Origin_Zone_Resident","Destination_Zone_Worker","ZoneGlobale","All_modes","85"
"2020-03-26","Lemba","Kalamu I","1h","Origin_Zone_Resident","Study_Zone_Worker","ZoneGlobale","All_modes","32"
"2020-03-26","Lemba","Kalamu I","1h","Origin_Zone_Resident","Origin_Zone_Worker","ZoneGlobale","All_modes","211"
"2020-03-26","Lemba","Kalamu I","3h","Outside_Resident","Outside_Worker","ZoneGlobale","All_modes","349"
"2020-03-26","Lemba","Kalamu I","3h","Outside_Resident","Destination_Zone_Worker","ZoneGlobale","All_modes","155"
"2020-03-26","Lemba","Kalamu I","3h","Outside_Resident","Study_Zone_Worker","ZoneGlobale","All_modes","67"
"2020-03-26","Lemba","Kalamu I","3h","Outside_Resident","Origin_Zone_Worker","ZoneGlobale","All_modes","133"
"2020-03-26","Lemba","Kalamu I","3h","Destination_Zone_Resident","Outside_Worker","ZoneGlobale","All_modes","314"
"2020-03-26","Lemba","Kalamu I","3h","Destination_Zone_Resident","Destination_Zone_Worker","ZoneGlobale","All_modes","692"
"2020-03-26","Lemba","Kalamu I","3h","Destination_Zone_Resident","Study_Zone_Worker","ZoneGlobale","All_modes","193"
"2020-03-26","Lemba","Kalamu I","3h","Destination_Zone_Resident","Origin_Zone_Worker","ZoneGlobale","All_modes","325"
"2020-03-26","Lemba","Kalamu I","3h","Study_Zone_Resident","Study_Zone_Worker","ZoneGlobale","All_modes","180"
"2020-03-26","Lemba","Kalamu I","3h","Study_Zone_Resident","Origin_Zone_Worker","ZoneGlobale","All_modes","88"
"2020-03-26","Lemba","Kalamu I","3h","Origin_Zone_Resident","Destination_Zone_Worker","ZoneGlobale","All_modes","49"
"2020-03-26","Lemba","Kalamu I","3h","Origin_Zone_Resident","Study_Zone_Worker","ZoneGlobale","All_modes","48"
"2020-03-26","Lemba","Kalamu I","3h","Origin_Zone_Resident","Origin_Zone_Worker","ZoneGlobale","All_modes","342"
"2020-03-26","Lemba","Kalamu II","1h","Outside_Resident","Outside_Worker","ZoneGlobale","All_modes","64"
"2020-03-26","Lemba","Kalamu II","1h","Destination_Zone_Resident","Outside_Worker","ZoneGlobale","All_modes","26"
"2020-03-26","Lemba","Kalamu II","1h","Destination_Zone_Resident","Destination_Zone_Worker","ZoneGlobale","All_modes","173"
"2020-03-26","Lemba","Kalamu II","1h","Destination_Zone_Resident","Study_Zone_Worker","ZoneGlobale","All_modes","23"
"2020-03-26","Lemba","Kalamu II","1h","Study_Zone_Resident","Study_Zone_Worker","ZoneGlobale","All_modes","78"
"2020-03-26","Lemba","Kalamu II","1h","Origin_Zone_Resident","Origin_Zone_Worker","ZoneGlobale","All_modes","65"
"2020-03-26","Lemba","Kalamu II","3h","Outside_Resident","Outside_Worker","ZoneGlobale","All_modes","147"
"2020-03-26","Lemba","Kalamu II","3h","Outside_Resident","Study_Zone_Worker","ZoneGlobale","All_modes","42"
"2020-03-26","Lemba","Kalamu II","3h","Outside_Resident","Origin_Zone_Worker","ZoneGlobale","All_modes","24"
"2020-03-26","Lemba","Kalamu II","3h","Destination_Zone_Resident","Outside_Worker","ZoneGlobale","All_modes","23"
"2020-03-26","Lemba","Kalamu II","3h","Destination_Zone_Resident","Destination_Zone_Worker","ZoneGlobale","All_modes","196"
"2020-03-26","Lemba","Kalamu II","3h","Destination_Zone_Resident","Study_Zone_Worker","ZoneGlobale","All_modes","63"
"2020-03-26","Lemba","Kalamu II","3h","Destination_Zone_Resident","Origin_Zone_Worker","ZoneGlobale","All_modes","64"
"2020-03-26","Lemba","Kalamu II","3h","Study_Zone_Resident","Study_Zone_Worker","ZoneGlobale","All_modes","93"
"2020-03-26","Lemba","Kalamu II","3h","Study_Zone_Resident","Origin_Zone_Worker","ZoneGlobale","All_modes","50"
"2020-03-26","Lemba","Kalamu II","3h","Origin_Zone_Resident","Study_Zone_Worker","ZoneGlobale","All_modes","27"
"2020-03-26","Lemba","Kalamu II","3h","Origin_Zone_Resident","Origin_Zone_Worker","ZoneGlobale","All_modes","45"
"2020-03-26","Lemba","Kasa-Vubu","1h","Outside_Resident","Outside_Worker","ZoneGlobale","All_modes","47"
"2020-03-26","Lemba","Kasa-Vubu","1h","Destination_Zone_Resident","Destination_Zone_Worker","ZoneGlobale","All_modes","63"
"2020-03-26","Lemba","Kasa-Vubu","1h","Study_Zone_Resident","Study_Zone_Worker","ZoneGlobale","All_modes","73"
"2020-03-26","Lemba","Kasa-Vubu","3h","Outside_Resident","Outside_Worker","ZoneGlobale","All_modes","74"
"2020-03-26","Lemba","Kasa-Vubu","3h","Outside_Resident","Destination_Zone_Worker","ZoneGlobale","All_modes","22"
"2020-03-26","Lemba","Kasa-Vubu","3h","Outside_Resident","Study_Zone_Worker","ZoneGlobale","All_modes","22"
"2020-03-26","Lemba","Kasa-Vubu","3h","Destination_Zone_Resident","Destination_Zone_Worker","ZoneGlobale","All_modes","85"
"2020-03-26","Lemba","Kasa-Vubu","3h","Destination_Zone_Resident","Study_Zone_Worker","ZoneGlobale","All_modes","25"
"2020-03-26","Lemba","Kasa-Vubu","3h","Destination_Zone_Resident","Origin_Zone_Worker","ZoneGlobale","All_modes","26"
"2020-03-26","Lemba","Kasa-Vubu","3h","Study_Zone_Resident","Study_Zone_Worker","ZoneGlobale","All_modes","159"
"2020-03-26","Lemba","Kasa-Vubu","3h","Origin_Zone_Resident","Origin_Zone_Worker","ZoneGlobale","All_modes","26"
"2020-03-26","Lemba","Kikimi","1h","Outside_Resident","Outside_Worker","ZoneGlobale","All_modes","48"
"2020-03-26","Lemba","Kikimi","1h","Outside_Resident","Origin_Zone_Worker","ZoneGlobale","All_modes","27"
"2020-03-26","Lemba","Kikimi","1h","Destination_Zone_Resident","Outside_Worker","ZoneGlobale","All_modes","26"
"2020-03-26","Lemba","Kikimi","1h","Origin_Zone_Resident","Origin_Zone_Worker","ZoneGlobale","All_modes","45"
"2020-03-26","Lemba","Kikimi","3h","Outside_Resident","Outside_Worker","ZoneGlobale","All_modes","463"
"2020-03-26","Lemba","Kikimi","3h","Outside_Resident","Study_Zone_Worker","ZoneGlobale","All_modes","47"
"2020-03-26","Lemba","Kikimi","3h","Outside_Resident","Origin_Zone_Worker","ZoneGlobale","All_modes","72"
"2020-03-26","Lemba","Kikimi","3h","Destination_Zone_Resident","Destination_Zone_Worker","ZoneGlobale","All_modes","102"
"2020-03-26","Lemba","Kikimi","3h","Destination_Zone_Resident","Study_Zone_Worker","ZoneGlobale","All_modes","60"
"2020-03-26","Lemba","Kikimi","3h","Destination_Zone_Resident","Origin_Zone_Worker","ZoneGlobale","All_modes","67"
"2020-03-26","Lemba","Kikimi","3h","Study_Zone_Resident","Study_Zone_Worker","ZoneGlobale","All_modes","78"
"2020-03-26","Lemba","Kikimi","3h","Study_Zone_Resident","Origin_Zone_Worker","ZoneGlobale","All_modes","23"
"2020-03-26","Lemba","Kikimi","3h","Origin_Zone_Resident","Study_Zone_Worker","ZoneGlobale","All_modes","27"
"2020-03-26","Lemba","Kikimi","3h","Origin_Zone_Resident","Origin_Zone_Worker","ZoneGlobale","All_modes","234"
"2020-03-26","Lemba","Kikwit-Sud","1h","Origin_Zone_Resident","Origin_Zone_Worker","ZoneGlobale","All_modes","355"
"2020-03-26","Lemba","Kikwit-Sud","3h","Outside_Resident","Outside_Worker","ZoneGlobale","All_modes","355"
"2020-03-26","Lemba","Kimbanseke","1h","Outside_Resident","Outside_Worker","ZoneGlobale","All_modes","99"
"2020-03-26","Lemba","Kimbanseke","1h","Outside_Resident","Destination_Zone_Worker","ZoneGlobale","All_modes","25"
"2020-03-26","Lemba","Kimbanseke","1h","Destination_Zone_Resident","Outside_Worker","ZoneGlobale","All_modes","70"
"2020-03-26","Lemba","Kimbanseke","1h","Destination_Zone_Resident","Destination_Zone_Worker","ZoneGlobale","All_modes","223"
"2020-03-26","Lemba","Kimbanseke","1h","Destination_Zone_Resident","Study_Zone_Worker","ZoneGlobale","All_modes","43"
"2020-03-26","Lemba","Kimbanseke","1h","Destination_Zone_Resident","Origin_Zone_Worker","ZoneGlobale","All_modes","96"
"2020-03-26","Lemba","Kimbanseke","1h","Study_Zone_Resident","Study_Zone_Worker","ZoneGlobale","All_modes","24"
"2020-03-26","Lemba","Kimbanseke","1h","Study_Zone_Resident","Origin_Zone_Worker","ZoneGlobale","All_modes","24"
"2020-03-26","Lemba","Kimbanseke","1h","Origin_Zone_Resident","Origin_Zone_Worker","ZoneGlobale","All_modes","39"
"2020-03-26","Lemba","Kimbanseke","3h","Outside_Resident","Outside_Worker","ZoneGlobale","All_modes","262"
"2020-03-26","Lemba","Kimbanseke","3h","Outside_Resident","Destination_Zone_Worker","ZoneGlobale","All_modes","39"
"2020-03-26","Lemba","Kimbanseke","3h","Outside_Resident","Study_Zone_Worker","ZoneGlobale","All_modes","75"
"2020-03-26","Lemba","Kimbanseke","3h","Outside_Resident","Origin_Zone_Worker","ZoneGlobale","All_modes","36"
"2020-03-26","Lemba","Kimbanseke","3h","Destination_Zone_Resident","Outside_Worker","ZoneGlobale","All_modes","98"
"2020-03-26","Lemba","Kimbanseke","3h","Destination_Zone_Resident","Destination_Zone_Worker","ZoneGlobale","All_modes","336"
"2020-03-26","Lemba","Kimbanseke","3h","Destination_Zone_Resident","Study_Zone_Worker","ZoneGlobale","All_modes","64"
"2020-03-26","Lemba","Kimbanseke","3h","Destination_Zone_Resident","Origin_Zone_Worker","ZoneGlobale","All_modes","223"
"2020-03-26","Lemba","Kimbanseke","3h","Study_Zone_Resident","Study_Zone_Worker","ZoneGlobale","All_modes","77"
"2020-03-26","Lemba","Kimbanseke","3h","Study_Zone_Resident","Origin_Zone_Worker","ZoneGlobale","All_modes","22"
"2020-03-26","Lemba","Kimbanseke","3h","Origin_Zone_Resident","Origin_Zone_Worker","ZoneGlobale","All_modes","63"
"2020-03-26","Lemba","Kingabwa","1h","Outside_Resident","Outside_Worker","ZoneGlobale","All_modes","138"
"2020-03-26","Lemba","Kingabwa","1h","Outside_Resident","Destination_Zone_Worker","ZoneGlobale","All_modes","25"
"2020-03-26","Lemba","Kingabwa","1h","Outside_Resident","Origin_Zone_Worker","ZoneGlobale","All_modes","37"
"2020-03-26","Lemba","Kingabwa","1h","Destination_Zone_Resident","Destination_Zone_Worker","ZoneGlobale","All_modes","173"
"2020-03-26","Lemba","Kingabwa","1h","Destination_Zone_Resident","Study_Zone_Worker","ZoneGlobale","All_modes","93"
"2020-03-26","Lemba","Kingabwa","1h","Destination_Zone_Resident","Origin_Zone_Worker","ZoneGlobale","All_modes","159"
"2020-03-26","Lemba","Kingabwa","1h","Study_Zone_Resident","Study_Zone_Worker","ZoneGlobale","All_modes","54"
"2020-03-26","Lemba","Kingabwa","3h","Outside_Resident","Outside_Worker","ZoneGlobale","All_modes","296"
"2020-03-26","Lemba","Kingabwa","3h","Outside_Resident","Destination_Zone_Worker","ZoneGlobale","All_modes","36"
"2020-03-26","Lemba","Kingabwa","3h","Outside_Resident","Study_Zone_Worker","ZoneGlobale","All_modes","47"
"2020-03-26","Lemba","Kingabwa","3h","Outside_Resident","Origin_Zone_Worker","ZoneGlobale","All_modes","126"
"2020-03-26","Lemba","Kingabwa","3h","Destination_Zone_Resident","Destination_Zone_Worker","ZoneGlobale","All_modes","367"
"2020-03-26","Lemba","Kingabwa","3h","Destination_Zone_Resident","Study_Zone_Worker","ZoneGlobale","All_modes","88"
"2020-03-26","Lemba","Kingabwa","3h","Destination_Zone_Resident","Origin_Zone_Worker","ZoneGlobale","All_modes","273"
"2020-03-26","Lemba","Kingabwa","3h","Study_Zone_Resident","Outside_Worker","ZoneGlobale","All_modes","24"
"2020-03-26","Lemba","Kingabwa","3h","Study_Zone_Resident","Study_Zone_Worker","ZoneGlobale","All_modes","138"
"2020-03-26","Lemba","Kingabwa","3h","Study_Zone_Resident","Origin_Zone_Worker","ZoneGlobale","All_modes","68"
"2020-03-26","Lemba","Kingabwa","3h","Origin_Zone_Resident","Study_Zone_Worker","ZoneGlobale","All_modes","24"
"2020-03-26","Lemba","Kingabwa","3h","Origin_Zone_Resident","Origin_Zone_Worker","ZoneGlobale","All_modes","60"
"2020-03-26","Lemba","Kinshasa","1h","Outside_Resident","Outside_Worker","ZoneGlobale","All_modes","60"
"2020-03-26","Lemba","Kinshasa","1h","Destination_Zone_Resident","Outside_Worker","ZoneGlobale","All_modes","25"
"2020-03-26","Lemba","Kinshasa","1h","Destination_Zone_Resident","Destination_Zone_Worker","ZoneGlobale","All_modes","91"
"2020-03-26","Lemba","Kinshasa","1h","Destination_Zone_Resident","Study_Zone_Worker","ZoneGlobale","All_modes","24"
"2020-03-26","Lemba","Kinshasa","1h","Origin_Zone_Resident","Origin_Zone_Worker","ZoneGlobale","All_modes","37"
"2020-03-26","Lemba","Kinshasa","3h","Outside_Resident","Outside_Worker","ZoneGlobale","All_modes","48"
"2020-03-26","Lemba","Kinshasa","3h","Destination_Zone_Resident","Destination_Zone_Worker","ZoneGlobale","All_modes","127"
"2020-03-26","Lemba","Kinshasa","3h","Destination_Zone_Resident","Study_Zone_Worker","ZoneGlobale","All_modes","38"
"2020-03-26","Lemba","Kinshasa","3h","Destination_Zone_Resident","Origin_Zone_Worker","ZoneGlobale","All_modes","53"
"2020-03-26","Lemba","Kinshasa","3h","Study_Zone_Resident","Study_Zone_Worker","ZoneGlobale","All_modes","26"
"2020-03-26","Lemba","Kinshasa","3h","Origin_Zone_Resident","Origin_Zone_Worker","ZoneGlobale","All_modes","27"
"2020-03-26","Lemba","Kintambo","1h","Destination_Zone_Resident","Destination_Zone_Worker","ZoneGlobale","All_modes","44"
"2020-03-26","Lemba","Kintambo","1h","Destination_Zone_Resident","Origin_Zone_Worker","ZoneGlobale","All_modes","26"
"2020-03-26","Lemba","Kintambo","1h","Study_Zone_Resident","Study_Zone_Worker","ZoneGlobale","All_modes","25"
"2020-03-26","Lemba","Kintambo","3h","Destination_Zone_Resident","Destination_Zone_Worker","ZoneGlobale","All_modes","48"
"2020-03-26","Lemba","Kintambo","3h","Destination_Zone_Resident","Origin_Zone_Worker","ZoneGlobale","All_modes","40"
"2020-03-26","Lemba","Kintambo","3h","Study_Zone_Resident","Study_Zone_Worker","ZoneGlobale","All_modes","51"
"2020-03-26","Lemba","Kisenso","1h","Outside_Resident","Outside_Worker","ZoneGlobale","All_modes","711"
"2020-03-26","Lemba","Kisenso","1h","Outside_Resident","Destination_Zone_Worker","ZoneGlobale","All_modes","138"
"2020-03-26","Lemba","Kisenso","1h","Outside_Resident","Study_Zone_Worker","ZoneGlobale","All_modes","36"
"2020-03-26","Lemba","Kisenso","1h","Outside_Resident","Origin_Zone_Worker","ZoneGlobale","All_modes","117"
"2020-03-26","Lemba","Kisenso","1h","Destination_Zone_Resident","Outside_Worker","ZoneGlobale","All_modes","250"
"2020-03-26","Lemba","Kisenso","1h","Destination_Zone_Resident","Destination_Zone_Worker","ZoneGlobale","All_modes","1419"
"2020-03-26","Lemba","Kisenso","1h","Destination_Zone_Resident","Study_Zone_Worker","ZoneGlobale","All_modes","214"
"2020-03-26","Lemba","Kisenso","1h","Destination_Zone_Resident","Origin_Zone_Worker","ZoneGlobale","All_modes","780"
"2020-03-26","Lemba","Kisenso","1h","Study_Zone_Resident","Outside_Worker","ZoneGlobale","All_modes","27"
"2020-03-26","Lemba","Kisenso","1h","Study_Zone_Resident","Destination_Zone_Worker","ZoneGlobale","All_modes","59"
"2020-03-26","Lemba","Kisenso","1h","Study_Zone_Resident","Study_Zone_Worker","ZoneGlobale","All_modes","185"
"2020-03-26","Lemba","Kisenso","1h","Study_Zone_Resident","Origin_Zone_Worker","ZoneGlobale","All_modes","109"
"2020-03-26","Lemba","Kisenso","1h","Origin_Zone_Resident","Destination_Zone_Worker","ZoneGlobale","All_modes","106"
"2020-03-26","Lemba","Kisenso","1h","Origin_Zone_Resident","Study_Zone_Worker","ZoneGlobale","All_modes","67"
"2020-03-26","Lemba","Kisenso","1h","Origin_Zone_Resident","Origin_Zone_Worker","ZoneGlobale","All_modes","625"
"2020-03-26","Lemba","Kisenso","3h","Outside_Resident","Outside_Worker","ZoneGlobale","All_modes","1316"
"2020-03-26","Lemba","Kisenso","3h","Outside_Resident","Destination_Zone_Worker","ZoneGlobale","All_modes","265"
"2020-03-26","Lemba","Kisenso","3h","Outside_Resident","Study_Zone_Worker","ZoneGlobale","All_modes","154"
"2020-03-26","Lemba","Kisenso","3h","Outside_Resident","Origin_Zone_Worker","ZoneGlobale","All_modes","519"
"2020-03-26","Lemba","Kisenso","3h","Destination_Zone_Resident","Outside_Worker","ZoneGlobale","All_modes","242"
"2020-03-26","Lemba","Kisenso","3h","Destination_Zone_Resident","Destination_Zone_Worker","ZoneGlobale","All_modes","1715"
"2020-03-26","Lemba","Kisenso","3h","Destination_Zone_Resident","Study_Zone_Worker","ZoneGlobale","All_modes","227"
"2020-03-26","Lemba","Kisenso","3h","Destination_Zone_Resident","Origin_Zone_Worker","ZoneGlobale","All_modes","1492"
"2020-03-26","Lemba","Kisenso","3h","Study_Zone_Resident","Outside_Worker","ZoneGlobale","All_modes","27"
"2020-03-26","Lemba","Kisenso","3h","Study_Zone_Resident","Destination_Zone_Worker","ZoneGlobale","All_modes","69"
"2020-03-26","Lemba","Kisenso","3h","Study_Zone_Resident","Study_Zone_Worker","ZoneGlobale","All_modes","287"
"2020-03-26","Lemba","Kisenso","3h","Study_Zone_Resident","Origin_Zone_Worker","ZoneGlobale","All_modes","139"
"2020-03-26","Lemba","Kisenso","3h","Origin_Zone_Resident","Outside_Worker","ZoneGlobale","All_modes","47"
"2020-03-26","Lemba","Kisenso","3h","Origin_Zone_Resident","Destination_Zone_Worker","ZoneGlobale","All_modes","106"
"2020-03-26","Lemba","Kisenso","3h","Origin_Zone_Resident","Study_Zone_Worker","ZoneGlobale","All_modes","60"
"2020-03-26","Lemba","Kisenso","3h","Origin_Zone_Resident","Origin_Zone_Worker","ZoneGlobale","All_modes","1007"
"2020-03-26","Lemba","Kokolo","1h","Destination_Zone_Resident","Destination_Zone_Worker","ZoneGlobale","All_modes","206"
"2020-03-26","Lemba","Kokolo","1h","Destination_Zone_Resident","Study_Zone_Worker","ZoneGlobale","All_modes","54"
"2020-03-26","Lemba","Kokolo","1h","Destination_Zone_Resident","Origin_Zone_Worker","ZoneGlobale","All_modes","26"
"2020-03-26","Lemba","Kokolo","1h","Study_Zone_Resident","Destination_Zone_Worker","ZoneGlobale","All_modes","22"
"2020-03-26","Lemba","Kokolo","3h","Outside_Resident","Outside_Worker","ZoneGlobale","All_modes","35"
"2020-03-26","Lemba","Kokolo","3h","Destination_Zone_Resident","Destination_Zone_Worker","ZoneGlobale","All_modes","293"
"2020-03-26","Lemba","Kokolo","3h","Destination_Zone_Resident","Study_Zone_Worker","ZoneGlobale","All_modes","27"
"2020-03-26","Lemba","Kokolo","3h","Destination_Zone_Resident","Origin_Zone_Worker","ZoneGlobale","All_modes","60"
"2020-03-26","Lemba","Kokolo","3h","Study_Zone_Resident","Destination_Zone_Worker","ZoneGlobale","All_modes","76"
"2020-03-26","Lemba","Kokolo","3h","Study_Zone_Resident","Study_Zone_Worker","ZoneGlobale","All_modes","34"
"2020-03-26","Lemba","Kokolo","3h","Origin_Zone_Resident","Origin_Zone_Worker","ZoneGlobale","All_modes","59"
"2020-03-26","Lemba","Limete","1h","Outside_Resident","Outside_Worker","ZoneGlobale","All_modes","370"
"2020-03-26","Lemba","Limete","1h","Outside_Resident","Destination_Zone_Worker","ZoneGlobale","All_modes","131"
"2020-03-26","Lemba","Limete","1h","Outside_Resident","Study_Zone_Worker","ZoneGlobale","All_modes","96"
"2020-03-26","Lemba","Limete","1h","Outside_Resident","Origin_Zone_Worker","ZoneGlobale","All_modes","198"
"2020-03-26","Lemba","Limete","1h","Destination_Zone_Resident","Outside_Worker","ZoneGlobale","All_modes","32"
"2020-03-26","Lemba","Limete","1h","Destination_Zone_Resident","Destination_Zone_Worker","ZoneGlobale","All_modes","2172"
"2020-03-26","Lemba","Limete","1h","Destination_Zone_Resident","Study_Zone_Worker","ZoneGlobale","All_modes","227"
"2020-03-26","Lemba","Limete","1h","Destination_Zone_Resident","Origin_Zone_Worker","ZoneGlobale","All_modes","323"
"2020-03-26","Lemba","Limete","1h","Study_Zone_Resident","Destination_Zone_Worker","ZoneGlobale","All_modes","63"
"2020-03-26","Lemba","Limete","1h","Study_Zone_Resident","Study_Zone_Worker","ZoneGlobale","All_modes","269"
"2020-03-26","Lemba","Limete","1h","Study_Zone_Resident","Origin_Zone_Worker","ZoneGlobale","All_modes","26"
"2020-03-26","Lemba","Limete","1h","Origin_Zone_Resident","Outside_Worker","ZoneGlobale","All_modes","48"
"2020-03-26","Lemba","Limete","1h","Origin_Zone_Resident","Destination_Zone_Worker","ZoneGlobale","All_modes","177"
"2020-03-26","Lemba","Limete","1h","Origin_Zone_Resident","Study_Zone_Worker","ZoneGlobale","All_modes","60"
"2020-03-26","Lemba","Limete","1h","Origin_Zone_Resident","Origin_Zone_Worker","ZoneGlobale","All_modes","1045"
"2020-03-26","Lemba","Limete","3h","Outside_Resident","Outside_Worker","ZoneGlobale","All_modes","921"
"2020-03-26","Lemba","Limete","3h","Outside_Resident","Destination_Zone_Worker","ZoneGlobale","All_modes","269"
"2020-03-26","Lemba","Limete","3h","Outside_Resident","Study_Zone_Worker","ZoneGlobale","All_modes","143"
"2020-03-26","Lemba","Limete","3h","Outside_Resident","Origin_Zone_Worker","ZoneGlobale","All_modes","718"
"2020-03-26","Lemba","Limete","3h","Destination_Zone_Resident","Outside_Worker","ZoneGlobale","All_modes","63"
"2020-03-26","Lemba","Limete","3h","Destination_Zone_Resident","Destination_Zone_Worker","ZoneGlobale","All_modes","2108"
"2020-03-26","Lemba","Limete","3h","Destination_Zone_Resident","Study_Zone_Worker","ZoneGlobale","All_modes","334"
"2020-03-26","Lemba","Limete","3h","Destination_Zone_Resident","Origin_Zone_Worker","ZoneGlobale","All_modes","625"
"2020-03-26","Lemba","Limete","3h","Study_Zone_Resident","Destination_Zone_Worker","ZoneGlobale","All_modes","68"
"2020-03-26","Lemba","Limete","3h","Study_Zone_Resident","Study_Zone_Worker","ZoneGlobale","All_modes","236"
"2020-03-26","Lemba","Limete","3h","Study_Zone_Resident","Origin_Zone_Worker","ZoneGlobale","All_modes","31"
"2020-03-26","Lemba","Limete","3h","Origin_Zone_Resident","Outside_Worker","ZoneGlobale","All_modes","77"
"2020-03-26","Lemba","Limete","3h","Origin_Zone_Resident","Destination_Zone_Worker","ZoneGlobale","All_modes","241"
"2020-03-26","Lemba","Limete","3h","Origin_Zone_Resident","Study_Zone_Worker","ZoneGlobale","All_modes","145"
"2020-03-26","Lemba","Limete","3h","Origin_Zone_Resident","Origin_Zone_Worker","ZoneGlobale","All_modes","2216"
"2020-03-26","Lemba","Makala","1h","Outside_Resident","Outside_Worker","ZoneGlobale","All_modes","896"
"2020-03-26","Lemba","Makala","1h","Outside_Resident","Destination_Zone_Worker","ZoneGlobale","All_modes","175"
"2020-03-26","Lemba","Makala","1h","Outside_Resident","Study_Zone_Worker","ZoneGlobale","All_modes","51"
"2020-03-26","Lemba","Makala","1h","Outside_Resident","Origin_Zone_Worker","ZoneGlobale","All_modes","181"
"2020-03-26","Lemba","Makala","1h","Destination_Zone_Resident","Outside_Worker","ZoneGlobale","All_modes","225"
"2020-03-26","Lemba","Makala","1h","Destination_Zone_Resident","Destination_Zone_Worker","ZoneGlobale","All_modes","2092"
"2020-03-26","Lemba","Makala","1h","Destination_Zone_Resident","Study_Zone_Worker","ZoneGlobale","All_modes","478"
"2020-03-26","Lemba","Makala","1h","Destination_Zone_Resident","Origin_Zone_Worker","ZoneGlobale","All_modes","575"
"2020-03-26","Lemba","Makala","1h","Study_Zone_Resident","Destination_Zone_Worker","ZoneGlobale","All_modes","37"
"2020-03-26","Lemba","Makala","1h","Study_Zone_Resident","Study_Zone_Worker","ZoneGlobale","All_modes","133"
"2020-03-26","Lemba","Makala","1h","Study_Zone_Resident","Origin_Zone_Worker","ZoneGlobale","All_modes","39"
"2020-03-26","Lemba","Makala","1h","Origin_Zone_Resident","Outside_Worker","ZoneGlobale","All_modes","76"
"2020-03-26","Lemba","Makala","1h","Origin_Zone_Resident","Destination_Zone_Worker","ZoneGlobale","All_modes","206"
"2020-03-26","Lemba","Makala","1h","Origin_Zone_Resident","Study_Zone_Worker","ZoneGlobale","All_modes","103"
"2020-03-26","Lemba","Makala","1h","Origin_Zone_Resident","Origin_Zone_Worker","ZoneGlobale","All_modes","864"
"2020-03-26","Lemba","Makala","3h","Outside_Resident","Outside_Worker","ZoneGlobale","All_modes","1576"
"2020-03-26","Lemba","Makala","3h","Outside_Resident","Destination_Zone_Worker","ZoneGlobale","All_modes","405"
"2020-03-26","Lemba","Makala","3h","Outside_Resident","Study_Zone_Worker","ZoneGlobale","All_modes","145"
"2020-03-26","Lemba","Makala","3h","Outside_Resident","Origin_Zone_Worker","ZoneGlobale","All_modes","531"
"2020-03-26","Lemba","Makala","3h","Destination_Zone_Resident","Outside_Worker","ZoneGlobale","All_modes","200"
"2020-03-26","Lemba","Makala","3h","Destination_Zone_Resident","Destination_Zone_Worker","ZoneGlobale","All_modes","2225"
"2020-03-26","Lemba","Makala","3h","Destination_Zone_Resident","Study_Zone_Worker","ZoneGlobale","All_modes","297"
"2020-03-26","Lemba","Makala","3h","Destination_Zone_Resident","Origin_Zone_Worker","ZoneGlobale","All_modes","1302"
"2020-03-26","Lemba","Makala","3h","Study_Zone_Resident","Outside_Worker","ZoneGlobale","All_modes","50"
"2020-03-26","Lemba","Makala","3h","Study_Zone_Resident","Destination_Zone_Worker","ZoneGlobale","All_modes","26"
"2020-03-26","Lemba","Makala","3h","Study_Zone_Resident","Study_Zone_Worker","ZoneGlobale","All_modes","223"
"2020-03-26","Lemba","Makala","3h","Study_Zone_Resident","Origin_Zone_Worker","ZoneGlobale","All_modes","71"
"2020-03-26","Lemba","Makala","3h","Origin_Zone_Resident","Outside_Worker","ZoneGlobale","All_modes","159"
"2020-03-26","Lemba","Makala","3h","Origin_Zone_Resident","Destination_Zone_Worker","ZoneGlobale","All_modes","275"
"2020-03-26","Lemba","Makala","3h","Origin_Zone_Resident","Study_Zone_Worker","ZoneGlobale","All_modes","141"
"2020-03-26","Lemba","Makala","3h","Origin_Zone_Resident","Origin_Zone_Worker","ZoneGlobale","All_modes","2407"
"2020-03-26","Lemba","Maluku I","1h","Outside_Resident","Outside_Worker","ZoneGlobale","All_modes","58"
"2020-03-26","Lemba","Maluku I","1h","Origin_Zone_Resident","Study_Zone_Worker","ZoneGlobale","All_modes","35"
"2020-03-26","Lemba","Maluku I","1h","Origin_Zone_Resident","Origin_Zone_Worker","ZoneGlobale","All_modes","62"
"2020-03-26","Lemba","Maluku I","3h","Outside_Resident","Outside_Worker","ZoneGlobale","All_modes","64"
"2020-03-26","Lemba","Maluku I","3h","Study_Zone_Resident","Study_Zone_Worker","ZoneGlobale","All_modes","93"
"2020-03-26","Lemba","Maluku I","3h","Origin_Zone_Resident","Origin_Zone_Worker","ZoneGlobale","All_modes","202"
"2020-03-26","Lemba","Masina I","1h","Destination_Zone_Resident","Destination_Zone_Worker","ZoneGlobale","All_modes","129"
"2020-03-26","Lemba","Masina I","1h","Destination_Zone_Resident","Origin_Zone_Worker","ZoneGlobale","All_modes","36"
"2020-03-26","Lemba","Masina I","1h","Study_Zone_Resident","Study_Zone_Worker","ZoneGlobale","All_modes","35"
"2020-03-26","Lemba","Masina I","3h","Outside_Resident","Outside_Worker","ZoneGlobale","All_modes","42"
"2020-03-26","Lemba","Masina I","3h","Outside_Resident","Study_Zone_Worker","ZoneGlobale","All_modes","27"
"2020-03-26","Lemba","Masina I","3h","Destination_Zone_Resident","Destination_Zone_Worker","ZoneGlobale","All_modes","203"
"2020-03-26","Lemba","Masina I","3h","Destination_Zone_Resident","Origin_Zone_Worker","ZoneGlobale","All_modes","109"
"2020-03-26","Lemba","Masina I","3h","Study_Zone_Resident","Origin_Zone_Worker","ZoneGlobale","All_modes","26"
"2020-03-26","Lemba","Masina II","1h","Outside_Resident","Outside_Worker","ZoneGlobale","All_modes","90"
"2020-03-26","Lemba","Masina II","1h","Outside_Resident","Destination_Zone_Worker","ZoneGlobale","All_modes","60"
"2020-03-26","Lemba","Masina II","1h","Outside_Resident","Origin_Zone_Worker","ZoneGlobale","All_modes","24"
"2020-03-26","Lemba","Masina II","1h","Destination_Zone_Resident","Outside_Worker","ZoneGlobale","All_modes","49"
"2020-03-26","Lemba","Masina II","1h","Destination_Zone_Resident","Destination_Zone_Worker","ZoneGlobale","All_modes","443"
"2020-03-26","Lemba","Masina II","1h","Destination_Zone_Resident","Study_Zone_Worker","ZoneGlobale","All_modes","132"
"2020-03-26","Lemba","Masina II","1h","Destination_Zone_Resident","Origin_Zone_Worker","ZoneGlobale","All_modes","157"
"2020-03-26","Lemba","Masina II","1h","Study_Zone_Resident","Study_Zone_Worker","ZoneGlobale","All_modes","65"
"2020-03-26","Lemba","Masina II","1h","Study_Zone_Resident","Origin_Zone_Worker","ZoneGlobale","All_modes","27"
"2020-03-26","Lemba","Masina II","1h","Origin_Zone_Resident","Origin_Zone_Worker","ZoneGlobale","All_modes","47"
"2020-03-26","Lemba","Masina II","3h","Outside_Resident","Outside_Worker","ZoneGlobale","All_modes","250"
"2020-03-26","Lemba","Masina II","3h","Outside_Resident","Destination_Zone_Worker","ZoneGlobale","All_modes","33"
"2020-03-26","Lemba","Masina II","3h","Outside_Resident","Study_Zone_Worker","ZoneGlobale","All_modes","27"
"2020-03-26","Lemba","Masina II","3h","Outside_Resident","Origin_Zone_Worker","ZoneGlobale","All_modes","80"
"2020-03-26","Lemba","Masina II","3h","Destination_Zone_Resident","Outside_Worker","ZoneGlobale","All_modes","22"
"2020-03-26","Lemba","Masina II","3h","Destination_Zone_Resident","Destination_Zone_Worker","ZoneGlobale","All_modes","557"
"2020-03-26","Lemba","Masina II","3h","Destination_Zone_Resident","Study_Zone_Worker","ZoneGlobale","All_modes","73"
"2020-03-26","Lemba","Masina II","3h","Destination_Zone_Resident","Origin_Zone_Worker","ZoneGlobale","All_modes","271"
"2020-03-26","Lemba","Masina II","3h","Study_Zone_Resident","Study_Zone_Worker","ZoneGlobale","All_modes","207"
"2020-03-26","Lemba","Masina II","3h","Study_Zone_Resident","Origin_Zone_Worker","ZoneGlobale","All_modes","27"
"2020-03-26","Lemba","Masina II","3h","Origin_Zone_Resident","Origin_Zone_Worker","ZoneGlobale","All_modes","72"
"2020-03-26","Lemba","Matete","1h","Outside_Resident","Outside_Worker","ZoneGlobale","All_modes","419"
"2020-03-26","Lemba","Matete","1h","Outside_Resident","Destination_Zone_Worker","ZoneGlobale","All_modes","68"
"2020-03-26","Lemba","Matete","1h","Outside_Resident","Study_Zone_Worker","ZoneGlobale","All_modes","27"
"2020-03-26","Lemba","Matete","1h","Outside_Resident","Origin_Zone_Worker","ZoneGlobale","All_modes","149"
"2020-03-26","Lemba","Matete","1h","Destination_Zone_Resident","Outside_Worker","ZoneGlobale","All_modes","94"
"2020-03-26","Lemba","Matete","1h","Destination_Zone_Resident","Destination_Zone_Worker","ZoneGlobale","All_modes","1421"
"2020-03-26","Lemba","Matete","1h","Destination_Zone_Resident","Study_Zone_Worker","ZoneGlobale","All_modes","286"
"2020-03-26","Lemba","Matete","1h","Destination_Zone_Resident","Origin_Zone_Worker","ZoneGlobale","All_modes","474"
"2020-03-26","Lemba","Matete","1h","Study_Zone_Resident","Destination_Zone_Worker","ZoneGlobale","All_modes","24"
"2020-03-26","Lemba","Matete","1h","Study_Zone_Resident","Study_Zone_Worker","ZoneGlobale","All_modes","243"
"2020-03-26","Lemba","Matete","1h","Study_Zone_Resident","Origin_Zone_Worker","ZoneGlobale","All_modes","110"
"2020-03-26","Lemba","Matete","1h","Origin_Zone_Resident","Outside_Worker","ZoneGlobale","All_modes","40"
"2020-03-26","Lemba","Matete","1h","Origin_Zone_Resident","Destination_Zone_Worker","ZoneGlobale","All_modes","88"
"2020-03-26","Lemba","Matete","1h","Origin_Zone_Resident","Study_Zone_Worker","ZoneGlobale","All_modes","182"
"2020-03-26","Lemba","Matete","1h","Origin_Zone_Resident","Origin_Zone_Worker","ZoneGlobale","All_modes","1077"
"2020-03-26","Lemba","Matete","3h","Outside_Resident","Outside_Worker","ZoneGlobale","All_modes","961"
"2020-03-26","Lemba","Matete","3h","Outside_Resident","Destination_Zone_Worker","ZoneGlobale","All_modes","138"
"2020-03-26","Lemba","Matete","3h","Outside_Resident","Study_Zone_Worker","ZoneGlobale","All_modes","139"
"2020-03-26","Lemba","Matete","3h","Outside_Resident","Origin_Zone_Worker","ZoneGlobale","All_modes","462"
"2020-03-26","Lemba","Matete","3h","Destination_Zone_Resident","Outside_Worker","ZoneGlobale","All_modes","162"
"2020-03-26","Lemba","Matete","3h","Destination_Zone_Resident","Destination_Zone_Worker","ZoneGlobale","All_modes","1941"
"2020-03-26","Lemba","Matete","3h","Destination_Zone_Resident","Study_Zone_Worker","ZoneGlobale","All_modes","226"
"2020-03-26","Lemba","Matete","3h","Destination_Zone_Resident","Origin_Zone_Worker","ZoneGlobale","All_modes","799"
"2020-03-26","Lemba","Matete","3h","Study_Zone_Resident","Outside_Worker","ZoneGlobale","All_modes","33"
"2020-03-26","Lemba","Matete","3h","Study_Zone_Resident","Destination_Zone_Worker","ZoneGlobale","All_modes","69"
"2020-03-26","Lemba","Matete","3h","Study_Zone_Resident","Study_Zone_Worker","ZoneGlobale","All_modes","271"
"2020-03-26","Lemba","Matete","3h","Study_Zone_Resident","Origin_Zone_Worker","ZoneGlobale","All_modes","335"
"2020-03-26","Lemba","Matete","3h","Origin_Zone_Resident","Outside_Worker","ZoneGlobale","All_modes","92"
"2020-03-26","Lemba","Matete","3h","Origin_Zone_Resident","Destination_Zone_Worker","ZoneGlobale","All_modes","111"
"2020-03-26","Lemba","Matete","3h","Origin_Zone_Resident","Study_Zone_Worker","ZoneGlobale","All_modes","550"
"2020-03-26","Lemba","Matete","3h","Origin_Zone_Resident","Origin_Zone_Worker","ZoneGlobale","All_modes","1939"
"2020-03-26","Lemba","Mont Ngafula I","1h","Outside_Resident","Outside_Worker","ZoneGlobale","All_modes","857"
"2020-03-26","Lemba","Mont Ngafula I","1h","Outside_Resident","Destination_Zone_Worker","ZoneGlobale","All_modes","119"
"2020-03-26","Lemba","Mont Ngafula I","1h","Outside_Resident","Study_Zone_Worker","ZoneGlobale","All_modes","77"
"2020-03-26","Lemba","Mont Ngafula I","1h","Outside_Resident","Origin_Zone_Worker","ZoneGlobale","All_modes","106"
"2020-03-26","Lemba","Mont Ngafula I","1h","Destination_Zone_Resident","Outside_Worker","ZoneGlobale","All_modes","106"
"2020-03-26","Lemba","Mont Ngafula I","1h","Destination_Zone_Resident","Destination_Zone_Worker","ZoneGlobale","All_modes","1288"
"2020-03-26","Lemba","Mont Ngafula I","1h","Destination_Zone_Resident","Study_Zone_Worker","ZoneGlobale","All_modes","252"
"2020-03-26","Lemba","Mont Ngafula I","1h","Destination_Zone_Resident","Origin_Zone_Worker","ZoneGlobale","All_modes","374"
"2020-03-26","Lemba","Mont Ngafula I","1h","Study_Zone_Resident","Outside_Worker","ZoneGlobale","All_modes","23"
"2020-03-26","Lemba","Mont Ngafula I","1h","Study_Zone_Resident","Destination_Zone_Worker","ZoneGlobale","All_modes","45"
"2020-03-26","Lemba","Mont Ngafula I","1h","Study_Zone_Resident","Study_Zone_Worker","ZoneGlobale","All_modes","171"
"2020-03-26","Lemba","Mont Ngafula I","1h","Study_Zone_Resident","Origin_Zone_Worker","ZoneGlobale","All_modes","67"
"2020-03-26","Lemba","Mont Ngafula I","1h","Origin_Zone_Resident","Destination_Zone_Worker","ZoneGlobale","All_modes","74"
"2020-03-26","Lemba","Mont Ngafula I","1h","Origin_Zone_Resident","Study_Zone_Worker","ZoneGlobale","All_modes","37"
"2020-03-26","Lemba","Mont Ngafula I","1h","Origin_Zone_Resident","Origin_Zone_Worker","ZoneGlobale","All_modes","274"
"2020-03-26","Lemba","Mont Ngafula I","3h","Outside_Resident","Outside_Worker","ZoneGlobale","All_modes","1573"
"2020-03-26","Lemba","Mont Ngafula I","3h","Outside_Resident","Destination_Zone_Worker","ZoneGlobale","All_modes","139"
"2020-03-26","Lemba","Mont Ngafula I","3h","Outside_Resident","Study_Zone_Worker","ZoneGlobale","All_modes","70"
"2020-03-26","Lemba","Mont Ngafula I","3h","Outside_Resident","Origin_Zone_Worker","ZoneGlobale","All_modes","385"
"2020-03-26","Lemba","Mont Ngafula I","3h","Destination_Zone_Resident","Outside_Worker","ZoneGlobale","All_modes","190"
"2020-03-26","Lemba","Mont Ngafula I","3h","Destination_Zone_Resident","Destination_Zone_Worker","ZoneGlobale","All_modes","1496"
"2020-03-26","Lemba","Mont Ngafula I","3h","Destination_Zone_Resident","Study_Zone_Worker","ZoneGlobale","All_modes","225"
"2020-03-26","Lemba","Mont Ngafula I","3h","Destination_Zone_Resident","Origin_Zone_Worker","ZoneGlobale","All_modes","654"
"2020-03-26","Lemba","Mont Ngafula I","3h","Study_Zone_Resident","Outside_Worker","ZoneGlobale","All_modes","45"
"2020-03-26","Lemba","Mont Ngafula I","3h","Study_Zone_Resident","Destination_Zone_Worker","ZoneGlobale","All_modes","41"
"2020-03-26","Lemba","Mont Ngafula I","3h","Study_Zone_Resident","Study_Zone_Worker","ZoneGlobale","All_modes","295"
"2020-03-26","Lemba","Mont Ngafula I","3h","Study_Zone_Resident","Origin_Zone_Worker","ZoneGlobale","All_modes","91"
"2020-03-26","Lemba","Mont Ngafula I","3h","Origin_Zone_Resident","Outside_Worker","ZoneGlobale","All_modes","23"
"2020-03-26","Lemba","Mont Ngafula I","3h","Origin_Zone_Resident","Destination_Zone_Worker","ZoneGlobale","All_modes","214"
"2020-03-26","Lemba","Mont Ngafula I","3h","Origin_Zone_Resident","Study_Zone_Worker","ZoneGlobale","All_modes","54"
"2020-03-26","Lemba","Mont Ngafula I","3h","Origin_Zone_Resident","Origin_Zone_Worker","ZoneGlobale","All_modes","653"
"2020-03-26","Lemba","Mont Ngafula II","1h","Destination_Zone_Resident","Destination_Zone_Worker","ZoneGlobale","All_modes","22"
"2020-03-26","Lemba","Mont Ngafula II","3h","Outside_Resident","Outside_Worker","ZoneGlobale","All_modes","22"
"2020-03-26","Lemba","Mont Ngafula II","3h","Outside_Resident","Destination_Zone_Worker","ZoneGlobale","All_modes","23"
"2020-03-26","Lemba","Mont Ngafula II","3h","Outside_Resident","Study_Zone_Worker","ZoneGlobale","All_modes","27"
"2020-03-26","Lemba","Mont Ngafula II","3h","Outside_Resident","Origin_Zone_Worker","ZoneGlobale","All_modes","21"
"2020-03-26","Lemba","Mont Ngafula II","3h","Destination_Zone_Resident","Destination_Zone_Worker","ZoneGlobale","All_modes","109"
"2020-03-26","Lemba","Mont Ngafula II","3h","Destination_Zone_Resident","Study_Zone_Worker","ZoneGlobale","All_modes","57"
"2020-03-26","Lemba","Mont Ngafula II","3h","Destination_Zone_Resident","Origin_Zone_Worker","ZoneGlobale","All_modes","46"
"2020-03-26","Lemba","Mont Ngafula II","3h","Study_Zone_Resident","Study_Zone_Worker","ZoneGlobale","All_modes","22"
"2020-03-26","Lemba","Mont Ngafula II","3h","Study_Zone_Resident","Origin_Zone_Worker","ZoneGlobale","All_modes","29"
"2020-03-26","Lemba","Mont Ngafula II","3h","Origin_Zone_Resident","Origin_Zone_Worker","ZoneGlobale","All_modes","27"
"2020-03-26","Lemba","Ndjili","1h","Outside_Resident","Outside_Worker","ZoneGlobale","All_modes","110"
"2020-03-26","Lemba","Ndjili","1h","Destination_Zone_Resident","Outside_Worker","ZoneGlobale","All_modes","26"
"2020-03-26","Lemba","Ndjili","1h","Destination_Zone_Resident","Destination_Zone_Worker","ZoneGlobale","All_modes","485"
"2020-03-26","Lemba","Ndjili","1h","Destination_Zone_Resident","Study_Zone_Worker","ZoneGlobale","All_modes","45"
"2020-03-26","Lemba","Ndjili","1h","Destination_Zone_Resident","Origin_Zone_Worker","ZoneGlobale","All_modes","91"
"2020-03-26","Lemba","Ndjili","1h","Study_Zone_Resident","Outside_Worker","ZoneGlobale","All_modes","22"
"2020-03-26","Lemba","Ndjili","1h","Study_Zone_Resident","Study_Zone_Worker","ZoneGlobale","All_modes","87"
"2020-03-26","Lemba","Ndjili","1h","Study_Zone_Resident","Origin_Zone_Worker","ZoneGlobale","All_modes","24"
"2020-03-26","Lemba","Ndjili","1h","Origin_Zone_Resident","Origin_Zone_Worker","ZoneGlobale","All_modes","22"
"2020-03-26","Lemba","Ndjili","3h","Outside_Resident","Outside_Worker","ZoneGlobale","All_modes","228"
"2020-03-26","Lemba","Ndjili","3h","Outside_Resident","Destination_Zone_Worker","ZoneGlobale","All_modes","66"
"2020-03-26","Lemba","Ndjili","3h","Outside_Resident","Study_Zone_Worker","ZoneGlobale","All_modes","45"
"2020-03-26","Lemba","Ndjili","3h","Outside_Resident","Origin_Zone_Worker","ZoneGlobale","All_modes","50"
"2020-03-26","Lemba","Ndjili","3h","Destination_Zone_Resident","Outside_Worker","ZoneGlobale","All_modes","49"
"2020-03-26","Lemba","Ndjili","3h","Destination_Zone_Resident","Destination_Zone_Worker","ZoneGlobale","All_modes","582"
"2020-03-26","Lemba","Ndjili","3h","Destination_Zone_Resident","Study_Zone_Worker","ZoneGlobale","All_modes","40"
"2020-03-26","Lemba","Ndjili","3h","Destination_Zone_Resident","Origin_Zone_Worker","ZoneGlobale","All_modes","254"
"2020-03-26","Lemba","Ndjili","3h","Study_Zone_Resident","Outside_Worker","ZoneGlobale","All_modes","47"
"2020-03-26","Lemba","Ndjili","3h","Study_Zone_Resident","Destination_Zone_Worker","ZoneGlobale","All_modes","26"
"2020-03-26","Lemba","Ndjili","3h","Study_Zone_Resident","Study_Zone_Worker","ZoneGlobale","All_modes","83"
"2020-03-26","Lemba","Ndjili","3h","Study_Zone_Resident","Origin_Zone_Worker","ZoneGlobale","All_modes","118"
"2020-03-26","Lemba","Ngiri-Ngiri","1h","Destination_Zone_Resident","Destination_Zone_Worker","ZoneGlobale","All_modes","128"
"2020-03-26","Lemba","Ngiri-Ngiri","1h","Destination_Zone_Resident","Study_Zone_Worker","ZoneGlobale","All_modes","60"
"2020-03-26","Lemba","Ngiri-Ngiri","1h","Destination_Zone_Resident","Origin_Zone_Worker","ZoneGlobale","All_modes","54"
"2020-03-26","Lemba","Ngiri-Ngiri","1h","Study_Zone_Resident","Study_Zone_Worker","ZoneGlobale","All_modes","46"
"2020-03-26","Lemba","Ngiri-Ngiri","3h","Outside_Resident","Outside_Worker","ZoneGlobale","All_modes","122"
"2020-03-26","Lemba","Ngiri-Ngiri","3h","Outside_Resident","Study_Zone_Worker","ZoneGlobale","All_modes","22"
"2020-03-26","Lemba","Ngiri-Ngiri","3h","Destination_Zone_Resident","Destination_Zone_Worker","ZoneGlobale","All_modes","146"
"2020-03-26","Lemba","Ngiri-Ngiri","3h","Destination_Zone_Resident","Study_Zone_Worker","ZoneGlobale","All_modes","91"
"2020-03-26","Lemba","Ngiri-Ngiri","3h","Destination_Zone_Resident","Origin_Zone_Worker","ZoneGlobale","All_modes","60"
"2020-03-26","Lemba","Ngiri-Ngiri","3h","Study_Zone_Resident","Outside_Worker","ZoneGlobale","All_modes","22"
"2020-03-26","Lemba","Ngiri-Ngiri","3h","Study_Zone_Resident","Study_Zone_Worker","ZoneGlobale","All_modes","63"
"2020-03-26","Lemba","Ngiri-Ngiri","3h","Origin_Zone_Resident","Origin_Zone_Worker","ZoneGlobale","All_modes","69"
"2020-03-26","Lemba","Nsele","1h","Outside_Resident","Outside_Worker","ZoneGlobale","All_modes","59"
"2020-03-26","Lemba","Nsele","1h","Outside_Resident","Destination_Zone_Worker","ZoneGlobale","All_modes","23"
"2020-03-26","Lemba","Nsele","1h","Outside_Resident","Study_Zone_Worker","ZoneGlobale","All_modes","27"
"2020-03-26","Lemba","Nsele","1h","Outside_Resident","Origin_Zone_Worker","ZoneGlobale","All_modes","21"
"2020-03-26","Lemba","Nsele","1h","Destination_Zone_Resident","Destination_Zone_Worker","ZoneGlobale","All_modes","49"
"2020-03-26","Lemba","Nsele","1h","Destination_Zone_Resident","Study_Zone_Worker","ZoneGlobale","All_modes","61"
"2020-03-26","Lemba","Nsele","1h","Destination_Zone_Resident","Origin_Zone_Worker","ZoneGlobale","All_modes","59"
"2020-03-26","Lemba","Nsele","1h","Study_Zone_Resident","Study_Zone_Worker","ZoneGlobale","All_modes","122"
"2020-03-26","Lemba","Nsele","1h","Study_Zone_Resident","Origin_Zone_Worker","ZoneGlobale","All_modes","33"
"2020-03-26","Lemba","Nsele","1h","Origin_Zone_Resident","Study_Zone_Worker","ZoneGlobale","All_modes","113"
"2020-03-26","Lemba","Nsele","1h","Origin_Zone_Resident","Origin_Zone_Worker","ZoneGlobale","All_modes","993"
"2020-03-26","Lemba","Nsele","3h","Outside_Resident","Outside_Worker","ZoneGlobale","All_modes","242"
"2020-03-26","Lemba","Nsele","3h","Outside_Resident","Study_Zone_Worker","ZoneGlobale","All_modes","57"
"2020-03-26","Lemba","Nsele","3h","Outside_Resident","Origin_Zone_Worker","ZoneGlobale","All_modes","241"
"2020-03-26","Lemba","Nsele","3h","Destination_Zone_Resident","Outside_Worker","ZoneGlobale","All_modes","26"
"2020-03-26","Lemba","Nsele","3h","Destination_Zone_Resident","Destination_Zone_Worker","ZoneGlobale","All_modes","479"
"2020-03-26","Lemba","Nsele","3h","Destination_Zone_Resident","Study_Zone_Worker","ZoneGlobale","All_modes","85"
"2020-03-26","Lemba","Nsele","3h","Destination_Zone_Resident","Origin_Zone_Worker","ZoneGlobale","All_modes","168"
"2020-03-26","Lemba","Nsele","3h","Study_Zone_Resident","Outside_Worker","ZoneGlobale","All_modes","38"
"2020-03-26","Lemba","Nsele","3h","Study_Zone_Resident","Study_Zone_Worker","ZoneGlobale","All_modes","357"
"2020-03-26","Lemba","Nsele","3h","Study_Zone_Resident","Origin_Zone_Worker","ZoneGlobale","All_modes","149"
"2020-03-26","Lemba","Nsele","3h","Origin_Zone_Resident","Destination_Zone_Worker","ZoneGlobale","All_modes","31"
"2020-03-26","Lemba","Nsele","3h","Origin_Zone_Resident","Study_Zone_Worker","ZoneGlobale","All_modes","186"
"2020-03-26","Lemba","Nsele","3h","Origin_Zone_Resident","Origin_Zone_Worker","ZoneGlobale","All_modes","1750"
"2020-03-26","Lemba","Police","1h","Destination_Zone_Resident","Destination_Zone_Worker","ZoneGlobale","All_modes","88"
"2020-03-26","Lemba","Police","1h","Destination_Zone_Resident","Study_Zone_Worker","ZoneGlobale","All_modes","35"
"2020-03-26","Lemba","Police","3h","Outside_Resident","Study_Zone_Worker","ZoneGlobale","All_modes","22"
"2020-03-26","Lemba","Police","3h","Destination_Zone_Resident","Destination_Zone_Worker","ZoneGlobale","All_modes","111"
"2020-03-26","Lemba","Police","3h","Destination_Zone_Resident","Study_Zone_Worker","ZoneGlobale","All_modes","22"
"2020-03-26","Lemba","Police","3h","Destination_Zone_Resident","Origin_Zone_Worker","ZoneGlobale","All_modes","23"
"2020-03-26","Lemba","Police","3h","Study_Zone_Resident","Origin_Zone_Worker","ZoneGlobale","All_modes","24"
"2020-03-26","Lemba","Selembao","1h","Outside_Resident","Outside_Worker","ZoneGlobale","All_modes","126"
"2020-03-26","Lemba","Selembao","1h","Outside_Resident","Origin_Zone_Worker","ZoneGlobale","All_modes","35"
"2020-03-26","Lemba","Selembao","1h","Destination_Zone_Resident","Outside_Worker","ZoneGlobale","All_modes","35"
"2020-03-26","Lemba","Selembao","1h","Destination_Zone_Resident","Destination_Zone_Worker","ZoneGlobale","All_modes","470"
"2020-03-26","Lemba","Selembao","1h","Destination_Zone_Resident","Study_Zone_Worker","ZoneGlobale","All_modes","112"
"2020-03-26","Lemba","Selembao","1h","Destination_Zone_Resident","Origin_Zone_Worker","ZoneGlobale","All_modes","180"
"2020-03-26","Lemba","Selembao","1h","Study_Zone_Resident","Study_Zone_Worker","ZoneGlobale","All_modes","112"
"2020-03-26","Lemba","Selembao","1h","Study_Zone_Resident","Origin_Zone_Worker","ZoneGlobale","All_modes","32"
"2020-03-26","Lemba","Selembao","1h","Origin_Zone_Resident","Destination_Zone_Worker","ZoneGlobale","All_modes","38"
"2020-03-26","Lemba","Selembao","1h","Origin_Zone_Resident","Origin_Zone_Worker","ZoneGlobale","All_modes","81"
"2020-03-26","Lemba","Selembao","3h","Outside_Resident","Outside_Worker","ZoneGlobale","All_modes","423"
"2020-03-26","Lemba","Selembao","3h","Outside_Resident","Destination_Zone_Worker","ZoneGlobale","All_modes","64"
"2020-03-26","Lemba","Selembao","3h","Outside_Resident","Study_Zone_Worker","ZoneGlobale","All_modes","50"
"2020-03-26","Lemba","Selembao","3h","Outside_Resident","Origin_Zone_Worker","ZoneGlobale","All_modes","106"
"2020-03-26","Lemba","Selembao","3h","Destination_Zone_Resident","Outside_Worker","ZoneGlobale","All_modes","67"
"2020-03-26","Lemba","Selembao","3h","Destination_Zone_Resident","Destination_Zone_Worker","ZoneGlobale","All_modes","825"
"2020-03-26","Lemba","Selembao","3h","Destination_Zone_Resident","Study_Zone_Worker","ZoneGlobale","All_modes","130"
"2020-03-26","Lemba","Selembao","3h","Destination_Zone_Resident","Origin_Zone_Worker","ZoneGlobale","All_modes","314"
"2020-03-26","Lemba","Selembao","3h","Study_Zone_Resident","Outside_Worker","ZoneGlobale","All_modes","22"
"2020-03-26","Lemba","Selembao","3h","Study_Zone_Resident","Destination_Zone_Worker","ZoneGlobale","All_modes","22"
"2020-03-26","Lemba","Selembao","3h","Study_Zone_Resident","Study_Zone_Worker","ZoneGlobale","All_modes","128"
"2020-03-26","Lemba","Selembao","3h","Study_Zone_Resident","Origin_Zone_Worker","ZoneGlobale","All_modes","51"
"2020-03-26","Lemba","Selembao","3h","Origin_Zone_Resident","Destination_Zone_Worker","ZoneGlobale","All_modes","51"
"2020-03-26","Lemba","Selembao","3h","Origin_Zone_Resident","Study_Zone_Worker","ZoneGlobale","All_modes","27"
"2020-03-26","Lemba","Selembao","3h","Origin_Zone_Resident","Origin_Zone_Worker","ZoneGlobale","All_modes","169"
"2020-03-26","Lemba","Sona-Bata","1h","Outside_Resident","Outside_Worker","ZoneGlobale","All_modes","24"
"2020-03-26","Lemba","Sona-Bata","1h","Outside_Resident","Study_Zone_Worker","ZoneGlobale","All_modes","40"
"2020-03-26","Lemba","Sona-Bata","1h","Study_Zone_Resident","Study_Zone_Worker","ZoneGlobale","All_modes","45"
"2020-03-26","Lemba","Sona-Bata","1h","Origin_Zone_Resident","Study_Zone_Worker","ZoneGlobale","All_modes","70"
"2020-03-26","Lemba","Sona-Bata","1h","Origin_Zone_Resident","Origin_Zone_Worker","ZoneGlobale","All_modes","81"
"2020-03-26","Lemba","Sona-Bata","3h","Outside_Resident","Outside_Worker","ZoneGlobale","All_modes","99"
"2020-03-26","Lemba","Sona-Bata","3h","Outside_Resident","Study_Zone_Worker","ZoneGlobale","All_modes","48"
"2020-03-26","Lemba","Sona-Bata","3h","Outside_Resident","Origin_Zone_Worker","ZoneGlobale","All_modes","70"
"2020-03-26","Lemba","Sona-Bata","3h","Destination_Zone_Resident","Destination_Zone_Worker","ZoneGlobale","All_modes","23"
"2020-03-26","Lemba","Sona-Bata","3h","Study_Zone_Resident","Study_Zone_Worker","ZoneGlobale","All_modes","90"
"2020-03-26","Lemba","Sona-Bata","3h","Study_Zone_Resident","Origin_Zone_Worker","ZoneGlobale","All_modes","26"
"2020-03-26","Lemba","Sona-Bata","3h","Origin_Zone_Resident","Destination_Zone_Worker","ZoneGlobale","All_modes","26"
"2020-03-26","Lemba","Sona-Bata","3h","Origin_Zone_Resident","Study_Zone_Worker","ZoneGlobale","All_modes","89"
"2020-03-26","Lemba","Sona-Bata","3h","Origin_Zone_Resident","Origin_Zone_Worker","ZoneGlobale","All_modes","209"
"2020-03-26","Lemera","Hauts-Plateaux","1h","Destination_Zone_Resident","Outside_Worker","ZoneGlobale","All_modes","31"
"2020-03-26","Lemera","Hauts-Plateaux","1h","Destination_Zone_Resident","Destination_Zone_Worker","ZoneGlobale","All_modes","31"
"2020-03-26","Lemera","Hauts-Plateaux","3h","Outside_Resident","Outside_Worker","ZoneGlobale","All_modes","63"
"2020-03-26","Lemera","Hauts-Plateaux","3h","Outside_Resident","Origin_Zone_Worker","ZoneGlobale","All_modes","31"
"2020-03-26","Lemera","Hauts-Plateaux","3h","Destination_Zone_Resident","Outside_Worker","ZoneGlobale","All_modes","63"
"2020-03-26","Lemera","Hauts-Plateaux","3h","Destination_Zone_Resident","Destination_Zone_Worker","ZoneGlobale","All_modes","31"
"2020-03-26","Lemera","Hauts-Plateaux","3h","Destination_Zone_Resident","Origin_Zone_Worker","ZoneGlobale","All_modes","63"
"2020-03-26","Lemera","Hauts-Plateaux","3h","Study_Zone_Resident","Study_Zone_Worker","ZoneGlobale","All_modes","31"
"2020-03-26","Lemera","Hauts-Plateaux","3h","Origin_Zone_Resident","Origin_Zone_Worker","ZoneGlobale","All_modes","63"
"2020-03-26","Lemera","Ibanda","1h","Outside_Resident","Destination_Zone_Worker","ZoneGlobale","All_modes","31"
"2020-03-26","Lemera","Ibanda","1h","Destination_Zone_Resident","Destination_Zone_Worker","ZoneGlobale","All_modes","31"
"2020-03-26","Lemera","Ibanda","3h","Outside_Resident","Outside_Worker","ZoneGlobale","All_modes","31"
"2020-03-26","Lemera","Ibanda","3h","Outside_Resident","Destination_Zone_Worker","ZoneGlobale","All_modes","31"
"2020-03-26","Lemera","Ibanda","3h","Destination_Zone_Resident","Destination_Zone_Worker","ZoneGlobale","All_modes","31"
"2020-03-26","Lemera","Ibanda","3h","Study_Zone_Resident","Study_Zone_Worker","ZoneGlobale","All_modes","94"
"2020-03-26","Lemera","Ibanda","3h","Origin_Zone_Resident","Origin_Zone_Worker","ZoneGlobale","All_modes","31"
"2020-03-26","Lemera","Idjwi","3h","Destination_Zone_Resident","Destination_Zone_Worker","ZoneGlobale","All_modes","31"
"2020-03-26","Lemera","Katana","3h","Study_Zone_Resident","Study_Zone_Worker","ZoneGlobale","All_modes","31"
"2020-03-26","Lemera","Nyangezi","1h","Outside_Resident","Outside_Worker","ZoneGlobale","All_modes","31"
"2020-03-26","Lemera","Nyangezi","1h","Outside_Resident","Origin_Zone_Worker","ZoneGlobale","All_modes","63"
"2020-03-26","Lemera","Nyangezi","1h","Destination_Zone_Resident","Destination_Zone_Worker","ZoneGlobale","All_modes","126"
"2020-03-26","Lemera","Nyangezi","1h","Destination_Zone_Resident","Origin_Zone_Worker","ZoneGlobale","All_modes","31"
"2020-03-26","Lemera","Nyangezi","1h","Study_Zone_Resident","Study_Zone_Worker","ZoneGlobale","All_modes","126"
"2020-03-26","Lemera","Nyangezi","1h","Origin_Zone_Resident","Study_Zone_Worker","ZoneGlobale","All_modes","31"
"2020-03-26","Lemera","Nyangezi","1h","Origin_Zone_Resident","Origin_Zone_Worker","ZoneGlobale","All_modes","94"
"2020-03-26","Lemera","Nyangezi","3h","Outside_Resident","Outside_Worker","ZoneGlobale","All_modes","94"
"2020-03-26","Lemera","Nyangezi","3h","Outside_Resident","Destination_Zone_Worker","ZoneGlobale","All_modes","31"
"2020-03-26","Lemera","Nyangezi","3h","Outside_Resident","Study_Zone_Worker","ZoneGlobale","All_modes","31"
"2020-03-26","Lemera","Nyangezi","3h","Outside_Resident","Origin_Zone_Worker","ZoneGlobale","All_modes","63"
"2020-03-26","Lemera","Nyangezi","3h","Destination_Zone_Resident","Destination_Zone_Worker","ZoneGlobale","All_modes","157"
"2020-03-26","Lemera","Nyangezi","3h","Destination_Zone_Resident","Origin_Zone_Worker","ZoneGlobale","All_modes","220"
"2020-03-26","Lemera","Nyangezi","3h","Study_Zone_Resident","Study_Zone_Worker","ZoneGlobale","All_modes","157"
"2020-03-26","Lemera","Nyangezi","3h","Origin_Zone_Resident","Destination_Zone_Worker","ZoneGlobale","All_modes","31"
"2020-03-26","Lemera","Nyangezi","3h","Origin_Zone_Resident","Origin_Zone_Worker","ZoneGlobale","All_modes","220"
"2020-03-26","Lemera","Ruzizi","1h","Outside_Resident","Destination_Zone_Worker","ZoneGlobale","All_modes","63"
"2020-03-26","Lemera","Ruzizi","1h","Study_Zone_Resident","Study_Zone_Worker","ZoneGlobale","All_modes","31"
"2020-03-26","Lemera","Ruzizi","1h","Origin_Zone_Resident","Destination_Zone_Worker","ZoneGlobale","All_modes","31"
"2020-03-26","Lemera","Ruzizi","1h","Origin_Zone_Resident","Origin_Zone_Worker","ZoneGlobale","All_modes","94"
"2020-03-26","Lemera","Ruzizi","3h","Outside_Resident","Destination_Zone_Worker","ZoneGlobale","All_modes","94"
"2020-03-26","Lemera","Ruzizi","3h","Outside_Resident","Origin_Zone_Worker","ZoneGlobale","All_modes","31"
"2020-03-26","Lemera","Ruzizi","3h","Destination_Zone_Resident","Destination_Zone_Worker","ZoneGlobale","All_modes","63"
"2020-03-26","Lemera","Ruzizi","3h","Origin_Zone_Resident","Outside_Worker","ZoneGlobale","All_modes","31"
"2020-03-26","Lemera","Ruzizi","3h","Origin_Zone_Resident","Destination_Zone_Worker","ZoneGlobale","All_modes","31"
"2020-03-26","Lemera","Ruzizi","3h","Origin_Zone_Resident","Origin_Zone_Worker","ZoneGlobale","All_modes","126"
"2020-03-26","Lemera","Uvira","1h","Outside_Resident","Outside_Worker","ZoneGlobale","All_modes","31"
"2020-03-26","Lemera","Uvira","3h","Outside_Resident","Outside_Worker","ZoneGlobale","All_modes","31"
"2020-03-26","Lemera","Uvira","3h","Outside_Resident","Study_Zone_Worker","ZoneGlobale","All_modes","31"
"2020-03-26","Lemera","Uvira","3h","Origin_Zone_Resident","Origin_Zone_Worker","ZoneGlobale","All_modes","31"
"2020-03-26","Lemera","Walungu","1h","Outside_Resident","Outside_Worker","ZoneGlobale","All_modes","31"
"2020-03-26","Likasi","Bunkeya","1h","Outside_Resident","Outside_Worker","ZoneGlobale","All_modes","35"
"2020-03-26","Likasi","Bunkeya","3h","Outside_Resident","Outside_Worker","ZoneGlobale","All_modes","102"
"2020-03-26","Likasi","Bunkeya","3h","Origin_Zone_Resident","Origin_Zone_Worker","ZoneGlobale","All_modes","35"
"2020-03-26","Likasi","Fungurume","1h","Outside_Resident","Outside_Worker","ZoneGlobale","All_modes","107"
"2020-03-26","Likasi","Fungurume","1h","Outside_Resident","Destination_Zone_Worker","ZoneGlobale","All_modes","142"
"2020-03-26","Likasi","Fungurume","1h","Outside_Resident","Origin_Zone_Worker","ZoneGlobale","All_modes","46"
"2020-03-26","Likasi","Fungurume","1h","Destination_Zone_Resident","Destination_Zone_Worker","ZoneGlobale","All_modes","106"
"2020-03-26","Likasi","Fungurume","1h","Destination_Zone_Resident","Study_Zone_Worker","ZoneGlobale","All_modes","35"
"2020-03-26","Likasi","Fungurume","1h","Study_Zone_Resident","Study_Zone_Worker","ZoneGlobale","All_modes","284"
"2020-03-26","Likasi","Fungurume","1h","Study_Zone_Resident","Origin_Zone_Worker","ZoneGlobale","All_modes","35"
"2020-03-26","Likasi","Fungurume","1h","Origin_Zone_Resident","Destination_Zone_Worker","ZoneGlobale","All_modes","106"
"2020-03-26","Likasi","Fungurume","1h","Origin_Zone_Resident","Origin_Zone_Worker","ZoneGlobale","All_modes","320"
"2020-03-26","Likasi","Fungurume","3h","Outside_Resident","Outside_Worker","ZoneGlobale","All_modes","106"
"2020-03-26","Likasi","Fungurume","3h","Outside_Resident","Destination_Zone_Worker","ZoneGlobale","All_modes","71"
"2020-03-26","Likasi","Fungurume","3h","Outside_Resident","Study_Zone_Worker","ZoneGlobale","All_modes","71"
"2020-03-26","Likasi","Fungurume","3h","Outside_Resident","Origin_Zone_Worker","ZoneGlobale","All_modes","81"
"2020-03-26","Likasi","Fungurume","3h","Destination_Zone_Resident","Destination_Zone_Worker","ZoneGlobale","All_modes","356"
"2020-03-26","Likasi","Fungurume","3h","Destination_Zone_Resident","Study_Zone_Worker","ZoneGlobale","All_modes","35"
"2020-03-26","Likasi","Fungurume","3h","Destination_Zone_Resident","Origin_Zone_Worker","ZoneGlobale","All_modes","71"
"2020-03-26","Likasi","Fungurume","3h","Study_Zone_Resident","Study_Zone_Worker","ZoneGlobale","All_modes","71"
"2020-03-26","Likasi","Fungurume","3h","Study_Zone_Resident","Origin_Zone_Worker","ZoneGlobale","All_modes","35"
"2020-03-26","Likasi","Fungurume","3h","Origin_Zone_Resident","Destination_Zone_Worker","ZoneGlobale","All_modes","35"
"2020-03-26","Likasi","Fungurume","3h","Origin_Zone_Resident","Origin_Zone_Worker","ZoneGlobale","All_modes","569"
"2020-03-26","Likasi","Kampemba","1h","Outside_Resident","Outside_Worker","ZoneGlobale","All_modes","35"
"2020-03-26","Likasi","Kampemba","3h","Study_Zone_Resident","Outside_Worker","ZoneGlobale","All_modes","35"
"2020-03-26","Likasi","Kampemba","3h","Study_Zone_Resident","Study_Zone_Worker","ZoneGlobale","All_modes","35"
"2020-03-26","Likasi","Kapolowe","1h","Outside_Resident","Outside_Worker","ZoneGlobale","All_modes","427"
"2020-03-26","Likasi","Kapolowe","1h","Outside_Resident","Destination_Zone_Worker","ZoneGlobale","All_modes","356"
"2020-03-26","Likasi","Kapolowe","1h","Outside_Resident","Study_Zone_Worker","ZoneGlobale","All_modes","106"
"2020-03-26","Likasi","Kapolowe","1h","Outside_Resident","Origin_Zone_Worker","ZoneGlobale","All_modes","463"
"2020-03-26","Likasi","Kapolowe","1h","Destination_Zone_Resident","Outside_Worker","ZoneGlobale","All_modes","35"
"2020-03-26","Likasi","Kapolowe","1h","Destination_Zone_Resident","Destination_Zone_Worker","ZoneGlobale","All_modes","1888"
"2020-03-26","Likasi","Kapolowe","1h","Destination_Zone_Resident","Study_Zone_Worker","ZoneGlobale","All_modes","71"
"2020-03-26","Likasi","Kapolowe","1h","Destination_Zone_Resident","Origin_Zone_Worker","ZoneGlobale","All_modes","2495"
"2020-03-26","Likasi","Kapolowe","1h","Study_Zone_Resident","Study_Zone_Worker","ZoneGlobale","All_modes","606"
"2020-03-26","Likasi","Kapolowe","1h","Study_Zone_Resident","Origin_Zone_Worker","ZoneGlobale","All_modes","35"
"2020-03-26","Likasi","Kapolowe","1h","Origin_Zone_Resident","Outside_Worker","ZoneGlobale","All_modes","35"
"2020-03-26","Likasi","Kapolowe","1h","Origin_Zone_Resident","Destination_Zone_Worker","ZoneGlobale","All_modes","213"
"2020-03-26","Likasi","Kapolowe","1h","Origin_Zone_Resident","Study_Zone_Worker","ZoneGlobale","All_modes","35"
"2020-03-26","Likasi","Kapolowe","1h","Origin_Zone_Resident","Origin_Zone_Worker","ZoneGlobale","All_modes","4454"
"2020-03-26","Likasi","Kapolowe","3h","Outside_Resident","Outside_Worker","ZoneGlobale","All_modes","996"
"2020-03-26","Likasi","Kapolowe","3h","Outside_Resident","Destination_Zone_Worker","ZoneGlobale","All_modes","534"
"2020-03-26","Likasi","Kapolowe","3h","Outside_Resident","Study_Zone_Worker","ZoneGlobale","All_modes","71"
"2020-03-26","Likasi","Kapolowe","3h","Outside_Resident","Origin_Zone_Worker","ZoneGlobale","All_modes","1749"
"2020-03-26","Likasi","Kapolowe","3h","Destination_Zone_Resident","Outside_Worker","ZoneGlobale","All_modes","71"
"2020-03-26","Likasi","Kapolowe","3h","Destination_Zone_Resident","Destination_Zone_Worker","ZoneGlobale","All_modes","3061"
"2020-03-26","Likasi","Kapolowe","3h","Destination_Zone_Resident","Study_Zone_Worker","ZoneGlobale","All_modes","71"
"2020-03-26","Likasi","Kapolowe","3h","Destination_Zone_Resident","Origin_Zone_Worker","ZoneGlobale","All_modes","5376"
"2020-03-26","Likasi","Kapolowe","3h","Study_Zone_Resident","Outside_Worker","ZoneGlobale","All_modes","35"
"2020-03-26","Likasi","Kapolowe","3h","Study_Zone_Resident","Study_Zone_Worker","ZoneGlobale","All_modes","427"
"2020-03-26","Likasi","Kapolowe","3h","Study_Zone_Resident","Origin_Zone_Worker","ZoneGlobale","All_modes","178"
"2020-03-26","Likasi","Kapolowe","3h","Origin_Zone_Resident","Destination_Zone_Worker","ZoneGlobale","All_modes","569"
"2020-03-26","Likasi","Kapolowe","3h","Origin_Zone_Resident","Study_Zone_Worker","ZoneGlobale","All_modes","35"
"2020-03-26","Likasi","Kapolowe","3h","Origin_Zone_Resident","Origin_Zone_Worker","ZoneGlobale","All_modes","9755"
"2020-03-26","Likasi","Kikula","1h","Destination_Zone_Resident","Destination_Zone_Worker","ZoneGlobale","All_modes","35"
"2020-03-26","Likasi","Kikula","1h","Origin_Zone_Resident","Destination_Zone_Worker","ZoneGlobale","All_modes","35"
"2020-03-26","Likasi","Kikula","1h","Origin_Zone_Resident","Origin_Zone_Worker","ZoneGlobale","All_modes","71"
"2020-03-26","Likasi","Kikula","3h","Outside_Resident","Destination_Zone_Worker","ZoneGlobale","All_modes","35"
"2020-03-26","Likasi","Kikula","3h","Destination_Zone_Resident","Destination_Zone_Worker","ZoneGlobale","All_modes","142"
"2020-03-26","Likasi","Kikula","3h","Origin_Zone_Resident","Origin_Zone_Worker","ZoneGlobale","All_modes","71"
"2020-03-26","Likasi","Kipushi","1h","Outside_Resident","Destination_Zone_Worker","ZoneGlobale","All_modes","35"
"2020-03-26","Likasi","Kipushi","1h","Study_Zone_Resident","Study_Zone_Worker","ZoneGlobale","All_modes","71"
"2020-03-26","Likasi","Kipushi","3h","Outside_Resident","Outside_Worker","ZoneGlobale","All_modes","71"
"2020-03-26","Likasi","Kipushi","3h","Outside_Resident","Destination_Zone_Worker","ZoneGlobale","All_modes","35"
"2020-03-26","Likasi","Kipushi","3h","Outside_Resident","Origin_Zone_Worker","ZoneGlobale","All_modes","35"
"2020-03-26","Likasi","Kipushi","3h","Destination_Zone_Resident","Origin_Zone_Worker","ZoneGlobale","All_modes","35"
"2020-03-26","Likasi","Kipushi","3h","Study_Zone_Resident","Study_Zone_Worker","ZoneGlobale","All_modes","71"
"2020-03-26","Likasi","Kipushi","3h","Origin_Zone_Resident","Origin_Zone_Worker","ZoneGlobale","All_modes","35"
"2020-03-26","Likasi","Lualaba","1h","Outside_Resident","Study_Zone_Worker","ZoneGlobale","All_modes","35"
"2020-03-26","Likasi","Lualaba","1h","Destination_Zone_Resident","Destination_Zone_Worker","ZoneGlobale","All_modes","142"
"2020-03-26","Likasi","Lualaba","1h","Study_Zone_Resident","Outside_Worker","ZoneGlobale","All_modes","35"
"2020-03-26","Likasi","Lualaba","1h","Study_Zone_Resident","Study_Zone_Worker","ZoneGlobale","All_modes","106"
"2020-03-26","Likasi","Lualaba","1h","Origin_Zone_Resident","Destination_Zone_Worker","ZoneGlobale","All_modes","35"
"2020-03-26","Likasi","Lualaba","1h","Origin_Zone_Resident","Origin_Zone_Worker","ZoneGlobale","All_modes","35"
"2020-03-26","Likasi","Lualaba","3h","Outside_Resident","Outside_Worker","ZoneGlobale","All_modes","35"
"2020-03-26","Likasi","Lualaba","3h","Outside_Resident","Study_Zone_Worker","ZoneGlobale","All_modes","106"
"2020-03-26","Likasi","Lualaba","3h","Outside_Resident","Origin_Zone_Worker","ZoneGlobale","All_modes","71"
"2020-03-26","Likasi","Lualaba","3h","Destination_Zone_Resident","Destination_Zone_Worker","ZoneGlobale","All_modes","249"
"2020-03-26","Likasi","Lualaba","3h","Study_Zone_Resident","Destination_Zone_Worker","ZoneGlobale","All_modes","35"
"2020-03-26","Likasi","Lualaba","3h","Study_Zone_Resident","Study_Zone_Worker","ZoneGlobale","All_modes","213"
"2020-03-26","Likasi","Lualaba","3h","Origin_Zone_Resident","Destination_Zone_Worker","ZoneGlobale","All_modes","35"
"2020-03-26","Likasi","Lualaba","3h","Origin_Zone_Resident","Origin_Zone_Worker","ZoneGlobale","All_modes","142"
"2020-03-26","Likasi","Lubudi","1h","Origin_Zone_Resident","Origin_Zone_Worker","ZoneGlobale","All_modes","35"
"2020-03-26","Likasi","Lubudi","3h","Study_Zone_Resident","Study_Zone_Worker","ZoneGlobale","All_modes","35"
"2020-03-26","Likasi","Lubudi","3h","Origin_Zone_Resident","Study_Zone_Worker","ZoneGlobale","All_modes","35"
"2020-03-26","Likasi","Lubumbashi","1h","Outside_Resident","Outside_Worker","ZoneGlobale","All_modes","142"
"2020-03-26","Likasi","Lubumbashi","1h","Outside_Resident","Study_Zone_Worker","ZoneGlobale","All_modes","71"
"2020-03-26","Likasi","Lubumbashi","1h","Outside_Resident","Origin_Zone_Worker","ZoneGlobale","All_modes","35"
"2020-03-26","Likasi","Lubumbashi","1h","Destination_Zone_Resident","Destination_Zone_Worker","ZoneGlobale","All_modes","142"
"2020-03-26","Likasi","Lubumbashi","1h","Destination_Zone_Resident","Study_Zone_Worker","ZoneGlobale","All_modes","35"
"2020-03-26","Likasi","Lubumbashi","1h","Study_Zone_Resident","Study_Zone_Worker","ZoneGlobale","All_modes","178"
"2020-03-26","Likasi","Lubumbashi","1h","Origin_Zone_Resident","Origin_Zone_Worker","ZoneGlobale","All_modes","106"
"2020-03-26","Likasi","Lubumbashi","3h","Outside_Resident","Outside_Worker","ZoneGlobale","All_modes","142"
"2020-03-26","Likasi","Lubumbashi","3h","Outside_Resident","Destination_Zone_Worker","ZoneGlobale","All_modes","178"
"2020-03-26","Likasi","Lubumbashi","3h","Outside_Resident","Study_Zone_Worker","ZoneGlobale","All_modes","106"
"2020-03-26","Likasi","Lubumbashi","3h","Outside_Resident","Origin_Zone_Worker","ZoneGlobale","All_modes","71"
"2020-03-26","Likasi","Lubumbashi","3h","Destination_Zone_Resident","Destination_Zone_Worker","ZoneGlobale","All_modes","498"
"2020-03-26","Likasi","Lubumbashi","3h","Destination_Zone_Resident","Origin_Zone_Worker","ZoneGlobale","All_modes","35"
"2020-03-26","Likasi","Lubumbashi","3h","Study_Zone_Resident","Study_Zone_Worker","ZoneGlobale","All_modes","284"
"2020-03-26","Likasi","Lubumbashi","3h","Study_Zone_Resident","Origin_Zone_Worker","ZoneGlobale","All_modes","35"
"2020-03-26","Likasi","Lubumbashi","3h","Origin_Zone_Resident","Destination_Zone_Worker","ZoneGlobale","All_modes","35"
"2020-03-26","Likasi","Lubumbashi","3h","Origin_Zone_Resident","Origin_Zone_Worker","ZoneGlobale","All_modes","320"
"2020-03-26","Likasi","Manika","1h","Outside_Resident","Outside_Worker","ZoneGlobale","All_modes","142"
"2020-03-26","Likasi","Manika","1h","Outside_Resident","Origin_Zone_Worker","ZoneGlobale","All_modes","285"
"2020-03-26","Likasi","Manika","1h","Destination_Zone_Resident","Destination_Zone_Worker","ZoneGlobale","All_modes","106"
"2020-03-26","Likasi","Manika","1h","Destination_Zone_Resident","Origin_Zone_Worker","ZoneGlobale","All_modes","463"
"2020-03-26","Likasi","Manika","1h","Study_Zone_Resident","Outside_Worker","ZoneGlobale","All_modes","35"
"2020-03-26","Likasi","Manika","1h","Study_Zone_Resident","Study_Zone_Worker","ZoneGlobale","All_modes","142"
"2020-03-26","Likasi","Manika","1h","Origin_Zone_Resident","Study_Zone_Worker","ZoneGlobale","All_modes","35"
"2020-03-26","Likasi","Manika","1h","Origin_Zone_Resident","Origin_Zone_Worker","ZoneGlobale","All_modes","962"
"2020-03-26","Likasi","Manika","3h","Outside_Resident","Outside_Worker","ZoneGlobale","All_modes","569"
"2020-03-26","Likasi","Manika","3h","Outside_Resident","Origin_Zone_Worker","ZoneGlobale","All_modes","569"
"2020-03-26","Likasi","Manika","3h","Destination_Zone_Resident","Destination_Zone_Worker","ZoneGlobale","All_modes","71"
"2020-03-26","Likasi","Manika","3h","Destination_Zone_Resident","Study_Zone_Worker","ZoneGlobale","All_modes","35"
"2020-03-26","Likasi","Manika","3h","Destination_Zone_Resident","Origin_Zone_Worker","ZoneGlobale","All_modes","854"
"2020-03-26","Likasi","Manika","3h","Study_Zone_Resident","Destination_Zone_Worker","ZoneGlobale","All_modes","71"
"2020-03-26","Likasi","Manika","3h","Study_Zone_Resident","Study_Zone_Worker","ZoneGlobale","All_modes","249"
"2020-03-26","Likasi","Manika","3h","Study_Zone_Resident","Origin_Zone_Worker","ZoneGlobale","All_modes","178"
"2020-03-26","Likasi","Manika","3h","Origin_Zone_Resident","Outside_Worker","ZoneGlobale","All_modes","35"
"2020-03-26","Likasi","Manika","3h","Origin_Zone_Resident","Origin_Zone_Worker","ZoneGlobale","All_modes","2527"
"2020-03-26","Likasi","Rwashi","1h","Study_Zone_Resident","Study_Zone_Worker","ZoneGlobale","All_modes","35"
"2020-03-26","Likasi","Rwashi","1h","Origin_Zone_Resident","Origin_Zone_Worker","ZoneGlobale","All_modes","35"
"2020-03-26","Likasi","Rwashi","3h","Origin_Zone_Resident","Origin_Zone_Worker","ZoneGlobale","All_modes","35"
"2020-03-26","Likasi","Sakania","3h","Origin_Zone_Resident","Origin_Zone_Worker","ZoneGlobale","All_modes","71"
"2020-03-26","Likasi","Tshamilemba","1h","Destination_Zone_Resident","Destination_Zone_Worker","ZoneGlobale","All_modes","35"
"2020-03-26","Likasi","Tshamilemba","1h","Study_Zone_Resident","Study_Zone_Worker","ZoneGlobale","All_modes","35"
"2020-03-26","Likasi","Tshamilemba","3h","Outside_Resident","Outside_Worker","ZoneGlobale","All_modes","35"
"2020-03-26","Likasi","Tshamilemba","3h","Outside_Resident","Origin_Zone_Worker","ZoneGlobale","All_modes","35"
"2020-03-26","Likasi","Tshamilemba","3h","Destination_Zone_Resident","Study_Zone_Worker","ZoneGlobale","All_modes","35"
"2020-03-26","Likasi","Tshamilemba","3h","Study_Zone_Resident","Study_Zone_Worker","ZoneGlobale","All_modes","106"
"2020-03-26","Likati","Bondo","1h","Outside_Resident","Outside_Worker","ZoneGlobale","All_modes","118"
"2020-03-26","Limete","Barumbu","1h","Outside_Resident","Outside_Worker","ZoneGlobale","All_modes","144"
"2020-03-26","Limete","Barumbu","1h","Outside_Resident","Destination_Zone_Worker","ZoneGlobale","All_modes","45"
"2020-03-26","Limete","Barumbu","1h","Outside_Resident","Origin_Zone_Worker","ZoneGlobale","All_modes","46"
"2020-03-26","Limete","Barumbu","1h","Destination_Zone_Resident","Outside_Worker","ZoneGlobale","All_modes","62"
"2020-03-26","Limete","Barumbu","1h","Destination_Zone_Resident","Destination_Zone_Worker","ZoneGlobale","All_modes","513"
"2020-03-26","Limete","Barumbu","1h","Destination_Zone_Resident","Study_Zone_Worker","ZoneGlobale","All_modes","115"
"2020-03-26","Limete","Barumbu","1h","Destination_Zone_Resident","Origin_Zone_Worker","ZoneGlobale","All_modes","162"
"2020-03-26","Limete","Barumbu","1h","Study_Zone_Resident","Study_Zone_Worker","ZoneGlobale","All_modes","152"
"2020-03-26","Limete","Barumbu","1h","Study_Zone_Resident","Origin_Zone_Worker","ZoneGlobale","All_modes","22"
"2020-03-26","Limete","Barumbu","1h","Origin_Zone_Resident","Destination_Zone_Worker","ZoneGlobale","All_modes","40"
"2020-03-26","Limete","Barumbu","1h","Origin_Zone_Resident","Origin_Zone_Worker","ZoneGlobale","All_modes","136"
"2020-03-26","Limete","Barumbu","3h","Outside_Resident","Outside_Worker","ZoneGlobale","All_modes","629"
"2020-03-26","Limete","Barumbu","3h","Outside_Resident","Destination_Zone_Worker","ZoneGlobale","All_modes","101"
"2020-03-26","Limete","Barumbu","3h","Outside_Resident","Study_Zone_Worker","ZoneGlobale","All_modes","27"
"2020-03-26","Limete","Barumbu","3h","Outside_Resident","Origin_Zone_Worker","ZoneGlobale","All_modes","116"
"2020-03-26","Limete","Barumbu","3h","Destination_Zone_Resident","Outside_Worker","ZoneGlobale","All_modes","61"
"2020-03-26","Limete","Barumbu","3h","Destination_Zone_Resident","Destination_Zone_Worker","ZoneGlobale","All_modes","606"
"2020-03-26","Limete","Barumbu","3h","Destination_Zone_Resident","Study_Zone_Worker","ZoneGlobale","All_modes","181"
"2020-03-26","Limete","Barumbu","3h","Destination_Zone_Resident","Origin_Zone_Worker","ZoneGlobale","All_modes","282"
"2020-03-26","Limete","Barumbu","3h","Study_Zone_Resident","Study_Zone_Worker","ZoneGlobale","All_modes","192"
"2020-03-26","Limete","Barumbu","3h","Study_Zone_Resident","Origin_Zone_Worker","ZoneGlobale","All_modes","57"
"2020-03-26","Limete","Barumbu","3h","Origin_Zone_Resident","Destination_Zone_Worker","ZoneGlobale","All_modes","50"
"2020-03-26","Limete","Barumbu","3h","Origin_Zone_Resident","Study_Zone_Worker","ZoneGlobale","All_modes","26"
"2020-03-26","Limete","Barumbu","3h","Origin_Zone_Resident","Origin_Zone_Worker","ZoneGlobale","All_modes","268"
"2020-03-26","Limete","Binza Meteo","1h","Outside_Resident","Outside_Worker","ZoneGlobale","All_modes","55"
"2020-03-26","Limete","Binza Meteo","1h","Destination_Zone_Resident","Outside_Worker","ZoneGlobale","All_modes","53"
"2020-03-26","Limete","Binza Meteo","1h","Destination_Zone_Resident","Destination_Zone_Worker","ZoneGlobale","All_modes","146"
"2020-03-26","Limete","Binza Meteo","1h","Destination_Zone_Resident","Study_Zone_Worker","ZoneGlobale","All_modes","75"
"2020-03-26","Limete","Binza Meteo","1h","Destination_Zone_Resident","Origin_Zone_Worker","ZoneGlobale","All_modes","97"
"2020-03-26","Limete","Binza Meteo","1h","Study_Zone_Resident","Study_Zone_Worker","ZoneGlobale","All_modes","51"
"2020-03-26","Limete","Binza Meteo","1h","Origin_Zone_Resident","Outside_Worker","ZoneGlobale","All_modes","24"
"2020-03-26","Limete","Binza Meteo","1h","Origin_Zone_Resident","Origin_Zone_Worker","ZoneGlobale","All_modes","24"
"2020-03-26","Limete","Binza Meteo","3h","Outside_Resident","Outside_Worker","ZoneGlobale","All_modes","180"
"2020-03-26","Limete","Binza Meteo","3h","Outside_Resident","Destination_Zone_Worker","ZoneGlobale","All_modes","56"
"2020-03-26","Limete","Binza Meteo","3h","Outside_Resident","Study_Zone_Worker","ZoneGlobale","All_modes","37"
"2020-03-26","Limete","Binza Meteo","3h","Outside_Resident","Origin_Zone_Worker","ZoneGlobale","All_modes","40"
"2020-03-26","Limete","Binza Meteo","3h","Destination_Zone_Resident","Outside_Worker","ZoneGlobale","All_modes","65"
"2020-03-26","Limete","Binza Meteo","3h","Destination_Zone_Resident","Destination_Zone_Worker","ZoneGlobale","All_modes","197"
"2020-03-26","Limete","Binza Meteo","3h","Destination_Zone_Resident","Study_Zone_Worker","ZoneGlobale","All_modes","52"
"2020-03-26","Limete","Binza Meteo","3h","Destination_Zone_Resident","Origin_Zone_Worker","ZoneGlobale","All_modes","146"
"2020-03-26","Limete","Binza Meteo","3h","Study_Zone_Resident","Destination_Zone_Worker","ZoneGlobale","All_modes","27"
"2020-03-26","Limete","Binza Meteo","3h","Study_Zone_Resident","Study_Zone_Worker","ZoneGlobale","All_modes","139"
"2020-03-26","Limete","Binza Meteo","3h","Study_Zone_Resident","Origin_Zone_Worker","ZoneGlobale","All_modes","61"
"2020-03-26","Limete","Binza Ozone","1h","Outside_Resident","Study_Zone_Worker","ZoneGlobale","All_modes","35"
"2020-03-26","Limete","Binza Ozone","1h","Destination_Zone_Resident","Destination_Zone_Worker","ZoneGlobale","All_modes","158"
"2020-03-26","Limete","Binza Ozone","1h","Destination_Zone_Resident","Origin_Zone_Worker","ZoneGlobale","All_modes","49"
"2020-03-26","Limete","Binza Ozone","1h","Study_Zone_Resident","Study_Zone_Worker","ZoneGlobale","All_modes","35"
"2020-03-26","Limete","Binza Ozone","3h","Outside_Resident","Outside_Worker","ZoneGlobale","All_modes","66"
"2020-03-26","Limete","Binza Ozone","3h","Outside_Resident","Destination_Zone_Worker","ZoneGlobale","All_modes","22"
"2020-03-26","Limete","Binza Ozone","3h","Outside_Resident","Study_Zone_Worker","ZoneGlobale","All_modes","24"
"2020-03-26","Limete","Binza Ozone","3h","Outside_Resident","Origin_Zone_Worker","ZoneGlobale","All_modes","49"
"2020-03-26","Limete","Binza Ozone","3h","Destination_Zone_Resident","Destination_Zone_Worker","ZoneGlobale","All_modes","216"
"2020-03-26","Limete","Binza Ozone","3h","Destination_Zone_Resident","Study_Zone_Worker","ZoneGlobale","All_modes","50"
"2020-03-26","Limete","Binza Ozone","3h","Destination_Zone_Resident","Origin_Zone_Worker","ZoneGlobale","All_modes","94"
"2020-03-26","Limete","Binza Ozone","3h","Study_Zone_Resident","Destination_Zone_Worker","ZoneGlobale","All_modes","27"
"2020-03-26","Limete","Binza Ozone","3h","Study_Zone_Resident","Origin_Zone_Worker","ZoneGlobale","All_modes","22"
"2020-03-26","Limete","Bumbu","1h","Outside_Resident","Outside_Worker","ZoneGlobale","All_modes","33"
"2020-03-26","Limete","Bumbu","1h","Outside_Resident","Origin_Zone_Worker","ZoneGlobale","All_modes","27"
"2020-03-26","Limete","Bumbu","1h","Destination_Zone_Resident","Outside_Worker","ZoneGlobale","All_modes","53"
"2020-03-26","Limete","Bumbu","1h","Destination_Zone_Resident","Destination_Zone_Worker","ZoneGlobale","All_modes","102"
"2020-03-26","Limete","Bumbu","1h","Destination_Zone_Resident","Study_Zone_Worker","ZoneGlobale","All_modes","61"
"2020-03-26","Limete","Bumbu","1h","Destination_Zone_Resident","Origin_Zone_Worker","ZoneGlobale","All_modes","53"
"2020-03-26","Limete","Bumbu","1h","Study_Zone_Resident","Destination_Zone_Worker","ZoneGlobale","All_modes","24"
"2020-03-26","Limete","Bumbu","1h","Study_Zone_Resident","Study_Zone_Worker","ZoneGlobale","All_modes","40"
