"﻿Date","Origin","Destination","Immobility","Home_Category","Activity_Category","Observation_Zone","Mode","Volume"
"2020-04-04","Kasa-Vubu","Binza Ozone","3h","Destination_Zone_Resident","Origin_Zone_Worker","ZoneGlobale","All_modes","28"
"2020-04-04","Kasa-Vubu","Binza Ozone","3h","Study_Zone_Resident","Destination_Zone_Worker","ZoneGlobale","All_modes","21"
"2020-04-04","Kasa-Vubu","Binza Ozone","3h","Study_Zone_Resident","Study_Zone_Worker","ZoneGlobale","All_modes","93"
"2020-04-04","Kasa-Vubu","Binza Ozone","3h","Origin_Zone_Resident","Destination_Zone_Worker","ZoneGlobale","All_modes","36"
"2020-04-04","Kasa-Vubu","Binza Ozone","3h","Origin_Zone_Resident","Origin_Zone_Worker","ZoneGlobale","All_modes","115"
"2020-04-04","Kasa-Vubu","Bumbu","1h","Outside_Resident","Outside_Worker","ZoneGlobale","All_modes","408"
"2020-04-04","Kasa-Vubu","Bumbu","1h","Outside_Resident","Destination_Zone_Worker","ZoneGlobale","All_modes","75"
"2020-04-04","Kasa-Vubu","Bumbu","1h","Outside_Resident","Study_Zone_Worker","ZoneGlobale","All_modes","70"
"2020-04-04","Kasa-Vubu","Bumbu","1h","Outside_Resident","Origin_Zone_Worker","ZoneGlobale","All_modes","77"
"2020-04-04","Kasa-Vubu","Bumbu","1h","Destination_Zone_Resident","Outside_Worker","ZoneGlobale","All_modes","77"
"2020-04-04","Kasa-Vubu","Bumbu","1h","Destination_Zone_Resident","Destination_Zone_Worker","ZoneGlobale","All_modes","880"
"2020-04-04","Kasa-Vubu","Bumbu","1h","Destination_Zone_Resident","Study_Zone_Worker","ZoneGlobale","All_modes","119"
"2020-04-04","Kasa-Vubu","Bumbu","1h","Destination_Zone_Resident","Origin_Zone_Worker","ZoneGlobale","All_modes","329"
"2020-04-04","Kasa-Vubu","Bumbu","1h","Study_Zone_Resident","Outside_Worker","ZoneGlobale","All_modes","43"
"2020-04-04","Kasa-Vubu","Bumbu","1h","Study_Zone_Resident","Destination_Zone_Worker","ZoneGlobale","All_modes","82"
"2020-04-04","Kasa-Vubu","Bumbu","1h","Study_Zone_Resident","Study_Zone_Worker","ZoneGlobale","All_modes","385"
"2020-04-04","Kasa-Vubu","Bumbu","1h","Study_Zone_Resident","Origin_Zone_Worker","ZoneGlobale","All_modes","76"
"2020-04-04","Kasa-Vubu","Bumbu","1h","Origin_Zone_Resident","Study_Zone_Worker","ZoneGlobale","All_modes","35"
"2020-04-04","Kasa-Vubu","Bumbu","1h","Origin_Zone_Resident","Origin_Zone_Worker","ZoneGlobale","All_modes","378"
"2020-04-04","Kasa-Vubu","Bumbu","3h","Outside_Resident","Outside_Worker","ZoneGlobale","All_modes","430"
"2020-04-04","Kasa-Vubu","Bumbu","3h","Outside_Resident","Destination_Zone_Worker","ZoneGlobale","All_modes","81"
"2020-04-04","Kasa-Vubu","Bumbu","3h","Outside_Resident","Study_Zone_Worker","ZoneGlobale","All_modes","62"
"2020-04-04","Kasa-Vubu","Bumbu","3h","Outside_Resident","Origin_Zone_Worker","ZoneGlobale","All_modes","96"
"2020-04-04","Kasa-Vubu","Bumbu","3h","Destination_Zone_Resident","Outside_Worker","ZoneGlobale","All_modes","108"
"2020-04-04","Kasa-Vubu","Bumbu","3h","Destination_Zone_Resident","Destination_Zone_Worker","ZoneGlobale","All_modes","565"
"2020-04-04","Kasa-Vubu","Bumbu","3h","Destination_Zone_Resident","Study_Zone_Worker","ZoneGlobale","All_modes","88"
"2020-04-04","Kasa-Vubu","Bumbu","3h","Destination_Zone_Resident","Origin_Zone_Worker","ZoneGlobale","All_modes","323"
"2020-04-04","Kasa-Vubu","Bumbu","3h","Study_Zone_Resident","Outside_Worker","ZoneGlobale","All_modes","35"
"2020-04-04","Kasa-Vubu","Bumbu","3h","Study_Zone_Resident","Destination_Zone_Worker","ZoneGlobale","All_modes","49"
"2020-04-04","Kasa-Vubu","Bumbu","3h","Study_Zone_Resident","Study_Zone_Worker","ZoneGlobale","All_modes","166"
"2020-04-04","Kasa-Vubu","Bumbu","3h","Study_Zone_Resident","Origin_Zone_Worker","ZoneGlobale","All_modes","82"
"2020-04-04","Kasa-Vubu","Bumbu","3h","Origin_Zone_Resident","Destination_Zone_Worker","ZoneGlobale","All_modes","41"
"2020-04-04","Kasa-Vubu","Bumbu","3h","Origin_Zone_Resident","Study_Zone_Worker","ZoneGlobale","All_modes","41"
"2020-04-04","Kasa-Vubu","Bumbu","3h","Origin_Zone_Resident","Origin_Zone_Worker","ZoneGlobale","All_modes","305"
"2020-04-04","Kasa-Vubu","Gombe","1h","Outside_Resident","Outside_Worker","ZoneGlobale","All_modes","225"
"2020-04-04","Kasa-Vubu","Gombe","1h","Outside_Resident","Destination_Zone_Worker","ZoneGlobale","All_modes","76"
"2020-04-04","Kasa-Vubu","Gombe","1h","Outside_Resident","Study_Zone_Worker","ZoneGlobale","All_modes","67"
"2020-04-04","Kasa-Vubu","Gombe","1h","Outside_Resident","Origin_Zone_Worker","ZoneGlobale","All_modes","41"
"2020-04-04","Kasa-Vubu","Gombe","1h","Destination_Zone_Resident","Destination_Zone_Worker","ZoneGlobale","All_modes","233"
"2020-04-04","Kasa-Vubu","Gombe","1h","Destination_Zone_Resident","Study_Zone_Worker","ZoneGlobale","All_modes","29"
"2020-04-04","Kasa-Vubu","Gombe","1h","Study_Zone_Resident","Outside_Worker","ZoneGlobale","All_modes","53"
"2020-04-04","Kasa-Vubu","Gombe","1h","Study_Zone_Resident","Destination_Zone_Worker","ZoneGlobale","All_modes","311"
"2020-04-04","Kasa-Vubu","Gombe","1h","Study_Zone_Resident","Study_Zone_Worker","ZoneGlobale","All_modes","483"
"2020-04-04","Kasa-Vubu","Gombe","1h","Study_Zone_Resident","Origin_Zone_Worker","ZoneGlobale","All_modes","56"
"2020-04-04","Kasa-Vubu","Gombe","1h","Origin_Zone_Resident","Outside_Worker","ZoneGlobale","All_modes","41"
"2020-04-04","Kasa-Vubu","Gombe","1h","Origin_Zone_Resident","Destination_Zone_Worker","ZoneGlobale","All_modes","456"
"2020-04-04","Kasa-Vubu","Gombe","1h","Origin_Zone_Resident","Study_Zone_Worker","ZoneGlobale","All_modes","50"
"2020-04-04","Kasa-Vubu","Gombe","1h","Origin_Zone_Resident","Origin_Zone_Worker","ZoneGlobale","All_modes","797"
"2020-04-04","Kasa-Vubu","Gombe","3h","Outside_Resident","Outside_Worker","ZoneGlobale","All_modes","284"
"2020-04-04","Kasa-Vubu","Gombe","3h","Outside_Resident","Destination_Zone_Worker","ZoneGlobale","All_modes","69"
"2020-04-04","Kasa-Vubu","Gombe","3h","Outside_Resident","Study_Zone_Worker","ZoneGlobale","All_modes","42"
"2020-04-04","Kasa-Vubu","Gombe","3h","Outside_Resident","Origin_Zone_Worker","ZoneGlobale","All_modes","41"
"2020-04-04","Kasa-Vubu","Gombe","3h","Destination_Zone_Resident","Destination_Zone_Worker","ZoneGlobale","All_modes","83"
"2020-04-04","Kasa-Vubu","Gombe","3h","Destination_Zone_Resident","Study_Zone_Worker","ZoneGlobale","All_modes","22"
"2020-04-04","Kasa-Vubu","Gombe","3h","Destination_Zone_Resident","Origin_Zone_Worker","ZoneGlobale","All_modes","27"
"2020-04-04","Kasa-Vubu","Gombe","3h","Study_Zone_Resident","Outside_Worker","ZoneGlobale","All_modes","33"
"2020-04-04","Kasa-Vubu","Gombe","3h","Study_Zone_Resident","Destination_Zone_Worker","ZoneGlobale","All_modes","151"
"2020-04-04","Kasa-Vubu","Gombe","3h","Study_Zone_Resident","Study_Zone_Worker","ZoneGlobale","All_modes","275"
"2020-04-04","Kasa-Vubu","Gombe","3h","Study_Zone_Resident","Origin_Zone_Worker","ZoneGlobale","All_modes","53"
"2020-04-04","Kasa-Vubu","Gombe","3h","Origin_Zone_Resident","Outside_Worker","ZoneGlobale","All_modes","27"
"2020-04-04","Kasa-Vubu","Gombe","3h","Origin_Zone_Resident","Destination_Zone_Worker","ZoneGlobale","All_modes","587"
"2020-04-04","Kasa-Vubu","Gombe","3h","Origin_Zone_Resident","Study_Zone_Worker","ZoneGlobale","All_modes","63"
"2020-04-04","Kasa-Vubu","Gombe","3h","Origin_Zone_Resident","Origin_Zone_Worker","ZoneGlobale","All_modes","644"
"2020-04-04","Kasa-Vubu","Kalamu I","1h","Outside_Resident","Outside_Worker","ZoneGlobale","All_modes","455"
"2020-04-04","Kasa-Vubu","Kalamu I","1h","Outside_Resident","Destination_Zone_Worker","ZoneGlobale","All_modes","88"
"2020-04-04","Kasa-Vubu","Kalamu I","1h","Outside_Resident","Study_Zone_Worker","ZoneGlobale","All_modes","97"
"2020-04-04","Kasa-Vubu","Kalamu I","1h","Outside_Resident","Origin_Zone_Worker","ZoneGlobale","All_modes","21"
"2020-04-04","Kasa-Vubu","Kalamu I","1h","Destination_Zone_Resident","Outside_Worker","ZoneGlobale","All_modes","85"
"2020-04-04","Kasa-Vubu","Kalamu I","1h","Destination_Zone_Resident","Destination_Zone_Worker","ZoneGlobale","All_modes","1024"
"2020-04-04","Kasa-Vubu","Kalamu I","1h","Destination_Zone_Resident","Study_Zone_Worker","ZoneGlobale","All_modes","95"
"2020-04-04","Kasa-Vubu","Kalamu I","1h","Destination_Zone_Resident","Origin_Zone_Worker","ZoneGlobale","All_modes","249"
"2020-04-04","Kasa-Vubu","Kalamu I","1h","Study_Zone_Resident","Outside_Worker","ZoneGlobale","All_modes","21"
"2020-04-04","Kasa-Vubu","Kalamu I","1h","Study_Zone_Resident","Destination_Zone_Worker","ZoneGlobale","All_modes","195"
"2020-04-04","Kasa-Vubu","Kalamu I","1h","Study_Zone_Resident","Study_Zone_Worker","ZoneGlobale","All_modes","667"
"2020-04-04","Kasa-Vubu","Kalamu I","1h","Study_Zone_Resident","Origin_Zone_Worker","ZoneGlobale","All_modes","152"
"2020-04-04","Kasa-Vubu","Kalamu I","1h","Origin_Zone_Resident","Outside_Worker","ZoneGlobale","All_modes","25"
"2020-04-04","Kasa-Vubu","Kalamu I","1h","Origin_Zone_Resident","Destination_Zone_Worker","ZoneGlobale","All_modes","164"
"2020-04-04","Kasa-Vubu","Kalamu I","1h","Origin_Zone_Resident","Study_Zone_Worker","ZoneGlobale","All_modes","54"
"2020-04-04","Kasa-Vubu","Kalamu I","1h","Origin_Zone_Resident","Origin_Zone_Worker","ZoneGlobale","All_modes","1002"
"2020-04-04","Kasa-Vubu","Kalamu I","3h","Outside_Resident","Outside_Worker","ZoneGlobale","All_modes","419"
"2020-04-04","Kasa-Vubu","Kalamu I","3h","Outside_Resident","Destination_Zone_Worker","ZoneGlobale","All_modes","41"
"2020-04-04","Kasa-Vubu","Kalamu I","3h","Outside_Resident","Study_Zone_Worker","ZoneGlobale","All_modes","48"
"2020-04-04","Kasa-Vubu","Kalamu I","3h","Outside_Resident","Origin_Zone_Worker","ZoneGlobale","All_modes","60"
"2020-04-04","Kasa-Vubu","Kalamu I","3h","Destination_Zone_Resident","Outside_Worker","ZoneGlobale","All_modes","103"
"2020-04-04","Kasa-Vubu","Kalamu I","3h","Destination_Zone_Resident","Destination_Zone_Worker","ZoneGlobale","All_modes","674"
"2020-04-04","Kasa-Vubu","Kalamu I","3h","Destination_Zone_Resident","Study_Zone_Worker","ZoneGlobale","All_modes","34"
"2020-04-04","Kasa-Vubu","Kalamu I","3h","Destination_Zone_Resident","Origin_Zone_Worker","ZoneGlobale","All_modes","278"
"2020-04-04","Kasa-Vubu","Kalamu I","3h","Study_Zone_Resident","Outside_Worker","ZoneGlobale","All_modes","42"
"2020-04-04","Kasa-Vubu","Kalamu I","3h","Study_Zone_Resident","Destination_Zone_Worker","ZoneGlobale","All_modes","95"
"2020-04-04","Kasa-Vubu","Kalamu I","3h","Study_Zone_Resident","Study_Zone_Worker","ZoneGlobale","All_modes","309"
"2020-04-04","Kasa-Vubu","Kalamu I","3h","Study_Zone_Resident","Origin_Zone_Worker","ZoneGlobale","All_modes","127"
"2020-04-04","Kasa-Vubu","Kalamu I","3h","Origin_Zone_Resident","Outside_Worker","ZoneGlobale","All_modes","48"
"2020-04-04","Kasa-Vubu","Kalamu I","3h","Origin_Zone_Resident","Destination_Zone_Worker","ZoneGlobale","All_modes","150"
"2020-04-04","Kasa-Vubu","Kalamu I","3h","Origin_Zone_Resident","Study_Zone_Worker","ZoneGlobale","All_modes","70"
"2020-04-04","Kasa-Vubu","Kalamu I","3h","Origin_Zone_Resident","Origin_Zone_Worker","ZoneGlobale","All_modes","835"
"2020-04-04","Kasa-Vubu","Kalamu II","1h","Outside_Resident","Outside_Worker","ZoneGlobale","All_modes","961"
"2020-04-04","Kasa-Vubu","Kalamu II","1h","Outside_Resident","Destination_Zone_Worker","ZoneGlobale","All_modes","137"
"2020-04-04","Kasa-Vubu","Kalamu II","1h","Outside_Resident","Study_Zone_Worker","ZoneGlobale","All_modes","112"
"2020-04-04","Kasa-Vubu","Kalamu II","1h","Outside_Resident","Origin_Zone_Worker","ZoneGlobale","All_modes","145"
"2020-04-04","Kasa-Vubu","Kalamu II","1h","Destination_Zone_Resident","Outside_Worker","ZoneGlobale","All_modes","56"
"2020-04-04","Kasa-Vubu","Kalamu II","1h","Destination_Zone_Resident","Destination_Zone_Worker","ZoneGlobale","All_modes","2247"
"2020-04-04","Kasa-Vubu","Kalamu II","1h","Destination_Zone_Resident","Study_Zone_Worker","ZoneGlobale","All_modes","151"
"2020-04-04","Kasa-Vubu","Kalamu II","1h","Destination_Zone_Resident","Origin_Zone_Worker","ZoneGlobale","All_modes","298"
"2020-04-04","Kasa-Vubu","Kalamu II","1h","Study_Zone_Resident","Outside_Worker","ZoneGlobale","All_modes","173"
"2020-04-04","Kasa-Vubu","Kalamu II","1h","Study_Zone_Resident","Destination_Zone_Worker","ZoneGlobale","All_modes","508"
"2020-04-04","Kasa-Vubu","Kalamu II","1h","Study_Zone_Resident","Study_Zone_Worker","ZoneGlobale","All_modes","1243"
"2020-04-04","Kasa-Vubu","Kalamu II","1h","Study_Zone_Resident","Origin_Zone_Worker","ZoneGlobale","All_modes","509"
"2020-04-04","Kasa-Vubu","Kalamu II","1h","Origin_Zone_Resident","Outside_Worker","ZoneGlobale","All_modes","56"
"2020-04-04","Kasa-Vubu","Kalamu II","1h","Origin_Zone_Resident","Destination_Zone_Worker","ZoneGlobale","All_modes","601"
"2020-04-04","Kasa-Vubu","Kalamu II","1h","Origin_Zone_Resident","Study_Zone_Worker","ZoneGlobale","All_modes","113"
"2020-04-04","Kasa-Vubu","Kalamu II","1h","Origin_Zone_Resident","Origin_Zone_Worker","ZoneGlobale","All_modes","2300"
"2020-04-04","Kasa-Vubu","Kalamu II","3h","Outside_Resident","Outside_Worker","ZoneGlobale","All_modes","796"
"2020-04-04","Kasa-Vubu","Kalamu II","3h","Outside_Resident","Destination_Zone_Worker","ZoneGlobale","All_modes","158"
"2020-04-04","Kasa-Vubu","Kalamu II","3h","Outside_Resident","Study_Zone_Worker","ZoneGlobale","All_modes","109"
"2020-04-04","Kasa-Vubu","Kalamu II","3h","Outside_Resident","Origin_Zone_Worker","ZoneGlobale","All_modes","161"
"2020-04-04","Kasa-Vubu","Kalamu II","3h","Destination_Zone_Resident","Outside_Worker","ZoneGlobale","All_modes","27"
"2020-04-04","Kasa-Vubu","Kalamu II","3h","Destination_Zone_Resident","Destination_Zone_Worker","ZoneGlobale","All_modes","1445"
"2020-04-04","Kasa-Vubu","Kalamu II","3h","Destination_Zone_Resident","Study_Zone_Worker","ZoneGlobale","All_modes","70"
"2020-04-04","Kasa-Vubu","Kalamu II","3h","Destination_Zone_Resident","Origin_Zone_Worker","ZoneGlobale","All_modes","247"
"2020-04-04","Kasa-Vubu","Kalamu II","3h","Study_Zone_Resident","Outside_Worker","ZoneGlobale","All_modes","47"
"2020-04-04","Kasa-Vubu","Kalamu II","3h","Study_Zone_Resident","Destination_Zone_Worker","ZoneGlobale","All_modes","262"
"2020-04-04","Kasa-Vubu","Kalamu II","3h","Study_Zone_Resident","Study_Zone_Worker","ZoneGlobale","All_modes","482"
"2020-04-04","Kasa-Vubu","Kalamu II","3h","Study_Zone_Resident","Origin_Zone_Worker","ZoneGlobale","All_modes","289"
"2020-04-04","Kasa-Vubu","Kalamu II","3h","Origin_Zone_Resident","Outside_Worker","ZoneGlobale","All_modes","42"
"2020-04-04","Kasa-Vubu","Kalamu II","3h","Origin_Zone_Resident","Destination_Zone_Worker","ZoneGlobale","All_modes","636"
"2020-04-04","Kasa-Vubu","Kalamu II","3h","Origin_Zone_Resident","Study_Zone_Worker","ZoneGlobale","All_modes","92"
"2020-04-04","Kasa-Vubu","Kalamu II","3h","Origin_Zone_Resident","Origin_Zone_Worker","ZoneGlobale","All_modes","2054"
"2020-04-04","Kasa-Vubu","Kikimi","1h","Outside_Resident","Outside_Worker","ZoneGlobale","All_modes","29"
"2020-04-04","Kasa-Vubu","Kikimi","1h","Origin_Zone_Resident","Origin_Zone_Worker","ZoneGlobale","All_modes","42"
"2020-04-04","Kasa-Vubu","Kikimi","3h","Outside_Resident","Outside_Worker","ZoneGlobale","All_modes","28"
"2020-04-04","Kasa-Vubu","Kikimi","3h","Destination_Zone_Resident","Destination_Zone_Worker","ZoneGlobale","All_modes","21"
"2020-04-04","Kasa-Vubu","Kikimi","3h","Origin_Zone_Resident","Origin_Zone_Worker","ZoneGlobale","All_modes","40"
"2020-04-04","Kasa-Vubu","Kimbanseke","1h","Outside_Resident","Outside_Worker","ZoneGlobale","All_modes","64"
"2020-04-04","Kasa-Vubu","Kimbanseke","1h","Destination_Zone_Resident","Destination_Zone_Worker","ZoneGlobale","All_modes","131"
"2020-04-04","Kasa-Vubu","Kimbanseke","1h","Destination_Zone_Resident","Study_Zone_Worker","ZoneGlobale","All_modes","26"
"2020-04-04","Kasa-Vubu","Kimbanseke","1h","Study_Zone_Resident","Study_Zone_Worker","ZoneGlobale","All_modes","67"
"2020-04-04","Kasa-Vubu","Kimbanseke","1h","Origin_Zone_Resident","Origin_Zone_Worker","ZoneGlobale","All_modes","91"
"2020-04-04","Kasa-Vubu","Kimbanseke","3h","Outside_Resident","Outside_Worker","ZoneGlobale","All_modes","82"
"2020-04-04","Kasa-Vubu","Kimbanseke","3h","Outside_Resident","Study_Zone_Worker","ZoneGlobale","All_modes","21"
"2020-04-04","Kasa-Vubu","Kimbanseke","3h","Outside_Resident","Origin_Zone_Worker","ZoneGlobale","All_modes","26"
"2020-04-04","Kasa-Vubu","Kimbanseke","3h","Destination_Zone_Resident","Outside_Worker","ZoneGlobale","All_modes","28"
"2020-04-04","Kasa-Vubu","Kimbanseke","3h","Destination_Zone_Resident","Destination_Zone_Worker","ZoneGlobale","All_modes","117"
"2020-04-04","Kasa-Vubu","Kimbanseke","3h","Destination_Zone_Resident","Origin_Zone_Worker","ZoneGlobale","All_modes","27"
"2020-04-04","Kasa-Vubu","Kimbanseke","3h","Study_Zone_Resident","Study_Zone_Worker","ZoneGlobale","All_modes","41"
"2020-04-04","Kasa-Vubu","Kimbanseke","3h","Study_Zone_Resident","Origin_Zone_Worker","ZoneGlobale","All_modes","26"
"2020-04-04","Kasa-Vubu","Kimbanseke","3h","Origin_Zone_Resident","Origin_Zone_Worker","ZoneGlobale","All_modes","134"
"2020-04-04","Kasa-Vubu","Kingabwa","1h","Outside_Resident","Outside_Worker","ZoneGlobale","All_modes","84"
"2020-04-04","Kasa-Vubu","Kingabwa","1h","Destination_Zone_Resident","Destination_Zone_Worker","ZoneGlobale","All_modes","142"
"2020-04-04","Kasa-Vubu","Kingabwa","1h","Destination_Zone_Resident","Study_Zone_Worker","ZoneGlobale","All_modes","32"
"2020-04-04","Kasa-Vubu","Kingabwa","1h","Study_Zone_Resident","Destination_Zone_Worker","ZoneGlobale","All_modes","39"
"2020-04-04","Kasa-Vubu","Kingabwa","1h","Study_Zone_Resident","Study_Zone_Worker","ZoneGlobale","All_modes","129"
"2020-04-04","Kasa-Vubu","Kingabwa","1h","Study_Zone_Resident","Origin_Zone_Worker","ZoneGlobale","All_modes","34"
"2020-04-04","Kasa-Vubu","Kingabwa","1h","Origin_Zone_Resident","Origin_Zone_Worker","ZoneGlobale","All_modes","162"
"2020-04-04","Kasa-Vubu","Kingabwa","3h","Outside_Resident","Outside_Worker","ZoneGlobale","All_modes","67"
"2020-04-04","Kasa-Vubu","Kingabwa","3h","Destination_Zone_Resident","Outside_Worker","ZoneGlobale","All_modes","27"
"2020-04-04","Kasa-Vubu","Kingabwa","3h","Destination_Zone_Resident","Destination_Zone_Worker","ZoneGlobale","All_modes","131"
"2020-04-04","Kasa-Vubu","Kingabwa","3h","Study_Zone_Resident","Study_Zone_Worker","ZoneGlobale","All_modes","32"
"2020-04-04","Kasa-Vubu","Kingabwa","3h","Study_Zone_Resident","Origin_Zone_Worker","ZoneGlobale","All_modes","47"
"2020-04-04","Kasa-Vubu","Kingabwa","3h","Origin_Zone_Resident","Destination_Zone_Worker","ZoneGlobale","All_modes","44"
"2020-04-04","Kasa-Vubu","Kingabwa","3h","Origin_Zone_Resident","Origin_Zone_Worker","ZoneGlobale","All_modes","151"
"2020-04-04","Kasa-Vubu","Kinshasa","1h","Outside_Resident","Outside_Worker","ZoneGlobale","All_modes","267"
"2020-04-04","Kasa-Vubu","Kinshasa","1h","Outside_Resident","Destination_Zone_Worker","ZoneGlobale","All_modes","63"
"2020-04-04","Kasa-Vubu","Kinshasa","1h","Outside_Resident","Study_Zone_Worker","ZoneGlobale","All_modes","21"
"2020-04-04","Kasa-Vubu","Kinshasa","1h","Destination_Zone_Resident","Destination_Zone_Worker","ZoneGlobale","All_modes","447"
"2020-04-04","Kasa-Vubu","Kinshasa","1h","Destination_Zone_Resident","Origin_Zone_Worker","ZoneGlobale","All_modes","70"
"2020-04-04","Kasa-Vubu","Kinshasa","1h","Study_Zone_Resident","Outside_Worker","ZoneGlobale","All_modes","33"
"2020-04-04","Kasa-Vubu","Kinshasa","1h","Study_Zone_Resident","Destination_Zone_Worker","ZoneGlobale","All_modes","121"
"2020-04-04","Kasa-Vubu","Kinshasa","1h","Study_Zone_Resident","Study_Zone_Worker","ZoneGlobale","All_modes","401"
"2020-04-04","Kasa-Vubu","Kinshasa","1h","Study_Zone_Resident","Origin_Zone_Worker","ZoneGlobale","All_modes","101"
"2020-04-04","Kasa-Vubu","Kinshasa","1h","Origin_Zone_Resident","Outside_Worker","ZoneGlobale","All_modes","27"
"2020-04-04","Kasa-Vubu","Kinshasa","1h","Origin_Zone_Resident","Destination_Zone_Worker","ZoneGlobale","All_modes","265"
"2020-04-04","Kasa-Vubu","Kinshasa","1h","Origin_Zone_Resident","Study_Zone_Worker","ZoneGlobale","All_modes","116"
"2020-04-04","Kasa-Vubu","Kinshasa","1h","Origin_Zone_Resident","Origin_Zone_Worker","ZoneGlobale","All_modes","668"
"2020-04-04","Kasa-Vubu","Kinshasa","3h","Outside_Resident","Outside_Worker","ZoneGlobale","All_modes","235"
"2020-04-04","Kasa-Vubu","Kinshasa","3h","Outside_Resident","Destination_Zone_Worker","ZoneGlobale","All_modes","54"
"2020-04-04","Kasa-Vubu","Kinshasa","3h","Outside_Resident","Study_Zone_Worker","ZoneGlobale","All_modes","49"
"2020-04-04","Kasa-Vubu","Kinshasa","3h","Outside_Resident","Origin_Zone_Worker","ZoneGlobale","All_modes","48"
"2020-04-04","Kasa-Vubu","Kinshasa","3h","Destination_Zone_Resident","Outside_Worker","ZoneGlobale","All_modes","22"
"2020-04-04","Kasa-Vubu","Kinshasa","3h","Destination_Zone_Resident","Destination_Zone_Worker","ZoneGlobale","All_modes","341"
"2020-04-04","Kasa-Vubu","Kinshasa","3h","Destination_Zone_Resident","Origin_Zone_Worker","ZoneGlobale","All_modes","30"
"2020-04-04","Kasa-Vubu","Kinshasa","3h","Study_Zone_Resident","Outside_Worker","ZoneGlobale","All_modes","26"
"2020-04-04","Kasa-Vubu","Kinshasa","3h","Study_Zone_Resident","Destination_Zone_Worker","ZoneGlobale","All_modes","76"
"2020-04-04","Kasa-Vubu","Kinshasa","3h","Study_Zone_Resident","Study_Zone_Worker","ZoneGlobale","All_modes","118"
"2020-04-04","Kasa-Vubu","Kinshasa","3h","Study_Zone_Resident","Origin_Zone_Worker","ZoneGlobale","All_modes","52"
"2020-04-04","Kasa-Vubu","Kinshasa","3h","Origin_Zone_Resident","Outside_Worker","ZoneGlobale","All_modes","62"
"2020-04-04","Kasa-Vubu","Kinshasa","3h","Origin_Zone_Resident","Destination_Zone_Worker","ZoneGlobale","All_modes","241"
"2020-04-04","Kasa-Vubu","Kinshasa","3h","Origin_Zone_Resident","Study_Zone_Worker","ZoneGlobale","All_modes","72"
"2020-04-04","Kasa-Vubu","Kinshasa","3h","Origin_Zone_Resident","Origin_Zone_Worker","ZoneGlobale","All_modes","642"
"2020-04-04","Kasa-Vubu","Kintambo","1h","Outside_Resident","Outside_Worker","ZoneGlobale","All_modes","88"
"2020-04-04","Kasa-Vubu","Kintambo","1h","Outside_Resident","Study_Zone_Worker","ZoneGlobale","All_modes","28"
"2020-04-04","Kasa-Vubu","Kintambo","1h","Destination_Zone_Resident","Destination_Zone_Worker","ZoneGlobale","All_modes","193"
"2020-04-04","Kasa-Vubu","Kintambo","1h","Destination_Zone_Resident","Study_Zone_Worker","ZoneGlobale","All_modes","28"
"2020-04-04","Kasa-Vubu","Kintambo","1h","Study_Zone_Resident","Study_Zone_Worker","ZoneGlobale","All_modes","241"
"2020-04-04","Kasa-Vubu","Kintambo","1h","Study_Zone_Resident","Origin_Zone_Worker","ZoneGlobale","All_modes","42"
"2020-04-04","Kasa-Vubu","Kintambo","1h","Origin_Zone_Resident","Outside_Worker","ZoneGlobale","All_modes","21"
"2020-04-04","Kasa-Vubu","Kintambo","1h","Origin_Zone_Resident","Destination_Zone_Worker","ZoneGlobale","All_modes","42"
"2020-04-04","Kasa-Vubu","Kintambo","1h","Origin_Zone_Resident","Study_Zone_Worker","ZoneGlobale","All_modes","49"
"2020-04-04","Kasa-Vubu","Kintambo","1h","Origin_Zone_Resident","Origin_Zone_Worker","ZoneGlobale","All_modes","153"
"2020-04-04","Kasa-Vubu","Kintambo","3h","Outside_Resident","Outside_Worker","ZoneGlobale","All_modes","121"
"2020-04-04","Kasa-Vubu","Kintambo","3h","Outside_Resident","Destination_Zone_Worker","ZoneGlobale","All_modes","41"
"2020-04-04","Kasa-Vubu","Kintambo","3h","Outside_Resident","Study_Zone_Worker","ZoneGlobale","All_modes","27"
"2020-04-04","Kasa-Vubu","Kintambo","3h","Destination_Zone_Resident","Outside_Worker","ZoneGlobale","All_modes","21"
"2020-04-04","Kasa-Vubu","Kintambo","3h","Destination_Zone_Resident","Destination_Zone_Worker","ZoneGlobale","All_modes","131"
"2020-04-04","Kasa-Vubu","Kintambo","3h","Study_Zone_Resident","Outside_Worker","ZoneGlobale","All_modes","35"
"2020-04-04","Kasa-Vubu","Kintambo","3h","Study_Zone_Resident","Study_Zone_Worker","ZoneGlobale","All_modes","82"
"2020-04-04","Kasa-Vubu","Kintambo","3h","Study_Zone_Resident","Origin_Zone_Worker","ZoneGlobale","All_modes","28"
"2020-04-04","Kasa-Vubu","Kintambo","3h","Origin_Zone_Resident","Destination_Zone_Worker","ZoneGlobale","All_modes","63"
"2020-04-04","Kasa-Vubu","Kintambo","3h","Origin_Zone_Resident","Origin_Zone_Worker","ZoneGlobale","All_modes","144"
"2020-04-04","Kasa-Vubu","Kisenso","1h","Outside_Resident","Outside_Worker","ZoneGlobale","All_modes","34"
"2020-04-04","Kasa-Vubu","Kisenso","1h","Destination_Zone_Resident","Destination_Zone_Worker","ZoneGlobale","All_modes","56"
"2020-04-04","Kasa-Vubu","Kisenso","1h","Study_Zone_Resident","Study_Zone_Worker","ZoneGlobale","All_modes","60"
"2020-04-04","Kasa-Vubu","Kisenso","1h","Origin_Zone_Resident","Origin_Zone_Worker","ZoneGlobale","All_modes","21"
"2020-04-04","Kasa-Vubu","Kisenso","3h","Outside_Resident","Outside_Worker","ZoneGlobale","All_modes","55"
"2020-04-04","Kasa-Vubu","Kisenso","3h","Destination_Zone_Resident","Destination_Zone_Worker","ZoneGlobale","All_modes","68"
"2020-04-04","Kasa-Vubu","Kisenso","3h","Destination_Zone_Resident","Study_Zone_Worker","ZoneGlobale","All_modes","21"
"2020-04-04","Kasa-Vubu","Kisenso","3h","Study_Zone_Resident","Study_Zone_Worker","ZoneGlobale","All_modes","33"
"2020-04-04","Kasa-Vubu","Kisenso","3h","Origin_Zone_Resident","Origin_Zone_Worker","ZoneGlobale","All_modes","28"
"2020-04-04","Kasa-Vubu","Kokolo","1h","Outside_Resident","Outside_Worker","ZoneGlobale","All_modes","554"
"2020-04-04","Kasa-Vubu","Kokolo","1h","Outside_Resident","Destination_Zone_Worker","ZoneGlobale","All_modes","165"
"2020-04-04","Kasa-Vubu","Kokolo","1h","Outside_Resident","Study_Zone_Worker","ZoneGlobale","All_modes","68"
"2020-04-04","Kasa-Vubu","Kokolo","1h","Outside_Resident","Origin_Zone_Worker","ZoneGlobale","All_modes","47"
"2020-04-04","Kasa-Vubu","Kokolo","1h","Destination_Zone_Resident","Outside_Worker","ZoneGlobale","All_modes","87"
"2020-04-04","Kasa-Vubu","Kokolo","1h","Destination_Zone_Resident","Destination_Zone_Worker","ZoneGlobale","All_modes","1688"
"2020-04-04","Kasa-Vubu","Kokolo","1h","Destination_Zone_Resident","Study_Zone_Worker","ZoneGlobale","All_modes","105"
"2020-04-04","Kasa-Vubu","Kokolo","1h","Destination_Zone_Resident","Origin_Zone_Worker","ZoneGlobale","All_modes","159"
"2020-04-04","Kasa-Vubu","Kokolo","1h","Study_Zone_Resident","Outside_Worker","ZoneGlobale","All_modes","69"
"2020-04-04","Kasa-Vubu","Kokolo","1h","Study_Zone_Resident","Destination_Zone_Worker","ZoneGlobale","All_modes","152"
"2020-04-04","Kasa-Vubu","Kokolo","1h","Study_Zone_Resident","Study_Zone_Worker","ZoneGlobale","All_modes","922"
"2020-04-04","Kasa-Vubu","Kokolo","1h","Study_Zone_Resident","Origin_Zone_Worker","ZoneGlobale","All_modes","123"
"2020-04-04","Kasa-Vubu","Kokolo","1h","Origin_Zone_Resident","Destination_Zone_Worker","ZoneGlobale","All_modes","160"
"2020-04-04","Kasa-Vubu","Kokolo","1h","Origin_Zone_Resident","Study_Zone_Worker","ZoneGlobale","All_modes","87"
"2020-04-04","Kasa-Vubu","Kokolo","1h","Origin_Zone_Resident","Origin_Zone_Worker","ZoneGlobale","All_modes","863"
"2020-04-04","Kasa-Vubu","Kokolo","3h","Outside_Resident","Outside_Worker","ZoneGlobale","All_modes","483"
"2020-04-04","Kasa-Vubu","Kokolo","3h","Outside_Resident","Destination_Zone_Worker","ZoneGlobale","All_modes","169"
"2020-04-04","Kasa-Vubu","Kokolo","3h","Outside_Resident","Study_Zone_Worker","ZoneGlobale","All_modes","41"
"2020-04-04","Kasa-Vubu","Kokolo","3h","Outside_Resident","Origin_Zone_Worker","ZoneGlobale","All_modes","110"
"2020-04-04","Kasa-Vubu","Kokolo","3h","Destination_Zone_Resident","Outside_Worker","ZoneGlobale","All_modes","89"
"2020-04-04","Kasa-Vubu","Kokolo","3h","Destination_Zone_Resident","Destination_Zone_Worker","ZoneGlobale","All_modes","1080"
"2020-04-04","Kasa-Vubu","Kokolo","3h","Destination_Zone_Resident","Study_Zone_Worker","ZoneGlobale","All_modes","84"
"2020-04-04","Kasa-Vubu","Kokolo","3h","Destination_Zone_Resident","Origin_Zone_Worker","ZoneGlobale","All_modes","173"
"2020-04-04","Kasa-Vubu","Kokolo","3h","Study_Zone_Resident","Outside_Worker","ZoneGlobale","All_modes","49"
"2020-04-04","Kasa-Vubu","Kokolo","3h","Study_Zone_Resident","Destination_Zone_Worker","ZoneGlobale","All_modes","82"
"2020-04-04","Kasa-Vubu","Kokolo","3h","Study_Zone_Resident","Study_Zone_Worker","ZoneGlobale","All_modes","294"
"2020-04-04","Kasa-Vubu","Kokolo","3h","Study_Zone_Resident","Origin_Zone_Worker","ZoneGlobale","All_modes","89"
"2020-04-04","Kasa-Vubu","Kokolo","3h","Origin_Zone_Resident","Outside_Worker","ZoneGlobale","All_modes","33"
"2020-04-04","Kasa-Vubu","Kokolo","3h","Origin_Zone_Resident","Destination_Zone_Worker","ZoneGlobale","All_modes","121"
"2020-04-04","Kasa-Vubu","Kokolo","3h","Origin_Zone_Resident","Study_Zone_Worker","ZoneGlobale","All_modes","91"
"2020-04-04","Kasa-Vubu","Kokolo","3h","Origin_Zone_Resident","Origin_Zone_Worker","ZoneGlobale","All_modes","690"
"2020-04-04","Kasa-Vubu","Lemba","1h","Outside_Resident","Outside_Worker","ZoneGlobale","All_modes","216"
"2020-04-04","Kasa-Vubu","Lemba","1h","Outside_Resident","Destination_Zone_Worker","ZoneGlobale","All_modes","54"
"2020-04-04","Kasa-Vubu","Lemba","1h","Outside_Resident","Study_Zone_Worker","ZoneGlobale","All_modes","48"
"2020-04-04","Kasa-Vubu","Lemba","1h","Outside_Resident","Origin_Zone_Worker","ZoneGlobale","All_modes","47"
"2020-04-04","Kasa-Vubu","Lemba","1h","Destination_Zone_Resident","Destination_Zone_Worker","ZoneGlobale","All_modes","358"
"2020-04-04","Kasa-Vubu","Lemba","1h","Destination_Zone_Resident","Study_Zone_Worker","ZoneGlobale","All_modes","52"
"2020-04-04","Kasa-Vubu","Lemba","1h","Destination_Zone_Resident","Origin_Zone_Worker","ZoneGlobale","All_modes","84"
"2020-04-04","Kasa-Vubu","Lemba","1h","Study_Zone_Resident","Destination_Zone_Worker","ZoneGlobale","All_modes","41"
"2020-04-04","Kasa-Vubu","Lemba","1h","Study_Zone_Resident","Study_Zone_Worker","ZoneGlobale","All_modes","245"
"2020-04-04","Kasa-Vubu","Lemba","1h","Study_Zone_Resident","Origin_Zone_Worker","ZoneGlobale","All_modes","59"
"2020-04-04","Kasa-Vubu","Lemba","1h","Origin_Zone_Resident","Destination_Zone_Worker","ZoneGlobale","All_modes","22"
"2020-04-04","Kasa-Vubu","Lemba","1h","Origin_Zone_Resident","Origin_Zone_Worker","ZoneGlobale","All_modes","219"
"2020-04-04","Kasa-Vubu","Lemba","3h","Outside_Resident","Outside_Worker","ZoneGlobale","All_modes","166"
"2020-04-04","Kasa-Vubu","Lemba","3h","Outside_Resident","Destination_Zone_Worker","ZoneGlobale","All_modes","69"
"2020-04-04","Kasa-Vubu","Lemba","3h","Outside_Resident","Study_Zone_Worker","ZoneGlobale","All_modes","75"
"2020-04-04","Kasa-Vubu","Lemba","3h","Outside_Resident","Origin_Zone_Worker","ZoneGlobale","All_modes","35"
"2020-04-04","Kasa-Vubu","Lemba","3h","Destination_Zone_Resident","Destination_Zone_Worker","ZoneGlobale","All_modes","264"
"2020-04-04","Kasa-Vubu","Lemba","3h","Destination_Zone_Resident","Study_Zone_Worker","ZoneGlobale","All_modes","42"
"2020-04-04","Kasa-Vubu","Lemba","3h","Destination_Zone_Resident","Origin_Zone_Worker","ZoneGlobale","All_modes","94"
"2020-04-04","Kasa-Vubu","Lemba","3h","Study_Zone_Resident","Outside_Worker","ZoneGlobale","All_modes","27"
"2020-04-04","Kasa-Vubu","Lemba","3h","Study_Zone_Resident","Study_Zone_Worker","ZoneGlobale","All_modes","122"
"2020-04-04","Kasa-Vubu","Lemba","3h","Study_Zone_Resident","Origin_Zone_Worker","ZoneGlobale","All_modes","39"
"2020-04-04","Kasa-Vubu","Lemba","3h","Origin_Zone_Resident","Destination_Zone_Worker","ZoneGlobale","All_modes","64"
"2020-04-04","Kasa-Vubu","Lemba","3h","Origin_Zone_Resident","Study_Zone_Worker","ZoneGlobale","All_modes","27"
"2020-04-04","Kasa-Vubu","Lemba","3h","Origin_Zone_Resident","Origin_Zone_Worker","ZoneGlobale","All_modes","264"
"2020-04-04","Kasa-Vubu","Limete","1h","Outside_Resident","Outside_Worker","ZoneGlobale","All_modes","261"
"2020-04-04","Kasa-Vubu","Limete","1h","Outside_Resident","Destination_Zone_Worker","ZoneGlobale","All_modes","55"
"2020-04-04","Kasa-Vubu","Limete","1h","Outside_Resident","Study_Zone_Worker","ZoneGlobale","All_modes","41"
"2020-04-04","Kasa-Vubu","Limete","1h","Outside_Resident","Origin_Zone_Worker","ZoneGlobale","All_modes","29"
"2020-04-04","Kasa-Vubu","Limete","1h","Destination_Zone_Resident","Outside_Worker","ZoneGlobale","All_modes","28"
"2020-04-04","Kasa-Vubu","Limete","1h","Destination_Zone_Resident","Destination_Zone_Worker","ZoneGlobale","All_modes","561"
"2020-04-04","Kasa-Vubu","Limete","1h","Destination_Zone_Resident","Study_Zone_Worker","ZoneGlobale","All_modes","49"
"2020-04-04","Kasa-Vubu","Limete","1h","Destination_Zone_Resident","Origin_Zone_Worker","ZoneGlobale","All_modes","69"
"2020-04-04","Kasa-Vubu","Limete","1h","Study_Zone_Resident","Outside_Worker","ZoneGlobale","All_modes","21"
"2020-04-04","Kasa-Vubu","Limete","1h","Study_Zone_Resident","Destination_Zone_Worker","ZoneGlobale","All_modes","98"
"2020-04-04","Kasa-Vubu","Limete","1h","Study_Zone_Resident","Study_Zone_Worker","ZoneGlobale","All_modes","572"
"2020-04-04","Kasa-Vubu","Limete","1h","Study_Zone_Resident","Origin_Zone_Worker","ZoneGlobale","All_modes","132"
"2020-04-04","Kasa-Vubu","Limete","1h","Origin_Zone_Resident","Outside_Worker","ZoneGlobale","All_modes","22"
"2020-04-04","Kasa-Vubu","Limete","1h","Origin_Zone_Resident","Destination_Zone_Worker","ZoneGlobale","All_modes","107"
"2020-04-04","Kasa-Vubu","Limete","1h","Origin_Zone_Resident","Origin_Zone_Worker","ZoneGlobale","All_modes","483"
"2020-04-04","Kasa-Vubu","Limete","3h","Outside_Resident","Outside_Worker","ZoneGlobale","All_modes","285"
"2020-04-04","Kasa-Vubu","Limete","3h","Outside_Resident","Study_Zone_Worker","ZoneGlobale","All_modes","33"
"2020-04-04","Kasa-Vubu","Limete","3h","Outside_Resident","Origin_Zone_Worker","ZoneGlobale","All_modes","34"
"2020-04-04","Kasa-Vubu","Limete","3h","Destination_Zone_Resident","Destination_Zone_Worker","ZoneGlobale","All_modes","337"
"2020-04-04","Kasa-Vubu","Limete","3h","Destination_Zone_Resident","Origin_Zone_Worker","ZoneGlobale","All_modes","49"
"2020-04-04","Kasa-Vubu","Limete","3h","Study_Zone_Resident","Outside_Worker","ZoneGlobale","All_modes","49"
"2020-04-04","Kasa-Vubu","Limete","3h","Study_Zone_Resident","Destination_Zone_Worker","ZoneGlobale","All_modes","41"
"2020-04-04","Kasa-Vubu","Limete","3h","Study_Zone_Resident","Study_Zone_Worker","ZoneGlobale","All_modes","240"
"2020-04-04","Kasa-Vubu","Limete","3h","Study_Zone_Resident","Origin_Zone_Worker","ZoneGlobale","All_modes","62"
"2020-04-04","Kasa-Vubu","Limete","3h","Origin_Zone_Resident","Outside_Worker","ZoneGlobale","All_modes","22"
"2020-04-04","Kasa-Vubu","Limete","3h","Origin_Zone_Resident","Destination_Zone_Worker","ZoneGlobale","All_modes","129"
"2020-04-04","Kasa-Vubu","Limete","3h","Origin_Zone_Resident","Study_Zone_Worker","ZoneGlobale","All_modes","21"
"2020-04-04","Kasa-Vubu","Limete","3h","Origin_Zone_Resident","Origin_Zone_Worker","ZoneGlobale","All_modes","591"
"2020-04-04","Kasa-Vubu","Makala","1h","Outside_Resident","Outside_Worker","ZoneGlobale","All_modes","139"
"2020-04-04","Kasa-Vubu","Makala","1h","Outside_Resident","Origin_Zone_Worker","ZoneGlobale","All_modes","28"
"2020-04-04","Kasa-Vubu","Makala","1h","Destination_Zone_Resident","Outside_Worker","ZoneGlobale","All_modes","27"
"2020-04-04","Kasa-Vubu","Makala","1h","Destination_Zone_Resident","Destination_Zone_Worker","ZoneGlobale","All_modes","198"
"2020-04-04","Kasa-Vubu","Makala","1h","Destination_Zone_Resident","Study_Zone_Worker","ZoneGlobale","All_modes","22"
"2020-04-04","Kasa-Vubu","Makala","1h","Destination_Zone_Resident","Origin_Zone_Worker","ZoneGlobale","All_modes","78"
"2020-04-04","Kasa-Vubu","Makala","1h","Study_Zone_Resident","Study_Zone_Worker","ZoneGlobale","All_modes","69"
"2020-04-04","Kasa-Vubu","Makala","1h","Study_Zone_Resident","Origin_Zone_Worker","ZoneGlobale","All_modes","27"
"2020-04-04","Kasa-Vubu","Makala","1h","Origin_Zone_Resident","Origin_Zone_Worker","ZoneGlobale","All_modes","61"
"2020-04-04","Kasa-Vubu","Makala","3h","Outside_Resident","Outside_Worker","ZoneGlobale","All_modes","131"
"2020-04-04","Kasa-Vubu","Makala","3h","Outside_Resident","Study_Zone_Worker","ZoneGlobale","All_modes","27"
"2020-04-04","Kasa-Vubu","Makala","3h","Outside_Resident","Origin_Zone_Worker","ZoneGlobale","All_modes","28"
"2020-04-04","Kasa-Vubu","Makala","3h","Destination_Zone_Resident","Outside_Worker","ZoneGlobale","All_modes","36"
"2020-04-04","Kasa-Vubu","Makala","3h","Destination_Zone_Resident","Destination_Zone_Worker","ZoneGlobale","All_modes","146"
"2020-04-04","Kasa-Vubu","Makala","3h","Destination_Zone_Resident","Origin_Zone_Worker","ZoneGlobale","All_modes","105"
"2020-04-04","Kasa-Vubu","Makala","3h","Origin_Zone_Resident","Origin_Zone_Worker","ZoneGlobale","All_modes","60"
"2020-04-04","Kasa-Vubu","Maluku I","1h","Study_Zone_Resident","Study_Zone_Worker","ZoneGlobale","All_modes","54"
"2020-04-04","Kasa-Vubu","Maluku I","1h","Origin_Zone_Resident","Destination_Zone_Worker","ZoneGlobale","All_modes","22"
"2020-04-04","Kasa-Vubu","Maluku I","1h","Origin_Zone_Resident","Origin_Zone_Worker","ZoneGlobale","All_modes","55"
"2020-04-04","Kasa-Vubu","Maluku I","3h","Outside_Resident","Outside_Worker","ZoneGlobale","All_modes","26"
"2020-04-04","Kasa-Vubu","Maluku I","3h","Outside_Resident","Study_Zone_Worker","ZoneGlobale","All_modes","21"
"2020-04-04","Kasa-Vubu","Maluku I","3h","Study_Zone_Resident","Study_Zone_Worker","ZoneGlobale","All_modes","26"
"2020-04-04","Kasa-Vubu","Maluku I","3h","Origin_Zone_Resident","Origin_Zone_Worker","ZoneGlobale","All_modes","55"
"2020-04-04","Kasa-Vubu","Masa","1h","Study_Zone_Resident","Study_Zone_Worker","ZoneGlobale","All_modes","28"
"2020-04-04","Kasa-Vubu","Masina I","1h","Destination_Zone_Resident","Destination_Zone_Worker","ZoneGlobale","All_modes","32"
"2020-04-04","Kasa-Vubu","Masina I","1h","Origin_Zone_Resident","Origin_Zone_Worker","ZoneGlobale","All_modes","36"
"2020-04-04","Kasa-Vubu","Masina I","3h","Outside_Resident","Outside_Worker","ZoneGlobale","All_modes","29"
"2020-04-04","Kasa-Vubu","Masina I","3h","Destination_Zone_Resident","Destination_Zone_Worker","ZoneGlobale","All_modes","33"
"2020-04-04","Kasa-Vubu","Masina I","3h","Origin_Zone_Resident","Origin_Zone_Worker","ZoneGlobale","All_modes","57"
"2020-04-04","Kasa-Vubu","Masina II","1h","Outside_Resident","Outside_Worker","ZoneGlobale","All_modes","48"
"2020-04-04","Kasa-Vubu","Masina II","1h","Outside_Resident","Destination_Zone_Worker","ZoneGlobale","All_modes","28"
"2020-04-04","Kasa-Vubu","Masina II","1h","Destination_Zone_Resident","Destination_Zone_Worker","ZoneGlobale","All_modes","157"
"2020-04-04","Kasa-Vubu","Masina II","1h","Destination_Zone_Resident","Origin_Zone_Worker","ZoneGlobale","All_modes","28"
"2020-04-04","Kasa-Vubu","Masina II","1h","Study_Zone_Resident","Destination_Zone_Worker","ZoneGlobale","All_modes","33"
"2020-04-04","Kasa-Vubu","Masina II","1h","Study_Zone_Resident","Study_Zone_Worker","ZoneGlobale","All_modes","121"
"2020-04-04","Kasa-Vubu","Masina II","1h","Origin_Zone_Resident","Origin_Zone_Worker","ZoneGlobale","All_modes","55"
"2020-04-04","Kasa-Vubu","Masina II","3h","Outside_Resident","Outside_Worker","ZoneGlobale","All_modes","76"
"2020-04-04","Kasa-Vubu","Masina II","3h","Outside_Resident","Study_Zone_Worker","ZoneGlobale","All_modes","32"
"2020-04-04","Kasa-Vubu","Masina II","3h","Destination_Zone_Resident","Destination_Zone_Worker","ZoneGlobale","All_modes","177"
"2020-04-04","Kasa-Vubu","Masina II","3h","Destination_Zone_Resident","Origin_Zone_Worker","ZoneGlobale","All_modes","29"
"2020-04-04","Kasa-Vubu","Masina II","3h","Study_Zone_Resident","Destination_Zone_Worker","ZoneGlobale","All_modes","60"
"2020-04-04","Kasa-Vubu","Masina II","3h","Study_Zone_Resident","Study_Zone_Worker","ZoneGlobale","All_modes","108"
"2020-04-04","Kasa-Vubu","Masina II","3h","Origin_Zone_Resident","Origin_Zone_Worker","ZoneGlobale","All_modes","122"
"2020-04-04","Kasa-Vubu","Matete","1h","Outside_Resident","Outside_Worker","ZoneGlobale","All_modes","49"
"2020-04-04","Kasa-Vubu","Matete","1h","Destination_Zone_Resident","Destination_Zone_Worker","ZoneGlobale","All_modes","89"
"2020-04-04","Kasa-Vubu","Matete","1h","Destination_Zone_Resident","Study_Zone_Worker","ZoneGlobale","All_modes","41"
"2020-04-04","Kasa-Vubu","Matete","1h","Study_Zone_Resident","Study_Zone_Worker","ZoneGlobale","All_modes","126"
"2020-04-04","Kasa-Vubu","Matete","1h","Origin_Zone_Resident","Study_Zone_Worker","ZoneGlobale","All_modes","21"
"2020-04-04","Kasa-Vubu","Matete","1h","Origin_Zone_Resident","Origin_Zone_Worker","ZoneGlobale","All_modes","67"
"2020-04-04","Kasa-Vubu","Matete","3h","Outside_Resident","Outside_Worker","ZoneGlobale","All_modes","71"
"2020-04-04","Kasa-Vubu","Matete","3h","Destination_Zone_Resident","Destination_Zone_Worker","ZoneGlobale","All_modes","28"
"2020-04-04","Kasa-Vubu","Matete","3h","Destination_Zone_Resident","Study_Zone_Worker","ZoneGlobale","All_modes","32"
"2020-04-04","Kasa-Vubu","Matete","3h","Destination_Zone_Resident","Origin_Zone_Worker","ZoneGlobale","All_modes","34"
"2020-04-04","Kasa-Vubu","Matete","3h","Study_Zone_Resident","Study_Zone_Worker","ZoneGlobale","All_modes","34"
"2020-04-04","Kasa-Vubu","Matete","3h","Origin_Zone_Resident","Destination_Zone_Worker","ZoneGlobale","All_modes","21"
"2020-04-04","Kasa-Vubu","Matete","3h","Origin_Zone_Resident","Origin_Zone_Worker","ZoneGlobale","All_modes","80"
"2020-04-04","Kasa-Vubu","Mont Ngafula I","1h","Outside_Resident","Outside_Worker","ZoneGlobale","All_modes","227"
"2020-04-04","Kasa-Vubu","Mont Ngafula I","1h","Outside_Resident","Destination_Zone_Worker","ZoneGlobale","All_modes","21"
"2020-04-04","Kasa-Vubu","Mont Ngafula I","1h","Outside_Resident","Study_Zone_Worker","ZoneGlobale","All_modes","35"
"2020-04-04","Kasa-Vubu","Mont Ngafula I","1h","Destination_Zone_Resident","Destination_Zone_Worker","ZoneGlobale","All_modes","92"
"2020-04-04","Kasa-Vubu","Mont Ngafula I","1h","Destination_Zone_Resident","Study_Zone_Worker","ZoneGlobale","All_modes","30"
"2020-04-04","Kasa-Vubu","Mont Ngafula I","1h","Study_Zone_Resident","Study_Zone_Worker","ZoneGlobale","All_modes","103"
"2020-04-04","Kasa-Vubu","Mont Ngafula I","1h","Origin_Zone_Resident","Origin_Zone_Worker","ZoneGlobale","All_modes","50"
"2020-04-04","Kasa-Vubu","Mont Ngafula I","3h","Outside_Resident","Outside_Worker","ZoneGlobale","All_modes","67"
"2020-04-04","Kasa-Vubu","Mont Ngafula I","3h","Outside_Resident","Study_Zone_Worker","ZoneGlobale","All_modes","21"
"2020-04-04","Kasa-Vubu","Mont Ngafula I","3h","Destination_Zone_Resident","Destination_Zone_Worker","ZoneGlobale","All_modes","76"
"2020-04-04","Kasa-Vubu","Mont Ngafula I","3h","Destination_Zone_Resident","Origin_Zone_Worker","ZoneGlobale","All_modes","24"
"2020-04-04","Kasa-Vubu","Mont Ngafula I","3h","Study_Zone_Resident","Study_Zone_Worker","ZoneGlobale","All_modes","55"
"2020-04-04","Kasa-Vubu","Mont Ngafula I","3h","Origin_Zone_Resident","Origin_Zone_Worker","ZoneGlobale","All_modes","61"
"2020-04-04","Kasa-Vubu","Mont Ngafula II","1h","Outside_Resident","Outside_Worker","ZoneGlobale","All_modes","54"
"2020-04-04","Kasa-Vubu","Mont Ngafula II","1h","Destination_Zone_Resident","Destination_Zone_Worker","ZoneGlobale","All_modes","124"
"2020-04-04","Kasa-Vubu","Mont Ngafula II","1h","Destination_Zone_Resident","Study_Zone_Worker","ZoneGlobale","All_modes","21"
"2020-04-04","Kasa-Vubu","Mont Ngafula II","1h","Study_Zone_Resident","Study_Zone_Worker","ZoneGlobale","All_modes","126"
"2020-04-04","Kasa-Vubu","Mont Ngafula II","1h","Origin_Zone_Resident","Study_Zone_Worker","ZoneGlobale","All_modes","21"
"2020-04-04","Kasa-Vubu","Mont Ngafula II","1h","Origin_Zone_Resident","Origin_Zone_Worker","ZoneGlobale","All_modes","48"
"2020-04-04","Kasa-Vubu","Mont Ngafula II","3h","Outside_Resident","Outside_Worker","ZoneGlobale","All_modes","55"
"2020-04-04","Kasa-Vubu","Mont Ngafula II","3h","Destination_Zone_Resident","Destination_Zone_Worker","ZoneGlobale","All_modes","92"
"2020-04-04","Kasa-Vubu","Mont Ngafula II","3h","Destination_Zone_Resident","Origin_Zone_Worker","ZoneGlobale","All_modes","26"
"2020-04-04","Kasa-Vubu","Mont Ngafula II","3h","Study_Zone_Resident","Study_Zone_Worker","ZoneGlobale","All_modes","71"
"2020-04-04","Kasa-Vubu","Mont Ngafula II","3h","Origin_Zone_Resident","Origin_Zone_Worker","ZoneGlobale","All_modes","68"
"2020-04-04","Kasa-Vubu","Ndjili","1h","Outside_Resident","Outside_Worker","ZoneGlobale","All_modes","60"
"2020-04-04","Kasa-Vubu","Ndjili","1h","Outside_Resident","Destination_Zone_Worker","ZoneGlobale","All_modes","26"
"2020-04-04","Kasa-Vubu","Ndjili","1h","Outside_Resident","Study_Zone_Worker","ZoneGlobale","All_modes","27"
"2020-04-04","Kasa-Vubu","Ndjili","1h","Destination_Zone_Resident","Destination_Zone_Worker","ZoneGlobale","All_modes","137"
"2020-04-04","Kasa-Vubu","Ndjili","1h","Destination_Zone_Resident","Study_Zone_Worker","ZoneGlobale","All_modes","28"
"2020-04-04","Kasa-Vubu","Ndjili","1h","Destination_Zone_Resident","Origin_Zone_Worker","ZoneGlobale","All_modes","35"
"2020-04-04","Kasa-Vubu","Ndjili","1h","Study_Zone_Resident","Study_Zone_Worker","ZoneGlobale","All_modes","134"
"2020-04-04","Kasa-Vubu","Ndjili","1h","Study_Zone_Resident","Origin_Zone_Worker","ZoneGlobale","All_modes","82"
"2020-04-04","Kasa-Vubu","Ndjili","1h","Origin_Zone_Resident","Study_Zone_Worker","ZoneGlobale","All_modes","21"
"2020-04-04","Kasa-Vubu","Ndjili","1h","Origin_Zone_Resident","Origin_Zone_Worker","ZoneGlobale","All_modes","157"
"2020-04-04","Kasa-Vubu","Ndjili","3h","Outside_Resident","Outside_Worker","ZoneGlobale","All_modes","62"
"2020-04-04","Kasa-Vubu","Ndjili","3h","Outside_Resident","Origin_Zone_Worker","ZoneGlobale","All_modes","33"
"2020-04-04","Kasa-Vubu","Ndjili","3h","Destination_Zone_Resident","Destination_Zone_Worker","ZoneGlobale","All_modes","158"
"2020-04-04","Kasa-Vubu","Ndjili","3h","Destination_Zone_Resident","Study_Zone_Worker","ZoneGlobale","All_modes","23"
"2020-04-04","Kasa-Vubu","Ndjili","3h","Destination_Zone_Resident","Origin_Zone_Worker","ZoneGlobale","All_modes","35"
"2020-04-04","Kasa-Vubu","Ndjili","3h","Study_Zone_Resident","Study_Zone_Worker","ZoneGlobale","All_modes","61"
"2020-04-04","Kasa-Vubu","Ndjili","3h","Origin_Zone_Resident","Origin_Zone_Worker","ZoneGlobale","All_modes","163"
"2020-04-04","Kasa-Vubu","Ngiri-Ngiri","1h","Outside_Resident","Outside_Worker","ZoneGlobale","All_modes","862"
"2020-04-04","Kasa-Vubu","Ngiri-Ngiri","1h","Outside_Resident","Destination_Zone_Worker","ZoneGlobale","All_modes","260"
"2020-04-04","Kasa-Vubu","Ngiri-Ngiri","1h","Outside_Resident","Study_Zone_Worker","ZoneGlobale","All_modes","148"
"2020-04-04","Kasa-Vubu","Ngiri-Ngiri","1h","Outside_Resident","Origin_Zone_Worker","ZoneGlobale","All_modes","318"
"2020-04-04","Kasa-Vubu","Ngiri-Ngiri","1h","Destination_Zone_Resident","Outside_Worker","ZoneGlobale","All_modes","95"
"2020-04-04","Kasa-Vubu","Ngiri-Ngiri","1h","Destination_Zone_Resident","Destination_Zone_Worker","ZoneGlobale","All_modes","2894"
"2020-04-04","Kasa-Vubu","Ngiri-Ngiri","1h","Destination_Zone_Resident","Study_Zone_Worker","ZoneGlobale","All_modes","164"
"2020-04-04","Kasa-Vubu","Ngiri-Ngiri","1h","Destination_Zone_Resident","Origin_Zone_Worker","ZoneGlobale","All_modes","472"
"2020-04-04","Kasa-Vubu","Ngiri-Ngiri","1h","Study_Zone_Resident","Outside_Worker","ZoneGlobale","All_modes","101"
"2020-04-04","Kasa-Vubu","Ngiri-Ngiri","1h","Study_Zone_Resident","Destination_Zone_Worker","ZoneGlobale","All_modes","335"
"2020-04-04","Kasa-Vubu","Ngiri-Ngiri","1h","Study_Zone_Resident","Study_Zone_Worker","ZoneGlobale","All_modes","1021"
"2020-04-04","Kasa-Vubu","Ngiri-Ngiri","1h","Study_Zone_Resident","Origin_Zone_Worker","ZoneGlobale","All_modes","350"
"2020-04-04","Kasa-Vubu","Ngiri-Ngiri","1h","Origin_Zone_Resident","Outside_Worker","ZoneGlobale","All_modes","84"
"2020-04-04","Kasa-Vubu","Ngiri-Ngiri","1h","Origin_Zone_Resident","Destination_Zone_Worker","ZoneGlobale","All_modes","410"
"2020-04-04","Kasa-Vubu","Ngiri-Ngiri","1h","Origin_Zone_Resident","Study_Zone_Worker","ZoneGlobale","All_modes","122"
"2020-04-04","Kasa-Vubu","Ngiri-Ngiri","1h","Origin_Zone_Resident","Origin_Zone_Worker","ZoneGlobale","All_modes","2298"
"2020-04-04","Kasa-Vubu","Ngiri-Ngiri","3h","Outside_Resident","Outside_Worker","ZoneGlobale","All_modes","1091"
"2020-04-04","Kasa-Vubu","Ngiri-Ngiri","3h","Outside_Resident","Destination_Zone_Worker","ZoneGlobale","All_modes","162"
"2020-04-04","Kasa-Vubu","Ngiri-Ngiri","3h","Outside_Resident","Study_Zone_Worker","ZoneGlobale","All_modes","102"
"2020-04-04","Kasa-Vubu","Ngiri-Ngiri","3h","Outside_Resident","Origin_Zone_Worker","ZoneGlobale","All_modes","162"
"2020-04-04","Kasa-Vubu","Ngiri-Ngiri","3h","Destination_Zone_Resident","Outside_Worker","ZoneGlobale","All_modes","75"
"2020-04-04","Kasa-Vubu","Ngiri-Ngiri","3h","Destination_Zone_Resident","Destination_Zone_Worker","ZoneGlobale","All_modes","1754"
"2020-04-04","Kasa-Vubu","Ngiri-Ngiri","3h","Destination_Zone_Resident","Study_Zone_Worker","ZoneGlobale","All_modes","62"
"2020-04-04","Kasa-Vubu","Ngiri-Ngiri","3h","Destination_Zone_Resident","Origin_Zone_Worker","ZoneGlobale","All_modes","459"
"2020-04-04","Kasa-Vubu","Ngiri-Ngiri","3h","Study_Zone_Resident","Outside_Worker","ZoneGlobale","All_modes","32"
"2020-04-04","Kasa-Vubu","Ngiri-Ngiri","3h","Study_Zone_Resident","Destination_Zone_Worker","ZoneGlobale","All_modes","101"
"2020-04-04","Kasa-Vubu","Ngiri-Ngiri","3h","Study_Zone_Resident","Study_Zone_Worker","ZoneGlobale","All_modes","459"
"2020-04-04","Kasa-Vubu","Ngiri-Ngiri","3h","Study_Zone_Resident","Origin_Zone_Worker","ZoneGlobale","All_modes","214"
"2020-04-04","Kasa-Vubu","Ngiri-Ngiri","3h","Origin_Zone_Resident","Outside_Worker","ZoneGlobale","All_modes","101"
"2020-04-04","Kasa-Vubu","Ngiri-Ngiri","3h","Origin_Zone_Resident","Destination_Zone_Worker","ZoneGlobale","All_modes","378"
"2020-04-04","Kasa-Vubu","Ngiri-Ngiri","3h","Origin_Zone_Resident","Study_Zone_Worker","ZoneGlobale","All_modes","87"
"2020-04-04","Kasa-Vubu","Ngiri-Ngiri","3h","Origin_Zone_Resident","Origin_Zone_Worker","ZoneGlobale","All_modes","1932"
"2020-04-04","Kasa-Vubu","Nsele","1h","Outside_Resident","Outside_Worker","ZoneGlobale","All_modes","245"
"2020-04-04","Kasa-Vubu","Nsele","1h","Outside_Resident","Destination_Zone_Worker","ZoneGlobale","All_modes","55"
"2020-04-04","Kasa-Vubu","Nsele","1h","Outside_Resident","Study_Zone_Worker","ZoneGlobale","All_modes","57"
"2020-04-04","Kasa-Vubu","Nsele","1h","Outside_Resident","Origin_Zone_Worker","ZoneGlobale","All_modes","50"
"2020-04-04","Kasa-Vubu","Nsele","1h","Destination_Zone_Resident","Destination_Zone_Worker","ZoneGlobale","All_modes","190"
"2020-04-04","Kasa-Vubu","Nsele","1h","Destination_Zone_Resident","Origin_Zone_Worker","ZoneGlobale","All_modes","70"
"2020-04-04","Kasa-Vubu","Nsele","1h","Study_Zone_Resident","Outside_Worker","ZoneGlobale","All_modes","26"
"2020-04-04","Kasa-Vubu","Nsele","1h","Study_Zone_Resident","Destination_Zone_Worker","ZoneGlobale","All_modes","55"
"2020-04-04","Kasa-Vubu","Nsele","1h","Study_Zone_Resident","Study_Zone_Worker","ZoneGlobale","All_modes","447"
"2020-04-04","Kasa-Vubu","Nsele","1h","Study_Zone_Resident","Origin_Zone_Worker","ZoneGlobale","All_modes","154"
"2020-04-04","Kasa-Vubu","Nsele","1h","Origin_Zone_Resident","Destination_Zone_Worker","ZoneGlobale","All_modes","72"
"2020-04-04","Kasa-Vubu","Nsele","1h","Origin_Zone_Resident","Study_Zone_Worker","ZoneGlobale","All_modes","120"
"2020-04-04","Kasa-Vubu","Nsele","1h","Origin_Zone_Resident","Origin_Zone_Worker","ZoneGlobale","All_modes","1269"
"2020-04-04","Kasa-Vubu","Nsele","3h","Outside_Resident","Outside_Worker","ZoneGlobale","All_modes","130"
"2020-04-04","Kasa-Vubu","Nsele","3h","Outside_Resident","Study_Zone_Worker","ZoneGlobale","All_modes","62"
"2020-04-04","Kasa-Vubu","Nsele","3h","Outside_Resident","Origin_Zone_Worker","ZoneGlobale","All_modes","68"
"2020-04-04","Kasa-Vubu","Nsele","3h","Destination_Zone_Resident","Destination_Zone_Worker","ZoneGlobale","All_modes","91"
"2020-04-04","Kasa-Vubu","Nsele","3h","Destination_Zone_Resident","Study_Zone_Worker","ZoneGlobale","All_modes","35"
"2020-04-04","Kasa-Vubu","Nsele","3h","Destination_Zone_Resident","Origin_Zone_Worker","ZoneGlobale","All_modes","69"
"2020-04-04","Kasa-Vubu","Nsele","3h","Study_Zone_Resident","Outside_Worker","ZoneGlobale","All_modes","39"
"2020-04-04","Kasa-Vubu","Nsele","3h","Study_Zone_Resident","Study_Zone_Worker","ZoneGlobale","All_modes","265"
"2020-04-04","Kasa-Vubu","Nsele","3h","Study_Zone_Resident","Origin_Zone_Worker","ZoneGlobale","All_modes","120"
"2020-04-04","Kasa-Vubu","Nsele","3h","Origin_Zone_Resident","Outside_Worker","ZoneGlobale","All_modes","40"
"2020-04-04","Kasa-Vubu","Nsele","3h","Origin_Zone_Resident","Destination_Zone_Worker","ZoneGlobale","All_modes","116"
"2020-04-04","Kasa-Vubu","Nsele","3h","Origin_Zone_Resident","Study_Zone_Worker","ZoneGlobale","All_modes","103"
"2020-04-04","Kasa-Vubu","Nsele","3h","Origin_Zone_Resident","Origin_Zone_Worker","ZoneGlobale","All_modes","1427"
"2020-04-04","Kasa-Vubu","Police","1h","Outside_Resident","Outside_Worker","ZoneGlobale","All_modes","254"
"2020-04-04","Kasa-Vubu","Police","1h","Outside_Resident","Destination_Zone_Worker","ZoneGlobale","All_modes","49"
"2020-04-04","Kasa-Vubu","Police","1h","Outside_Resident","Study_Zone_Worker","ZoneGlobale","All_modes","28"
"2020-04-04","Kasa-Vubu","Police","1h","Destination_Zone_Resident","Destination_Zone_Worker","ZoneGlobale","All_modes","417"
"2020-04-04","Kasa-Vubu","Police","1h","Destination_Zone_Resident","Study_Zone_Worker","ZoneGlobale","All_modes","43"
"2020-04-04","Kasa-Vubu","Police","1h","Destination_Zone_Resident","Origin_Zone_Worker","ZoneGlobale","All_modes","49"
"2020-04-04","Kasa-Vubu","Police","1h","Study_Zone_Resident","Outside_Worker","ZoneGlobale","All_modes","41"
"2020-04-04","Kasa-Vubu","Police","1h","Study_Zone_Resident","Destination_Zone_Worker","ZoneGlobale","All_modes","55"
"2020-04-04","Kasa-Vubu","Police","1h","Study_Zone_Resident","Study_Zone_Worker","ZoneGlobale","All_modes","436"
"2020-04-04","Kasa-Vubu","Police","1h","Study_Zone_Resident","Origin_Zone_Worker","ZoneGlobale","All_modes","149"
"2020-04-04","Kasa-Vubu","Police","1h","Origin_Zone_Resident","Outside_Worker","ZoneGlobale","All_modes","27"
"2020-04-04","Kasa-Vubu","Police","1h","Origin_Zone_Resident","Destination_Zone_Worker","ZoneGlobale","All_modes","106"
"2020-04-04","Kasa-Vubu","Police","1h","Origin_Zone_Resident","Study_Zone_Worker","ZoneGlobale","All_modes","78"
"2020-04-04","Kasa-Vubu","Police","1h","Origin_Zone_Resident","Origin_Zone_Worker","ZoneGlobale","All_modes","650"
"2020-04-04","Kasa-Vubu","Police","3h","Outside_Resident","Outside_Worker","ZoneGlobale","All_modes","201"
"2020-04-04","Kasa-Vubu","Police","3h","Outside_Resident","Study_Zone_Worker","ZoneGlobale","All_modes","41"
"2020-04-04","Kasa-Vubu","Police","3h","Outside_Resident","Origin_Zone_Worker","ZoneGlobale","All_modes","66"
"2020-04-04","Kasa-Vubu","Police","3h","Destination_Zone_Resident","Destination_Zone_Worker","ZoneGlobale","All_modes","295"
"2020-04-04","Kasa-Vubu","Police","3h","Destination_Zone_Resident","Origin_Zone_Worker","ZoneGlobale","All_modes","28"
"2020-04-04","Kasa-Vubu","Police","3h","Study_Zone_Resident","Destination_Zone_Worker","ZoneGlobale","All_modes","47"
"2020-04-04","Kasa-Vubu","Police","3h","Study_Zone_Resident","Study_Zone_Worker","ZoneGlobale","All_modes","223"
"2020-04-04","Kasa-Vubu","Police","3h","Study_Zone_Resident","Origin_Zone_Worker","ZoneGlobale","All_modes","47"
"2020-04-04","Kasa-Vubu","Police","3h","Origin_Zone_Resident","Outside_Worker","ZoneGlobale","All_modes","29"
"2020-04-04","Kasa-Vubu","Police","3h","Origin_Zone_Resident","Destination_Zone_Worker","ZoneGlobale","All_modes","78"
"2020-04-04","Kasa-Vubu","Police","3h","Origin_Zone_Resident","Study_Zone_Worker","ZoneGlobale","All_modes","54"
"2020-04-04","Kasa-Vubu","Police","3h","Origin_Zone_Resident","Origin_Zone_Worker","ZoneGlobale","All_modes","763"
"2020-04-04","Kasa-Vubu","Selembao","1h","Outside_Resident","Outside_Worker","ZoneGlobale","All_modes","142"
"2020-04-04","Kasa-Vubu","Selembao","1h","Outside_Resident","Destination_Zone_Worker","ZoneGlobale","All_modes","57"
"2020-04-04","Kasa-Vubu","Selembao","1h","Outside_Resident","Study_Zone_Worker","ZoneGlobale","All_modes","34"
"2020-04-04","Kasa-Vubu","Selembao","1h","Destination_Zone_Resident","Outside_Worker","ZoneGlobale","All_modes","57"
"2020-04-04","Kasa-Vubu","Selembao","1h","Destination_Zone_Resident","Destination_Zone_Worker","ZoneGlobale","All_modes","214"
"2020-04-04","Kasa-Vubu","Selembao","1h","Destination_Zone_Resident","Study_Zone_Worker","ZoneGlobale","All_modes","38"
"2020-04-04","Kasa-Vubu","Selembao","1h","Destination_Zone_Resident","Origin_Zone_Worker","ZoneGlobale","All_modes","73"
"2020-04-04","Kasa-Vubu","Selembao","1h","Study_Zone_Resident","Outside_Worker","ZoneGlobale","All_modes","26"
"2020-04-04","Kasa-Vubu","Selembao","1h","Study_Zone_Resident","Study_Zone_Worker","ZoneGlobale","All_modes","151"
"2020-04-04","Kasa-Vubu","Selembao","1h","Study_Zone_Resident","Origin_Zone_Worker","ZoneGlobale","All_modes","22"
"2020-04-04","Kasa-Vubu","Selembao","1h","Origin_Zone_Resident","Origin_Zone_Worker","ZoneGlobale","All_modes","99"
"2020-04-04","Kasa-Vubu","Selembao","3h","Outside_Resident","Outside_Worker","ZoneGlobale","All_modes","249"
"2020-04-04","Kasa-Vubu","Selembao","3h","Outside_Resident","Destination_Zone_Worker","ZoneGlobale","All_modes","46"
"2020-04-04","Kasa-Vubu","Selembao","3h","Outside_Resident","Study_Zone_Worker","ZoneGlobale","All_modes","34"
"2020-04-04","Kasa-Vubu","Selembao","3h","Destination_Zone_Resident","Outside_Worker","ZoneGlobale","All_modes","69"
"2020-04-04","Kasa-Vubu","Selembao","3h","Destination_Zone_Resident","Destination_Zone_Worker","ZoneGlobale","All_modes","217"
"2020-04-04","Kasa-Vubu","Selembao","3h","Destination_Zone_Resident","Origin_Zone_Worker","ZoneGlobale","All_modes","80"
"2020-04-04","Kasa-Vubu","Selembao","3h","Study_Zone_Resident","Outside_Worker","ZoneGlobale","All_modes","27"
"2020-04-04","Kasa-Vubu","Selembao","3h","Study_Zone_Resident","Study_Zone_Worker","ZoneGlobale","All_modes","68"
"2020-04-04","Kasa-Vubu","Selembao","3h","Study_Zone_Resident","Origin_Zone_Worker","ZoneGlobale","All_modes","34"
"2020-04-04","Kasa-Vubu","Selembao","3h","Origin_Zone_Resident","Study_Zone_Worker","ZoneGlobale","All_modes","21"
"2020-04-04","Kasa-Vubu","Selembao","3h","Origin_Zone_Resident","Origin_Zone_Worker","ZoneGlobale","All_modes","144"
"2020-04-04","Kasaji","Luputa","1h","Origin_Zone_Resident","Origin_Zone_Worker","ZoneGlobale","All_modes","22"
"2020-04-04","Kasaji","Mutshatsha","1h","Study_Zone_Resident","Study_Zone_Worker","ZoneGlobale","All_modes","36"
"2020-04-04","Kasaji","Sandoa","3h","Outside_Resident","Outside_Worker","ZoneGlobale","All_modes","21"
"2020-04-04","Kasaji","Sandoa","3h","Study_Zone_Resident","Study_Zone_Worker","ZoneGlobale","All_modes","25"
"2020-04-04","Kasansa","Bibanga","1h","Outside_Resident","Outside_Worker","ZoneGlobale","All_modes","25"
"2020-04-04","Kasansa","Bibanga","1h","Outside_Resident","Study_Zone_Worker","ZoneGlobale","All_modes","25"
"2020-04-04","Kasansa","Bibanga","1h","Destination_Zone_Resident","Destination_Zone_Worker","ZoneGlobale","All_modes","77"
"2020-04-04","Kasansa","Bibanga","1h","Study_Zone_Resident","Outside_Worker","ZoneGlobale","All_modes","21"
"2020-04-04","Kasansa","Bibanga","1h","Study_Zone_Resident","Destination_Zone_Worker","ZoneGlobale","All_modes","21"
"2020-04-04","Kasansa","Bibanga","1h","Study_Zone_Resident","Study_Zone_Worker","ZoneGlobale","All_modes","78"
"2020-04-04","Kasansa","Bibanga","1h","Origin_Zone_Resident","Origin_Zone_Worker","ZoneGlobale","All_modes","68"
"2020-04-04","Kasansa","Bibanga","3h","Outside_Resident","Outside_Worker","ZoneGlobale","All_modes","23"
"2020-04-04","Kasansa","Bibanga","3h","Destination_Zone_Resident","Destination_Zone_Worker","ZoneGlobale","All_modes","21"
"2020-04-04","Kasansa","Bibanga","3h","Study_Zone_Resident","Destination_Zone_Worker","ZoneGlobale","All_modes","45"
"2020-04-04","Kasansa","Bibanga","3h","Study_Zone_Resident","Study_Zone_Worker","ZoneGlobale","All_modes","97"
"2020-04-04","Kasansa","Bibanga","3h","Origin_Zone_Resident","Origin_Zone_Worker","ZoneGlobale","All_modes","77"
"2020-04-04","Kasansa","Cilundu","1h","Outside_Resident","Outside_Worker","ZoneGlobale","All_modes","732"
"2020-04-04","Kasansa","Cilundu","1h","Outside_Resident","Destination_Zone_Worker","ZoneGlobale","All_modes","224"
"2020-04-04","Kasansa","Cilundu","1h","Outside_Resident","Study_Zone_Worker","ZoneGlobale","All_modes","46"
"2020-04-04","Kasansa","Cilundu","1h","Outside_Resident","Origin_Zone_Worker","ZoneGlobale","All_modes","363"
"2020-04-04","Kasansa","Cilundu","1h","Destination_Zone_Resident","Outside_Worker","ZoneGlobale","All_modes","150"
"2020-04-04","Kasansa","Cilundu","1h","Destination_Zone_Resident","Destination_Zone_Worker","ZoneGlobale","All_modes","1569"
"2020-04-04","Kasansa","Cilundu","1h","Destination_Zone_Resident","Study_Zone_Worker","ZoneGlobale","All_modes","89"
"2020-04-04","Kasansa","Cilundu","1h","Destination_Zone_Resident","Origin_Zone_Worker","ZoneGlobale","All_modes","674"
"2020-04-04","Kasansa","Cilundu","1h","Study_Zone_Resident","Outside_Worker","ZoneGlobale","All_modes","95"
"2020-04-04","Kasansa","Cilundu","1h","Study_Zone_Resident","Destination_Zone_Worker","ZoneGlobale","All_modes","27"
"2020-04-04","Kasansa","Cilundu","1h","Study_Zone_Resident","Study_Zone_Worker","ZoneGlobale","All_modes","437"
"2020-04-04","Kasansa","Cilundu","1h","Study_Zone_Resident","Origin_Zone_Worker","ZoneGlobale","All_modes","154"
"2020-04-04","Kasansa","Cilundu","1h","Origin_Zone_Resident","Outside_Worker","ZoneGlobale","All_modes","101"
"2020-04-04","Kasansa","Cilundu","1h","Origin_Zone_Resident","Destination_Zone_Worker","ZoneGlobale","All_modes","283"
"2020-04-04","Kasansa","Cilundu","1h","Origin_Zone_Resident","Study_Zone_Worker","ZoneGlobale","All_modes","135"
"2020-04-04","Kasansa","Cilundu","1h","Origin_Zone_Resident","Origin_Zone_Worker","ZoneGlobale","All_modes","2856"
"2020-04-04","Kasansa","Cilundu","3h","Outside_Resident","Outside_Worker","ZoneGlobale","All_modes","1471"
"2020-04-04","Kasansa","Cilundu","3h","Outside_Resident","Destination_Zone_Worker","ZoneGlobale","All_modes","339"
"2020-04-04","Kasansa","Cilundu","3h","Outside_Resident","Study_Zone_Worker","ZoneGlobale","All_modes","160"
"2020-04-04","Kasansa","Cilundu","3h","Outside_Resident","Origin_Zone_Worker","ZoneGlobale","All_modes","537"
"2020-04-04","Kasansa","Cilundu","3h","Destination_Zone_Resident","Outside_Worker","ZoneGlobale","All_modes","266"
"2020-04-04","Kasansa","Cilundu","3h","Destination_Zone_Resident","Destination_Zone_Worker","ZoneGlobale","All_modes","1653"
"2020-04-04","Kasansa","Cilundu","3h","Destination_Zone_Resident","Study_Zone_Worker","ZoneGlobale","All_modes","22"
"2020-04-04","Kasansa","Cilundu","3h","Destination_Zone_Resident","Origin_Zone_Worker","ZoneGlobale","All_modes","849"
"2020-04-04","Kasansa","Cilundu","3h","Study_Zone_Resident","Outside_Worker","ZoneGlobale","All_modes","79"
"2020-04-04","Kasansa","Cilundu","3h","Study_Zone_Resident","Destination_Zone_Worker","ZoneGlobale","All_modes","136"
"2020-04-04","Kasansa","Cilundu","3h","Study_Zone_Resident","Study_Zone_Worker","ZoneGlobale","All_modes","478"
"2020-04-04","Kasansa","Cilundu","3h","Study_Zone_Resident","Origin_Zone_Worker","ZoneGlobale","All_modes","208"
"2020-04-04","Kasansa","Cilundu","3h","Origin_Zone_Resident","Outside_Worker","ZoneGlobale","All_modes","483"
"2020-04-04","Kasansa","Cilundu","3h","Origin_Zone_Resident","Destination_Zone_Worker","ZoneGlobale","All_modes","460"
"2020-04-04","Kasansa","Cilundu","3h","Origin_Zone_Resident","Study_Zone_Worker","ZoneGlobale","All_modes","137"
"2020-04-04","Kasansa","Cilundu","3h","Origin_Zone_Resident","Origin_Zone_Worker","ZoneGlobale","All_modes","4579"
"2020-04-04","Kasansa","Diulu","1h","Outside_Resident","Outside_Worker","ZoneGlobale","All_modes","386"
"2020-04-04","Kasansa","Diulu","1h","Outside_Resident","Destination_Zone_Worker","ZoneGlobale","All_modes","75"
"2020-04-04","Kasansa","Diulu","1h","Outside_Resident","Study_Zone_Worker","ZoneGlobale","All_modes","93"
"2020-04-04","Kasansa","Diulu","1h","Outside_Resident","Origin_Zone_Worker","ZoneGlobale","All_modes","191"
"2020-04-04","Kasansa","Diulu","1h","Destination_Zone_Resident","Outside_Worker","ZoneGlobale","All_modes","21"
"2020-04-04","Kasansa","Diulu","1h","Destination_Zone_Resident","Destination_Zone_Worker","ZoneGlobale","All_modes","858"
"2020-04-04","Kasansa","Diulu","1h","Destination_Zone_Resident","Study_Zone_Worker","ZoneGlobale","All_modes","132"
"2020-04-04","Kasansa","Diulu","1h","Destination_Zone_Resident","Origin_Zone_Worker","ZoneGlobale","All_modes","21"
"2020-04-04","Kasansa","Diulu","1h","Study_Zone_Resident","Destination_Zone_Worker","ZoneGlobale","All_modes","345"
"2020-04-04","Kasansa","Diulu","1h","Study_Zone_Resident","Study_Zone_Worker","ZoneGlobale","All_modes","1502"
"2020-04-04","Kasansa","Diulu","1h","Study_Zone_Resident","Origin_Zone_Worker","ZoneGlobale","All_modes","24"
"2020-04-04","Kasansa","Diulu","1h","Origin_Zone_Resident","Outside_Worker","ZoneGlobale","All_modes","76"
"2020-04-04","Kasansa","Diulu","1h","Origin_Zone_Resident","Destination_Zone_Worker","ZoneGlobale","All_modes","223"
"2020-04-04","Kasansa","Diulu","1h","Origin_Zone_Resident","Study_Zone_Worker","ZoneGlobale","All_modes","223"
"2020-04-04","Kasansa","Diulu","1h","Origin_Zone_Resident","Origin_Zone_Worker","ZoneGlobale","All_modes","836"
"2020-04-04","Kasansa","Diulu","3h","Outside_Resident","Outside_Worker","ZoneGlobale","All_modes","594"
"2020-04-04","Kasansa","Diulu","3h","Outside_Resident","Destination_Zone_Worker","ZoneGlobale","All_modes","128"
"2020-04-04","Kasansa","Diulu","3h","Outside_Resident","Study_Zone_Worker","ZoneGlobale","All_modes","287"
"2020-04-04","Kasansa","Diulu","3h","Outside_Resident","Origin_Zone_Worker","ZoneGlobale","All_modes","182"
"2020-04-04","Kasansa","Diulu","3h","Destination_Zone_Resident","Outside_Worker","ZoneGlobale","All_modes","33"
"2020-04-04","Kasansa","Diulu","3h","Destination_Zone_Resident","Destination_Zone_Worker","ZoneGlobale","All_modes","1079"
"2020-04-04","Kasansa","Diulu","3h","Destination_Zone_Resident","Study_Zone_Worker","ZoneGlobale","All_modes","202"
"2020-04-04","Kasansa","Diulu","3h","Destination_Zone_Resident","Origin_Zone_Worker","ZoneGlobale","All_modes","21"
"2020-04-04","Kasansa","Diulu","3h","Study_Zone_Resident","Outside_Worker","ZoneGlobale","All_modes","45"
"2020-04-04","Kasansa","Diulu","3h","Study_Zone_Resident","Destination_Zone_Worker","ZoneGlobale","All_modes","145"
"2020-04-04","Kasansa","Diulu","3h","Study_Zone_Resident","Study_Zone_Worker","ZoneGlobale","All_modes","1091"
"2020-04-04","Kasansa","Diulu","3h","Study_Zone_Resident","Origin_Zone_Worker","ZoneGlobale","All_modes","100"
"2020-04-04","Kasansa","Diulu","3h","Origin_Zone_Resident","Outside_Worker","ZoneGlobale","All_modes","83"
"2020-04-04","Kasansa","Diulu","3h","Origin_Zone_Resident","Destination_Zone_Worker","ZoneGlobale","All_modes","326"
"2020-04-04","Kasansa","Diulu","3h","Origin_Zone_Resident","Study_Zone_Worker","ZoneGlobale","All_modes","297"
"2020-04-04","Kasansa","Diulu","3h","Origin_Zone_Resident","Origin_Zone_Worker","ZoneGlobale","All_modes","1643"
"2020-04-04","Kasansa","Kalenda","1h","Outside_Resident","Outside_Worker","ZoneGlobale","All_modes","23"
"2020-04-04","Kasansa","Kalenda","1h","Study_Zone_Resident","Study_Zone_Worker","ZoneGlobale","All_modes","132"
"2020-04-04","Kasansa","Kalenda","3h","Outside_Resident","Origin_Zone_Worker","ZoneGlobale","All_modes","22"
"2020-04-04","Kasansa","Kalenda","3h","Study_Zone_Resident","Study_Zone_Worker","ZoneGlobale","All_modes","138"
"2020-04-04","Kasansa","Kalenda","3h","Study_Zone_Resident","Origin_Zone_Worker","ZoneGlobale","All_modes","33"
"2020-04-04","Kasansa","Kalenda","3h","Origin_Zone_Resident","Origin_Zone_Worker","ZoneGlobale","All_modes","82"
"2020-04-04","Kasansa","Kamiji","1h","Outside_Resident","Outside_Worker","ZoneGlobale","All_modes","115"
"2020-04-04","Kasansa","Kamiji","1h","Outside_Resident","Destination_Zone_Worker","ZoneGlobale","All_modes","29"
"2020-04-04","Kasansa","Kamiji","1h","Outside_Resident","Origin_Zone_Worker","ZoneGlobale","All_modes","119"
"2020-04-04","Kasansa","Kamiji","1h","Destination_Zone_Resident","Destination_Zone_Worker","ZoneGlobale","All_modes","217"
"2020-04-04","Kasansa","Kamiji","1h","Destination_Zone_Resident","Origin_Zone_Worker","ZoneGlobale","All_modes","231"
"2020-04-04","Kasansa","Kamiji","1h","Study_Zone_Resident","Destination_Zone_Worker","ZoneGlobale","All_modes","90"
"2020-04-04","Kasansa","Kamiji","1h","Study_Zone_Resident","Study_Zone_Worker","ZoneGlobale","All_modes","320"
"2020-04-04","Kasansa","Kamiji","1h","Study_Zone_Resident","Origin_Zone_Worker","ZoneGlobale","All_modes","81"
"2020-04-04","Kasansa","Kamiji","1h","Origin_Zone_Resident","Destination_Zone_Worker","ZoneGlobale","All_modes","82"
"2020-04-04","Kasansa","Kamiji","1h","Origin_Zone_Resident","Study_Zone_Worker","ZoneGlobale","All_modes","75"
"2020-04-04","Kasansa","Kamiji","1h","Origin_Zone_Resident","Origin_Zone_Worker","ZoneGlobale","All_modes","557"
"2020-04-04","Kasansa","Kamiji","3h","Outside_Resident","Outside_Worker","ZoneGlobale","All_modes","354"
"2020-04-04","Kasansa","Kamiji","3h","Outside_Resident","Destination_Zone_Worker","ZoneGlobale","All_modes","73"
"2020-04-04","Kasansa","Kamiji","3h","Outside_Resident","Study_Zone_Worker","ZoneGlobale","All_modes","72"
"2020-04-04","Kasansa","Kamiji","3h","Outside_Resident","Origin_Zone_Worker","ZoneGlobale","All_modes","101"
"2020-04-04","Kasansa","Kamiji","3h","Destination_Zone_Resident","Destination_Zone_Worker","ZoneGlobale","All_modes","266"
"2020-04-04","Kasansa","Kamiji","3h","Destination_Zone_Resident","Origin_Zone_Worker","ZoneGlobale","All_modes","181"
"2020-04-04","Kasansa","Kamiji","3h","Study_Zone_Resident","Outside_Worker","ZoneGlobale","All_modes","45"
"2020-04-04","Kasansa","Kamiji","3h","Study_Zone_Resident","Destination_Zone_Worker","ZoneGlobale","All_modes","33"
"2020-04-04","Kasansa","Kamiji","3h","Study_Zone_Resident","Study_Zone_Worker","ZoneGlobale","All_modes","411"
"2020-04-04","Kasansa","Kamiji","3h","Study_Zone_Resident","Origin_Zone_Worker","ZoneGlobale","All_modes","120"
"2020-04-04","Kasansa","Kamiji","3h","Origin_Zone_Resident","Outside_Worker","ZoneGlobale","All_modes","132"
"2020-04-04","Kasansa","Kamiji","3h","Origin_Zone_Resident","Destination_Zone_Worker","ZoneGlobale","All_modes","106"
"2020-04-04","Kasansa","Kamiji","3h","Origin_Zone_Resident","Study_Zone_Worker","ZoneGlobale","All_modes","134"
"2020-04-04","Kasansa","Kamiji","3h","Origin_Zone_Resident","Origin_Zone_Worker","ZoneGlobale","All_modes","1395"
"2020-04-04","Kasansa","Kanda Kanda","1h","Outside_Resident","Outside_Worker","ZoneGlobale","All_modes","1341"
"2020-04-04","Kasansa","Kanda Kanda","1h","Outside_Resident","Destination_Zone_Worker","ZoneGlobale","All_modes","451"
"2020-04-04","Kasansa","Kanda Kanda","1h","Outside_Resident","Study_Zone_Worker","ZoneGlobale","All_modes","148"
"2020-04-04","Kasansa","Kanda Kanda","1h","Outside_Resident","Origin_Zone_Worker","ZoneGlobale","All_modes","218"
"2020-04-04","Kasansa","Kanda Kanda","1h","Destination_Zone_Resident","Outside_Worker","ZoneGlobale","All_modes","237"
"2020-04-04","Kasansa","Kanda Kanda","1h","Destination_Zone_Resident","Destination_Zone_Worker","ZoneGlobale","All_modes","3932"
"2020-04-04","Kasansa","Kanda Kanda","1h","Destination_Zone_Resident","Study_Zone_Worker","ZoneGlobale","All_modes","118"
"2020-04-04","Kasansa","Kanda Kanda","1h","Destination_Zone_Resident","Origin_Zone_Worker","ZoneGlobale","All_modes","894"
"2020-04-04","Kasansa","Kanda Kanda","1h","Study_Zone_Resident","Destination_Zone_Worker","ZoneGlobale","All_modes","75"
"2020-04-04","Kasansa","Kanda Kanda","1h","Study_Zone_Resident","Study_Zone_Worker","ZoneGlobale","All_modes","1576"
"2020-04-04","Kasansa","Kanda Kanda","1h","Study_Zone_Resident","Origin_Zone_Worker","ZoneGlobale","All_modes","131"
"2020-04-04","Kasansa","Kanda Kanda","1h","Origin_Zone_Resident","Outside_Worker","ZoneGlobale","All_modes","298"
"2020-04-04","Kasansa","Kanda Kanda","1h","Origin_Zone_Resident","Destination_Zone_Worker","ZoneGlobale","All_modes","614"
"2020-04-04","Kasansa","Kanda Kanda","1h","Origin_Zone_Resident","Study_Zone_Worker","ZoneGlobale","All_modes","186"
"2020-04-04","Kasansa","Kanda Kanda","1h","Origin_Zone_Resident","Origin_Zone_Worker","ZoneGlobale","All_modes","3450"
"2020-04-04","Kasansa","Kanda Kanda","3h","Outside_Resident","Outside_Worker","ZoneGlobale","All_modes","1456"
"2020-04-04","Kasansa","Kanda Kanda","3h","Outside_Resident","Destination_Zone_Worker","ZoneGlobale","All_modes","430"
"2020-04-04","Kasansa","Kanda Kanda","3h","Outside_Resident","Study_Zone_Worker","ZoneGlobale","All_modes","166"
"2020-04-04","Kasansa","Kanda Kanda","3h","Outside_Resident","Origin_Zone_Worker","ZoneGlobale","All_modes","506"
"2020-04-04","Kasansa","Kanda Kanda","3h","Destination_Zone_Resident","Outside_Worker","ZoneGlobale","All_modes","364"
"2020-04-04","Kasansa","Kanda Kanda","3h","Destination_Zone_Resident","Destination_Zone_Worker","ZoneGlobale","All_modes","3856"
"2020-04-04","Kasansa","Kanda Kanda","3h","Destination_Zone_Resident","Study_Zone_Worker","ZoneGlobale","All_modes","192"
"2020-04-04","Kasansa","Kanda Kanda","3h","Destination_Zone_Resident","Origin_Zone_Worker","ZoneGlobale","All_modes","867"
"2020-04-04","Kasansa","Kanda Kanda","3h","Study_Zone_Resident","Outside_Worker","ZoneGlobale","All_modes","151"
"2020-04-04","Kasansa","Kanda Kanda","3h","Study_Zone_Resident","Destination_Zone_Worker","ZoneGlobale","All_modes","161"
"2020-04-04","Kasansa","Kanda Kanda","3h","Study_Zone_Resident","Study_Zone_Worker","ZoneGlobale","All_modes","971"
"2020-04-04","Kasansa","Kanda Kanda","3h","Study_Zone_Resident","Origin_Zone_Worker","ZoneGlobale","All_modes","23"
"2020-04-04","Kasansa","Kanda Kanda","3h","Origin_Zone_Resident","Outside_Worker","ZoneGlobale","All_modes","375"
"2020-04-04","Kasansa","Kanda Kanda","3h","Origin_Zone_Resident","Destination_Zone_Worker","ZoneGlobale","All_modes","764"
"2020-04-04","Kasansa","Kanda Kanda","3h","Origin_Zone_Resident","Study_Zone_Worker","ZoneGlobale","All_modes","150"
"2020-04-04","Kasansa","Kanda Kanda","3h","Origin_Zone_Resident","Origin_Zone_Worker","ZoneGlobale","All_modes","4610"
"2020-04-04","Kasansa","Luputa","1h","Outside_Resident","Outside_Worker","ZoneGlobale","All_modes","54"
"2020-04-04","Kasansa","Luputa","1h","Outside_Resident","Destination_Zone_Worker","ZoneGlobale","All_modes","74"
"2020-04-04","Kasansa","Luputa","1h","Destination_Zone_Resident","Destination_Zone_Worker","ZoneGlobale","All_modes","158"
"2020-04-04","Kasansa","Luputa","1h","Study_Zone_Resident","Study_Zone_Worker","ZoneGlobale","All_modes","61"
"2020-04-04","Kasansa","Luputa","1h","Origin_Zone_Resident","Destination_Zone_Worker","ZoneGlobale","All_modes","22"
"2020-04-04","Kasansa","Luputa","1h","Origin_Zone_Resident","Study_Zone_Worker","ZoneGlobale","All_modes","50"
"2020-04-04","Kasansa","Luputa","1h","Origin_Zone_Resident","Origin_Zone_Worker","ZoneGlobale","All_modes","22"
"2020-04-04","Kasansa","Luputa","3h","Outside_Resident","Outside_Worker","ZoneGlobale","All_modes","83"
"2020-04-04","Kasansa","Luputa","3h","Outside_Resident","Destination_Zone_Worker","ZoneGlobale","All_modes","46"
"2020-04-04","Kasansa","Luputa","3h","Outside_Resident","Study_Zone_Worker","ZoneGlobale","All_modes","53"
"2020-04-04","Kasansa","Luputa","3h","Destination_Zone_Resident","Outside_Worker","ZoneGlobale","All_modes","90"
"2020-04-04","Kasansa","Luputa","3h","Destination_Zone_Resident","Destination_Zone_Worker","ZoneGlobale","All_modes","250"
"2020-04-04","Kasansa","Luputa","3h","Study_Zone_Resident","Outside_Worker","ZoneGlobale","All_modes","31"
"2020-04-04","Kasansa","Luputa","3h","Study_Zone_Resident","Study_Zone_Worker","ZoneGlobale","All_modes","132"
"2020-04-04","Kasansa","Luputa","3h","Study_Zone_Resident","Origin_Zone_Worker","ZoneGlobale","All_modes","32"
"2020-04-04","Kasansa","Luputa","3h","Origin_Zone_Resident","Outside_Worker","ZoneGlobale","All_modes","27"
"2020-04-04","Kasansa","Luputa","3h","Origin_Zone_Resident","Destination_Zone_Worker","ZoneGlobale","All_modes","31"
"2020-04-04","Kasansa","Luputa","3h","Origin_Zone_Resident","Study_Zone_Worker","ZoneGlobale","All_modes","27"
"2020-04-04","Kasansa","Luputa","3h","Origin_Zone_Resident","Origin_Zone_Worker","ZoneGlobale","All_modes","83"
"2020-04-04","Kasansa","Miabi","1h","Outside_Resident","Outside_Worker","ZoneGlobale","All_modes","236"
"2020-04-04","Kasansa","Miabi","1h","Outside_Resident","Destination_Zone_Worker","ZoneGlobale","All_modes","29"
"2020-04-04","Kasansa","Miabi","1h","Outside_Resident","Study_Zone_Worker","ZoneGlobale","All_modes","49"
"2020-04-04","Kasansa","Miabi","1h","Outside_Resident","Origin_Zone_Worker","ZoneGlobale","All_modes","104"
"2020-04-04","Kasansa","Miabi","1h","Destination_Zone_Resident","Outside_Worker","ZoneGlobale","All_modes","29"
"2020-04-04","Kasansa","Miabi","1h","Destination_Zone_Resident","Destination_Zone_Worker","ZoneGlobale","All_modes","329"
"2020-04-04","Kasansa","Miabi","1h","Destination_Zone_Resident","Study_Zone_Worker","ZoneGlobale","All_modes","58"
"2020-04-04","Kasansa","Miabi","1h","Destination_Zone_Resident","Origin_Zone_Worker","ZoneGlobale","All_modes","127"
"2020-04-04","Kasansa","Miabi","1h","Study_Zone_Resident","Outside_Worker","ZoneGlobale","All_modes","45"
"2020-04-04","Kasansa","Miabi","1h","Study_Zone_Resident","Destination_Zone_Worker","ZoneGlobale","All_modes","47"
"2020-04-04","Kasansa","Miabi","1h","Study_Zone_Resident","Study_Zone_Worker","ZoneGlobale","All_modes","392"
"2020-04-04","Kasansa","Miabi","1h","Study_Zone_Resident","Origin_Zone_Worker","ZoneGlobale","All_modes","133"
"2020-04-04","Kasansa","Miabi","1h","Origin_Zone_Resident","Study_Zone_Worker","ZoneGlobale","All_modes","50"
"2020-04-04","Kasansa","Miabi","1h","Origin_Zone_Resident","Origin_Zone_Worker","ZoneGlobale","All_modes","422"
"2020-04-04","Kasansa","Miabi","3h","Outside_Resident","Outside_Worker","ZoneGlobale","All_modes","717"
"2020-04-04","Kasansa","Miabi","3h","Outside_Resident","Destination_Zone_Worker","ZoneGlobale","All_modes","110"
"2020-04-04","Kasansa","Miabi","3h","Outside_Resident","Study_Zone_Worker","ZoneGlobale","All_modes","151"
"2020-04-04","Kasansa","Miabi","3h","Outside_Resident","Origin_Zone_Worker","ZoneGlobale","All_modes","181"
"2020-04-04","Kasansa","Miabi","3h","Destination_Zone_Resident","Outside_Worker","ZoneGlobale","All_modes","32"
"2020-04-04","Kasansa","Miabi","3h","Destination_Zone_Resident","Destination_Zone_Worker","ZoneGlobale","All_modes","331"
"2020-04-04","Kasansa","Miabi","3h","Destination_Zone_Resident","Study_Zone_Worker","ZoneGlobale","All_modes","109"
"2020-04-04","Kasansa","Miabi","3h","Destination_Zone_Resident","Origin_Zone_Worker","ZoneGlobale","All_modes","27"
"2020-04-04","Kasansa","Miabi","3h","Study_Zone_Resident","Outside_Worker","ZoneGlobale","All_modes","21"
"2020-04-04","Kasansa","Miabi","3h","Study_Zone_Resident","Destination_Zone_Worker","ZoneGlobale","All_modes","46"
"2020-04-04","Kasansa","Miabi","3h","Study_Zone_Resident","Study_Zone_Worker","ZoneGlobale","All_modes","444"
"2020-04-04","Kasansa","Miabi","3h","Study_Zone_Resident","Origin_Zone_Worker","ZoneGlobale","All_modes","185"
"2020-04-04","Kasansa","Miabi","3h","Origin_Zone_Resident","Outside_Worker","ZoneGlobale","All_modes","143"
"2020-04-04","Kasansa","Miabi","3h","Origin_Zone_Resident","Destination_Zone_Worker","ZoneGlobale","All_modes","101"
"2020-04-04","Kasansa","Miabi","3h","Origin_Zone_Resident","Study_Zone_Worker","ZoneGlobale","All_modes","47"
"2020-04-04","Kasansa","Miabi","3h","Origin_Zone_Resident","Origin_Zone_Worker","ZoneGlobale","All_modes","849"
"2020-04-04","Kasansa","Mukumbi","1h","Study_Zone_Resident","Study_Zone_Worker","ZoneGlobale","All_modes","22"
"2020-04-04","Kasansa","Mukumbi","3h","Destination_Zone_Resident","Destination_Zone_Worker","ZoneGlobale","All_modes","22"
"2020-04-04","Kasansa","Mulumba","1h","Outside_Resident","Outside_Worker","ZoneGlobale","All_modes","3657"
"2020-04-04","Kasansa","Mulumba","1h","Outside_Resident","Destination_Zone_Worker","ZoneGlobale","All_modes","1693"
"2020-04-04","Kasansa","Mulumba","1h","Outside_Resident","Study_Zone_Worker","ZoneGlobale","All_modes","419"
"2020-04-04","Kasansa","Mulumba","1h","Outside_Resident","Origin_Zone_Worker","ZoneGlobale","All_modes","1549"
"2020-04-04","Kasansa","Mulumba","1h","Destination_Zone_Resident","Outside_Worker","ZoneGlobale","All_modes","586"
"2020-04-04","Kasansa","Mulumba","1h","Destination_Zone_Resident","Destination_Zone_Worker","ZoneGlobale","All_modes","13247"
"2020-04-04","Kasansa","Mulumba","1h","Destination_Zone_Resident","Study_Zone_Worker","ZoneGlobale","All_modes","491"
"2020-04-04","Kasansa","Mulumba","1h","Destination_Zone_Resident","Origin_Zone_Worker","ZoneGlobale","All_modes","2935"
"2020-04-04","Kasansa","Mulumba","1h","Study_Zone_Resident","Outside_Worker","ZoneGlobale","All_modes","127"
"2020-04-04","Kasansa","Mulumba","1h","Study_Zone_Resident","Destination_Zone_Worker","ZoneGlobale","All_modes","217"
"2020-04-04","Kasansa","Mulumba","1h","Study_Zone_Resident","Study_Zone_Worker","ZoneGlobale","All_modes","2906"
"2020-04-04","Kasansa","Mulumba","1h","Study_Zone_Resident","Origin_Zone_Worker","ZoneGlobale","All_modes","149"
"2020-04-04","Kasansa","Mulumba","1h","Origin_Zone_Resident","Outside_Worker","ZoneGlobale","All_modes","1002"
"2020-04-04","Kasansa","Mulumba","1h","Origin_Zone_Resident","Destination_Zone_Worker","ZoneGlobale","All_modes","6312"
"2020-04-04","Kasansa","Mulumba","1h","Origin_Zone_Resident","Study_Zone_Worker","ZoneGlobale","All_modes","387"
"2020-04-04","Kasansa","Mulumba","1h","Origin_Zone_Resident","Origin_Zone_Worker","ZoneGlobale","All_modes","17536"
"2020-04-04","Kasansa","Mulumba","3h","Outside_Resident","Outside_Worker","ZoneGlobale","All_modes","5065"
"2020-04-04","Kasansa","Mulumba","3h","Outside_Resident","Destination_Zone_Worker","ZoneGlobale","All_modes","2397"
"2020-04-04","Kasansa","Mulumba","3h","Outside_Resident","Study_Zone_Worker","ZoneGlobale","All_modes","525"
"2020-04-04","Kasansa","Mulumba","3h","Outside_Resident","Origin_Zone_Worker","ZoneGlobale","All_modes","2598"
"2020-04-04","Kasansa","Mulumba","3h","Destination_Zone_Resident","Outside_Worker","ZoneGlobale","All_modes","781"
"2020-04-04","Kasansa","Mulumba","3h","Destination_Zone_Resident","Destination_Zone_Worker","ZoneGlobale","All_modes","13062"
"2020-04-04","Kasansa","Mulumba","3h","Destination_Zone_Resident","Study_Zone_Worker","ZoneGlobale","All_modes","193"
"2020-04-04","Kasansa","Mulumba","3h","Destination_Zone_Resident","Origin_Zone_Worker","ZoneGlobale","All_modes","4045"
"2020-04-04","Kasansa","Mulumba","3h","Study_Zone_Resident","Outside_Worker","ZoneGlobale","All_modes","172"
"2020-04-04","Kasansa","Mulumba","3h","Study_Zone_Resident","Destination_Zone_Worker","ZoneGlobale","All_modes","83"
"2020-04-04","Kasansa","Mulumba","3h","Study_Zone_Resident","Study_Zone_Worker","ZoneGlobale","All_modes","2545"
"2020-04-04","Kasansa","Mulumba","3h","Study_Zone_Resident","Origin_Zone_Worker","ZoneGlobale","All_modes","413"
"2020-04-04","Kasansa","Mulumba","3h","Origin_Zone_Resident","Outside_Worker","ZoneGlobale","All_modes","1454"
"2020-04-04","Kasansa","Mulumba","3h","Origin_Zone_Resident","Destination_Zone_Worker","ZoneGlobale","All_modes","7560"
"2020-04-04","Kasansa","Mulumba","3h","Origin_Zone_Resident","Study_Zone_Worker","ZoneGlobale","All_modes","486"
"2020-04-04","Kasansa","Mulumba","3h","Origin_Zone_Resident","Origin_Zone_Worker","ZoneGlobale","All_modes","22224"
"2020-04-04","Kasansa","Mwene Ditu","1h","Destination_Zone_Resident","Destination_Zone_Worker","ZoneGlobale","All_modes","54"
"2020-04-04","Kasansa","Mwene Ditu","1h","Destination_Zone_Resident","Study_Zone_Worker","ZoneGlobale","All_modes","32"
"2020-04-04","Kasansa","Mwene Ditu","1h","Study_Zone_Resident","Outside_Worker","ZoneGlobale","All_modes","29"
"2020-04-04","Kasansa","Mwene Ditu","1h","Study_Zone_Resident","Destination_Zone_Worker","ZoneGlobale","All_modes","21"
"2020-04-04","Kasansa","Mwene Ditu","1h","Study_Zone_Resident","Study_Zone_Worker","ZoneGlobale","All_modes","201"
"2020-04-04","Kasansa","Mwene Ditu","1h","Study_Zone_Resident","Origin_Zone_Worker","ZoneGlobale","All_modes","27"
"2020-04-04","Kasansa","Mwene Ditu","3h","Outside_Resident","Outside_Worker","ZoneGlobale","All_modes","33"
"2020-04-04","Kasansa","Mwene Ditu","3h","Outside_Resident","Destination_Zone_Worker","ZoneGlobale","All_modes","43"
"2020-04-04","Kasansa","Mwene Ditu","3h","Destination_Zone_Resident","Destination_Zone_Worker","ZoneGlobale","All_modes","56"
"2020-04-04","Kasansa","Mwene Ditu","3h","Study_Zone_Resident","Outside_Worker","ZoneGlobale","All_modes","62"
"2020-04-04","Kasansa","Mwene Ditu","3h","Study_Zone_Resident","Study_Zone_Worker","ZoneGlobale","All_modes","135"
"2020-04-04","Kasansa","Mwene Ditu","3h","Study_Zone_Resident","Origin_Zone_Worker","ZoneGlobale","All_modes","32"
"2020-04-04","Kasansa","Mwene Ditu","3h","Origin_Zone_Resident","Outside_Worker","ZoneGlobale","All_modes","28"
"2020-04-04","Kasansa","Mwene Ditu","3h","Origin_Zone_Resident","Origin_Zone_Worker","ZoneGlobale","All_modes","51"
"2020-04-04","Kasansa","Ngandajika","1h","Outside_Resident","Outside_Worker","ZoneGlobale","All_modes","411"
"2020-04-04","Kasansa","Ngandajika","1h","Outside_Resident","Destination_Zone_Worker","ZoneGlobale","All_modes","58"
"2020-04-04","Kasansa","Ngandajika","1h","Outside_Resident","Study_Zone_Worker","ZoneGlobale","All_modes","93"
"2020-04-04","Kasansa","Ngandajika","1h","Outside_Resident","Origin_Zone_Worker","ZoneGlobale","All_modes","168"
"2020-04-04","Kasansa","Ngandajika","1h","Destination_Zone_Resident","Outside_Worker","ZoneGlobale","All_modes","67"
"2020-04-04","Kasansa","Ngandajika","1h","Destination_Zone_Resident","Destination_Zone_Worker","ZoneGlobale","All_modes","501"
"2020-04-04","Kasansa","Ngandajika","1h","Destination_Zone_Resident","Study_Zone_Worker","ZoneGlobale","All_modes","75"
"2020-04-04","Kasansa","Ngandajika","1h","Destination_Zone_Resident","Origin_Zone_Worker","ZoneGlobale","All_modes","23"
"2020-04-04","Kasansa","Ngandajika","1h","Study_Zone_Resident","Outside_Worker","ZoneGlobale","All_modes","57"
"2020-04-04","Kasansa","Ngandajika","1h","Study_Zone_Resident","Destination_Zone_Worker","ZoneGlobale","All_modes","72"
"2020-04-04","Kasansa","Ngandajika","1h","Study_Zone_Resident","Study_Zone_Worker","ZoneGlobale","All_modes","627"
"2020-04-04","Kasansa","Ngandajika","1h","Study_Zone_Resident","Origin_Zone_Worker","ZoneGlobale","All_modes","83"
"2020-04-04","Kasansa","Ngandajika","1h","Origin_Zone_Resident","Destination_Zone_Worker","ZoneGlobale","All_modes","47"
"2020-04-04","Kasansa","Ngandajika","1h","Origin_Zone_Resident","Study_Zone_Worker","ZoneGlobale","All_modes","25"
"2020-04-04","Kasansa","Ngandajika","1h","Origin_Zone_Resident","Origin_Zone_Worker","ZoneGlobale","All_modes","401"
"2020-04-04","Kasansa","Ngandajika","3h","Outside_Resident","Outside_Worker","ZoneGlobale","All_modes","561"
"2020-04-04","Kasansa","Ngandajika","3h","Outside_Resident","Destination_Zone_Worker","ZoneGlobale","All_modes","152"
"2020-04-04","Kasansa","Ngandajika","3h","Outside_Resident","Study_Zone_Worker","ZoneGlobale","All_modes","72"
"2020-04-04","Kasansa","Ngandajika","3h","Outside_Resident","Origin_Zone_Worker","ZoneGlobale","All_modes","184"
"2020-04-04","Kasansa","Ngandajika","3h","Destination_Zone_Resident","Destination_Zone_Worker","ZoneGlobale","All_modes","673"
"2020-04-04","Kasansa","Ngandajika","3h","Destination_Zone_Resident","Study_Zone_Worker","ZoneGlobale","All_modes","122"
"2020-04-04","Kasansa","Ngandajika","3h","Destination_Zone_Resident","Origin_Zone_Worker","ZoneGlobale","All_modes","23"
"2020-04-04","Kasansa","Ngandajika","3h","Study_Zone_Resident","Outside_Worker","ZoneGlobale","All_modes","84"
"2020-04-04","Kasansa","Ngandajika","3h","Study_Zone_Resident","Study_Zone_Worker","ZoneGlobale","All_modes","840"
"2020-04-04","Kasansa","Ngandajika","3h","Study_Zone_Resident","Origin_Zone_Worker","ZoneGlobale","All_modes","127"
"2020-04-04","Kasansa","Ngandajika","3h","Origin_Zone_Resident","Outside_Worker","ZoneGlobale","All_modes","42"
"2020-04-04","Kasansa","Ngandajika","3h","Origin_Zone_Resident","Destination_Zone_Worker","ZoneGlobale","All_modes","50"
"2020-04-04","Kasansa","Ngandajika","3h","Origin_Zone_Resident","Study_Zone_Worker","ZoneGlobale","All_modes","77"
"2020-04-04","Kasansa","Ngandajika","3h","Origin_Zone_Resident","Origin_Zone_Worker","ZoneGlobale","All_modes","1068"
"2020-04-04","Kasansa","Tshilenge","1h","Outside_Resident","Outside_Worker","ZoneGlobale","All_modes","1799"
"2020-04-04","Kasansa","Tshilenge","1h","Outside_Resident","Destination_Zone_Worker","ZoneGlobale","All_modes","728"
"2020-04-04","Kasansa","Tshilenge","1h","Outside_Resident","Study_Zone_Worker","ZoneGlobale","All_modes","391"
"2020-04-04","Kasansa","Tshilenge","1h","Outside_Resident","Origin_Zone_Worker","ZoneGlobale","All_modes","656"
"2020-04-04","Kasansa","Tshilenge","1h","Destination_Zone_Resident","Outside_Worker","ZoneGlobale","All_modes","467"
"2020-04-04","Kasansa","Tshilenge","1h","Destination_Zone_Resident","Destination_Zone_Worker","ZoneGlobale","All_modes","6172"
"2020-04-04","Kasansa","Tshilenge","1h","Destination_Zone_Resident","Study_Zone_Worker","ZoneGlobale","All_modes","76"
"2020-04-04","Kasansa","Tshilenge","1h","Destination_Zone_Resident","Origin_Zone_Worker","ZoneGlobale","All_modes","805"
"2020-04-04","Kasansa","Tshilenge","1h","Study_Zone_Resident","Outside_Worker","ZoneGlobale","All_modes","144"
"2020-04-04","Kasansa","Tshilenge","1h","Study_Zone_Resident","Destination_Zone_Worker","ZoneGlobale","All_modes","375"
"2020-04-04","Kasansa","Tshilenge","1h","Study_Zone_Resident","Study_Zone_Worker","ZoneGlobale","All_modes","1695"
"2020-04-04","Kasansa","Tshilenge","1h","Study_Zone_Resident","Origin_Zone_Worker","ZoneGlobale","All_modes","282"
"2020-04-04","Kasansa","Tshilenge","1h","Origin_Zone_Resident","Outside_Worker","ZoneGlobale","All_modes","214"
"2020-04-04","Kasansa","Tshilenge","1h","Origin_Zone_Resident","Destination_Zone_Worker","ZoneGlobale","All_modes","1003"
"2020-04-04","Kasansa","Tshilenge","1h","Origin_Zone_Resident","Study_Zone_Worker","ZoneGlobale","All_modes","272"
"2020-04-04","Kasansa","Tshilenge","1h","Origin_Zone_Resident","Origin_Zone_Worker","ZoneGlobale","All_modes","4316"
"2020-04-04","Kasansa","Tshilenge","3h","Outside_Resident","Outside_Worker","ZoneGlobale","All_modes","2871"
"2020-04-04","Kasansa","Tshilenge","3h","Outside_Resident","Destination_Zone_Worker","ZoneGlobale","All_modes","1252"
"2020-04-04","Kasansa","Tshilenge","3h","Outside_Resident","Study_Zone_Worker","ZoneGlobale","All_modes","392"
"2020-04-04","Kasansa","Tshilenge","3h","Outside_Resident","Origin_Zone_Worker","ZoneGlobale","All_modes","941"
"2020-04-04","Kasansa","Tshilenge","3h","Destination_Zone_Resident","Outside_Worker","ZoneGlobale","All_modes","612"
"2020-04-04","Kasansa","Tshilenge","3h","Destination_Zone_Resident","Destination_Zone_Worker","ZoneGlobale","All_modes","6252"
"2020-04-04","Kasansa","Tshilenge","3h","Destination_Zone_Resident","Study_Zone_Worker","ZoneGlobale","All_modes","265"
"2020-04-04","Kasansa","Tshilenge","3h","Destination_Zone_Resident","Origin_Zone_Worker","ZoneGlobale","All_modes","1027"
"2020-04-04","Kasansa","Tshilenge","3h","Study_Zone_Resident","Outside_Worker","ZoneGlobale","All_modes","101"
"2020-04-04","Kasansa","Tshilenge","3h","Study_Zone_Resident","Destination_Zone_Worker","ZoneGlobale","All_modes","566"
"2020-04-04","Kasansa","Tshilenge","3h","Study_Zone_Resident","Study_Zone_Worker","ZoneGlobale","All_modes","1795"
"2020-04-04","Kasansa","Tshilenge","3h","Study_Zone_Resident","Origin_Zone_Worker","ZoneGlobale","All_modes","451"
"2020-04-04","Kasansa","Tshilenge","3h","Origin_Zone_Resident","Outside_Worker","ZoneGlobale","All_modes","707"
"2020-04-04","Kasansa","Tshilenge","3h","Origin_Zone_Resident","Destination_Zone_Worker","ZoneGlobale","All_modes","1737"
"2020-04-04","Kasansa","Tshilenge","3h","Origin_Zone_Resident","Study_Zone_Worker","ZoneGlobale","All_modes","392"
"2020-04-04","Kasansa","Tshilenge","3h","Origin_Zone_Resident","Origin_Zone_Worker","ZoneGlobale","All_modes","6690"
"2020-04-04","Kasansa","Tshishimbi","1h","Outside_Resident","Outside_Worker","ZoneGlobale","All_modes","330"
"2020-04-04","Kasansa","Tshishimbi","1h","Outside_Resident","Destination_Zone_Worker","ZoneGlobale","All_modes","144"
"2020-04-04","Kasansa","Tshishimbi","1h","Outside_Resident","Study_Zone_Worker","ZoneGlobale","All_modes","104"
"2020-04-04","Kasansa","Tshishimbi","1h","Outside_Resident","Origin_Zone_Worker","ZoneGlobale","All_modes","25"
"2020-04-04","Kasansa","Tshishimbi","1h","Destination_Zone_Resident","Outside_Worker","ZoneGlobale","All_modes","32"
"2020-04-04","Kasansa","Tshishimbi","1h","Destination_Zone_Resident","Destination_Zone_Worker","ZoneGlobale","All_modes","476"
"2020-04-04","Kasansa","Tshishimbi","1h","Destination_Zone_Resident","Study_Zone_Worker","ZoneGlobale","All_modes","31"
"2020-04-04","Kasansa","Tshishimbi","1h","Destination_Zone_Resident","Origin_Zone_Worker","ZoneGlobale","All_modes","31"
"2020-04-04","Kasansa","Tshishimbi","1h","Study_Zone_Resident","Outside_Worker","ZoneGlobale","All_modes","46"
"2020-04-04","Kasansa","Tshishimbi","1h","Study_Zone_Resident","Destination_Zone_Worker","ZoneGlobale","All_modes","116"
"2020-04-04","Kasansa","Tshishimbi","1h","Study_Zone_Resident","Study_Zone_Worker","ZoneGlobale","All_modes","429"
"2020-04-04","Kasansa","Tshishimbi","1h","Study_Zone_Resident","Origin_Zone_Worker","ZoneGlobale","All_modes","24"
"2020-04-04","Kasansa","Tshishimbi","1h","Origin_Zone_Resident","Destination_Zone_Worker","ZoneGlobale","All_modes","49"
"2020-04-04","Kasansa","Tshishimbi","1h","Origin_Zone_Resident","Study_Zone_Worker","ZoneGlobale","All_modes","31"
"2020-04-04","Kasansa","Tshishimbi","1h","Origin_Zone_Resident","Origin_Zone_Worker","ZoneGlobale","All_modes","218"
"2020-04-04","Kasansa","Tshishimbi","3h","Outside_Resident","Outside_Worker","ZoneGlobale","All_modes","273"
"2020-04-04","Kasansa","Tshishimbi","3h","Outside_Resident","Destination_Zone_Worker","ZoneGlobale","All_modes","92"
"2020-04-04","Kasansa","Tshishimbi","3h","Outside_Resident","Study_Zone_Worker","ZoneGlobale","All_modes","136"
"2020-04-04","Kasansa","Tshishimbi","3h","Outside_Resident","Origin_Zone_Worker","ZoneGlobale","All_modes","71"
"2020-04-04","Kasansa","Tshishimbi","3h","Destination_Zone_Resident","Destination_Zone_Worker","ZoneGlobale","All_modes","686"
"2020-04-04","Kasansa","Tshishimbi","3h","Destination_Zone_Resident","Study_Zone_Worker","ZoneGlobale","All_modes","52"
"2020-04-04","Kasansa","Tshishimbi","3h","Destination_Zone_Resident","Origin_Zone_Worker","ZoneGlobale","All_modes","53"
"2020-04-04","Kasansa","Tshishimbi","3h","Study_Zone_Resident","Outside_Worker","ZoneGlobale","All_modes","47"
"2020-04-04","Kasansa","Tshishimbi","3h","Study_Zone_Resident","Destination_Zone_Worker","ZoneGlobale","All_modes","45"
"2020-04-04","Kasansa","Tshishimbi","3h","Study_Zone_Resident","Study_Zone_Worker","ZoneGlobale","All_modes","418"
"2020-04-04","Kasansa","Tshishimbi","3h","Study_Zone_Resident","Origin_Zone_Worker","ZoneGlobale","All_modes","105"
"2020-04-04","Kasansa","Tshishimbi","3h","Origin_Zone_Resident","Outside_Worker","ZoneGlobale","All_modes","119"
"2020-04-04","Kasansa","Tshishimbi","3h","Origin_Zone_Resident","Destination_Zone_Worker","ZoneGlobale","All_modes","76"
"2020-04-04","Kasansa","Tshishimbi","3h","Origin_Zone_Resident","Study_Zone_Worker","ZoneGlobale","All_modes","23"
"2020-04-04","Kasansa","Tshishimbi","3h","Origin_Zone_Resident","Origin_Zone_Worker","ZoneGlobale","All_modes","294"
"2020-04-04","Kasansa","Yangala","1h","Study_Zone_Resident","Study_Zone_Worker","ZoneGlobale","All_modes","21"
"2020-04-04","Kashobwe","Kikula","1h","Outside_Resident","Outside_Worker","ZoneGlobale","All_modes","566"
"2020-04-04","Kashobwe","Kikula","1h","Outside_Resident","Destination_Zone_Worker","ZoneGlobale","All_modes","299"
"2020-04-04","Kashobwe","Kikula","1h","Outside_Resident","Study_Zone_Worker","ZoneGlobale","All_modes","37"
"2020-04-04","Kashobwe","Kikula","1h","Outside_Resident","Origin_Zone_Worker","ZoneGlobale","All_modes","70"
"2020-04-04","Kashobwe","Kikula","1h","Destination_Zone_Resident","Outside_Worker","ZoneGlobale","All_modes","34"
"2020-04-04","Kashobwe","Kikula","1h","Destination_Zone_Resident","Destination_Zone_Worker","ZoneGlobale","All_modes","86"
"2020-04-04","Kashobwe","Kikula","1h","Destination_Zone_Resident","Origin_Zone_Worker","ZoneGlobale","All_modes","30"
"2020-04-04","Kashobwe","Kikula","1h","Study_Zone_Resident","Study_Zone_Worker","ZoneGlobale","All_modes","145"
"2020-04-04","Kashobwe","Kikula","1h","Origin_Zone_Resident","Destination_Zone_Worker","ZoneGlobale","All_modes","24"
"2020-04-04","Kashobwe","Kikula","1h","Origin_Zone_Resident","Origin_Zone_Worker","ZoneGlobale","All_modes","107"
"2020-04-04","Kashobwe","Kikula","3h","Outside_Resident","Outside_Worker","ZoneGlobale","All_modes","774"
"2020-04-04","Kashobwe","Kikula","3h","Outside_Resident","Destination_Zone_Worker","ZoneGlobale","All_modes","162"
"2020-04-04","Kashobwe","Kikula","3h","Outside_Resident","Origin_Zone_Worker","ZoneGlobale","All_modes","64"
"2020-04-04","Kashobwe","Kikula","3h","Destination_Zone_Resident","Outside_Worker","ZoneGlobale","All_modes","48"
"2020-04-04","Kashobwe","Kikula","3h","Destination_Zone_Resident","Destination_Zone_Worker","ZoneGlobale","All_modes","31"
"2020-04-04","Kashobwe","Kikula","3h","Study_Zone_Resident","Study_Zone_Worker","ZoneGlobale","All_modes","131"
"2020-04-04","Kashobwe","Kikula","3h","Origin_Zone_Resident","Origin_Zone_Worker","ZoneGlobale","All_modes","39"
"2020-04-04","Kashobwe","Kipushi","3h","Outside_Resident","Outside_Worker","ZoneGlobale","All_modes","24"
"2020-04-04","Kashobwe","Lubumbashi","1h","Outside_Resident","Outside_Worker","ZoneGlobale","All_modes","41"
"2020-04-04","Kashobwe","Lubumbashi","1h","Study_Zone_Resident","Study_Zone_Worker","ZoneGlobale","All_modes","21"
"2020-04-04","Kashobwe","Lubumbashi","3h","Study_Zone_Resident","Study_Zone_Worker","ZoneGlobale","All_modes","21"
"2020-04-04","Kasongo","Kalole","1h","Outside_Resident","Outside_Worker","ZoneGlobale","All_modes","266"
"2020-04-04","Kasongo","Kalole","3h","Origin_Zone_Resident","Outside_Worker","ZoneGlobale","All_modes","265"
"2020-04-04","Kasongo","Kampene","1h","Outside_Resident","Outside_Worker","ZoneGlobale","All_modes","1163"
"2020-04-04","Kasongo","Kampene","1h","Outside_Resident","Destination_Zone_Worker","ZoneGlobale","All_modes","281"
"2020-04-04","Kasongo","Kampene","1h","Destination_Zone_Resident","Destination_Zone_Worker","ZoneGlobale","All_modes","475"
"2020-04-04","Kasongo","Kampene","1h","Destination_Zone_Resident","Origin_Zone_Worker","ZoneGlobale","All_modes","512"
"2020-04-04","Kasongo","Kampene","1h","Origin_Zone_Resident","Origin_Zone_Worker","ZoneGlobale","All_modes","1196"
"2020-04-04","Kasongo","Kampene","3h","Outside_Resident","Outside_Worker","ZoneGlobale","All_modes","615"
"2020-04-04","Kasongo","Kampene","3h","Outside_Resident","Destination_Zone_Worker","ZoneGlobale","All_modes","281"
"2020-04-04","Kasongo","Kampene","3h","Origin_Zone_Resident","Origin_Zone_Worker","ZoneGlobale","All_modes","601"
"2020-04-04","Kasongo","Kindu","1h","Outside_Resident","Outside_Worker","ZoneGlobale","All_modes","206"
"2020-04-04","Kasongo","Kunda","1h","Outside_Resident","Destination_Zone_Worker","ZoneGlobale","All_modes","216"
"2020-04-04","Kasongo","Kunda","3h","Outside_Resident","Outside_Worker","ZoneGlobale","All_modes","293"
"2020-04-04","Kasongo","Lusangi","1h","Outside_Resident","Outside_Worker","ZoneGlobale","All_modes","238"
"2020-04-04","Kasongo","Samba","1h","Outside_Resident","Outside_Worker","ZoneGlobale","All_modes","947"
"2020-04-04","Kasongo","Samba","1h","Outside_Resident","Destination_Zone_Worker","ZoneGlobale","All_modes","210"
"2020-04-04","Kasongo","Samba","1h","Outside_Resident","Study_Zone_Worker","ZoneGlobale","All_modes","249"
"2020-04-04","Kasongo","Samba","1h","Destination_Zone_Resident","Destination_Zone_Worker","ZoneGlobale","All_modes","216"
"2020-04-04","Kasongo","Samba","1h","Origin_Zone_Resident","Origin_Zone_Worker","ZoneGlobale","All_modes","265"
"2020-04-04","Kasongo","Samba","3h","Outside_Resident","Outside_Worker","ZoneGlobale","All_modes","949"
"2020-04-04","Kasongo","Samba","3h","Outside_Resident","Study_Zone_Worker","ZoneGlobale","All_modes","281"
"2020-04-04","Kasongo","Samba","3h","Destination_Zone_Resident","Destination_Zone_Worker","ZoneGlobale","All_modes","207"
"2020-04-04","Kasongo","Samba","3h","Origin_Zone_Resident","Origin_Zone_Worker","ZoneGlobale","All_modes","738"
"2020-04-04","Katako Kombe","Djalo Djeka","1h","Outside_Resident","Outside_Worker","ZoneGlobale","All_modes","127"
"2020-04-04","Katako Kombe","Djalo Djeka","1h","Destination_Zone_Resident","Destination_Zone_Worker","ZoneGlobale","All_modes","91"
"2020-04-04","Katako Kombe","Djalo Djeka","1h","Origin_Zone_Resident","Origin_Zone_Worker","ZoneGlobale","All_modes","270"
"2020-04-04","Katako Kombe","Djalo Djeka","3h","Outside_Resident","Outside_Worker","ZoneGlobale","All_modes","455"
"2020-04-04","Katako Kombe","Djalo Djeka","3h","Outside_Resident","Origin_Zone_Worker","ZoneGlobale","All_modes","47"
"2020-04-04","Katako Kombe","Djalo Djeka","3h","Destination_Zone_Resident","Origin_Zone_Worker","ZoneGlobale","All_modes","58"
"2020-04-04","Katako Kombe","Djalo Djeka","3h","Origin_Zone_Resident","Origin_Zone_Worker","ZoneGlobale","All_modes","192"
"2020-04-04","Katako Kombe","Lodja","1h","Outside_Resident","Outside_Worker","ZoneGlobale","All_modes","21"
"2020-04-04","Katana","Bunyakiri","1h","Study_Zone_Resident","Study_Zone_Worker","ZoneGlobale","All_modes","52"
"2020-04-04","Katana","Bunyakiri","3h","Study_Zone_Resident","Study_Zone_Worker","ZoneGlobale","All_modes","34"
"2020-04-04","Katana","Ibanda","1h","Outside_Resident","Outside_Worker","ZoneGlobale","All_modes","327"
"2020-04-04","Katana","Ibanda","1h","Outside_Resident","Destination_Zone_Worker","ZoneGlobale","All_modes","424"
"2020-04-04","Katana","Ibanda","1h","Outside_Resident","Study_Zone_Worker","ZoneGlobale","All_modes","121"
"2020-04-04","Katana","Ibanda","1h","Outside_Resident","Origin_Zone_Worker","ZoneGlobale","All_modes","62"
"2020-04-04","Katana","Ibanda","1h","Destination_Zone_Resident","Destination_Zone_Worker","ZoneGlobale","All_modes","4710"
"2020-04-04","Katana","Ibanda","1h","Destination_Zone_Resident","Study_Zone_Worker","ZoneGlobale","All_modes","135"
"2020-04-04","Katana","Ibanda","1h","Destination_Zone_Resident","Origin_Zone_Worker","ZoneGlobale","All_modes","45"
"2020-04-04","Katana","Ibanda","1h","Study_Zone_Resident","Outside_Worker","ZoneGlobale","All_modes","27"
"2020-04-04","Katana","Ibanda","1h","Study_Zone_Resident","Destination_Zone_Worker","ZoneGlobale","All_modes","173"
"2020-04-04","Katana","Ibanda","1h","Study_Zone_Resident","Study_Zone_Worker","ZoneGlobale","All_modes","380"
"2020-04-04","Katana","Ibanda","1h","Study_Zone_Resident","Origin_Zone_Worker","ZoneGlobale","All_modes","37"
"2020-04-04","Katana","Ibanda","1h","Origin_Zone_Resident","Outside_Worker","ZoneGlobale","All_modes","76"
"2020-04-04","Katana","Ibanda","1h","Origin_Zone_Resident","Destination_Zone_Worker","ZoneGlobale","All_modes","301"
"2020-04-04","Katana","Ibanda","1h","Origin_Zone_Resident","Study_Zone_Worker","ZoneGlobale","All_modes","172"
"2020-04-04","Katana","Ibanda","1h","Origin_Zone_Resident","Origin_Zone_Worker","ZoneGlobale","All_modes","656"
"2020-04-04","Katana","Ibanda","3h","Outside_Resident","Outside_Worker","ZoneGlobale","All_modes","319"
"2020-04-04","Katana","Ibanda","3h","Outside_Resident","Destination_Zone_Worker","ZoneGlobale","All_modes","306"
"2020-04-04","Katana","Ibanda","3h","Outside_Resident","Study_Zone_Worker","ZoneGlobale","All_modes","94"
"2020-04-04","Katana","Ibanda","3h","Outside_Resident","Origin_Zone_Worker","ZoneGlobale","All_modes","143"
"2020-04-04","Katana","Ibanda","3h","Destination_Zone_Resident","Destination_Zone_Worker","ZoneGlobale","All_modes","3391"
"2020-04-04","Katana","Ibanda","3h","Destination_Zone_Resident","Study_Zone_Worker","ZoneGlobale","All_modes","107"
"2020-04-04","Katana","Ibanda","3h","Destination_Zone_Resident","Origin_Zone_Worker","ZoneGlobale","All_modes","64"
"2020-04-04","Katana","Ibanda","3h","Study_Zone_Resident","Outside_Worker","ZoneGlobale","All_modes","30"
"2020-04-04","Katana","Ibanda","3h","Study_Zone_Resident","Destination_Zone_Worker","ZoneGlobale","All_modes","90"
"2020-04-04","Katana","Ibanda","3h","Study_Zone_Resident","Study_Zone_Worker","ZoneGlobale","All_modes","313"
"2020-04-04","Katana","Ibanda","3h","Origin_Zone_Resident","Outside_Worker","ZoneGlobale","All_modes","125"
"2020-04-04","Katana","Ibanda","3h","Origin_Zone_Resident","Destination_Zone_Worker","ZoneGlobale","All_modes","313"
"2020-04-04","Katana","Ibanda","3h","Origin_Zone_Resident","Study_Zone_Worker","ZoneGlobale","All_modes","219"
"2020-04-04","Katana","Ibanda","3h","Origin_Zone_Resident","Origin_Zone_Worker","ZoneGlobale","All_modes","1393"
"2020-04-04","Katana","Idjwi","1h","Outside_Resident","Outside_Worker","ZoneGlobale","All_modes","6724"
"2020-04-04","Katana","Idjwi","1h","Outside_Resident","Destination_Zone_Worker","ZoneGlobale","All_modes","4753"
"2020-04-04","Katana","Idjwi","1h","Outside_Resident","Study_Zone_Worker","ZoneGlobale","All_modes","179"
"2020-04-04","Katana","Idjwi","1h","Outside_Resident","Origin_Zone_Worker","ZoneGlobale","All_modes","1540"
"2020-04-04","Katana","Idjwi","1h","Destination_Zone_Resident","Outside_Worker","ZoneGlobale","All_modes","610"
"2020-04-04","Katana","Idjwi","1h","Destination_Zone_Resident","Destination_Zone_Worker","ZoneGlobale","All_modes","37351"
"2020-04-04","Katana","Idjwi","1h","Destination_Zone_Resident","Study_Zone_Worker","ZoneGlobale","All_modes","572"
"2020-04-04","Katana","Idjwi","1h","Destination_Zone_Resident","Origin_Zone_Worker","ZoneGlobale","All_modes","2313"
"2020-04-04","Katana","Idjwi","1h","Study_Zone_Resident","Outside_Worker","ZoneGlobale","All_modes","48"
"2020-04-04","Katana","Idjwi","1h","Study_Zone_Resident","Destination_Zone_Worker","ZoneGlobale","All_modes","797"
"2020-04-04","Katana","Idjwi","1h","Study_Zone_Resident","Study_Zone_Worker","ZoneGlobale","All_modes","3057"
"2020-04-04","Katana","Idjwi","1h","Study_Zone_Resident","Origin_Zone_Worker","ZoneGlobale","All_modes","115"
"2020-04-04","Katana","Idjwi","1h","Origin_Zone_Resident","Outside_Worker","ZoneGlobale","All_modes","715"
"2020-04-04","Katana","Idjwi","1h","Origin_Zone_Resident","Destination_Zone_Worker","ZoneGlobale","All_modes","11376"
"2020-04-04","Katana","Idjwi","1h","Origin_Zone_Resident","Study_Zone_Worker","ZoneGlobale","All_modes","251"
"2020-04-04","Katana","Idjwi","1h","Origin_Zone_Resident","Origin_Zone_Worker","ZoneGlobale","All_modes","18378"
"2020-04-04","Katana","Idjwi","3h","Outside_Resident","Outside_Worker","ZoneGlobale","All_modes","8459"
"2020-04-04","Katana","Idjwi","3h","Outside_Resident","Destination_Zone_Worker","ZoneGlobale","All_modes","5958"
"2020-04-04","Katana","Idjwi","3h","Outside_Resident","Study_Zone_Worker","ZoneGlobale","All_modes","466"
"2020-04-04","Katana","Idjwi","3h","Outside_Resident","Origin_Zone_Worker","ZoneGlobale","All_modes","2923"
"2020-04-04","Katana","Idjwi","3h","Destination_Zone_Resident","Outside_Worker","ZoneGlobale","All_modes","1007"
"2020-04-04","Katana","Idjwi","3h","Destination_Zone_Resident","Destination_Zone_Worker","ZoneGlobale","All_modes","29903"
"2020-04-04","Katana","Idjwi","3h","Destination_Zone_Resident","Study_Zone_Worker","ZoneGlobale","All_modes","387"
"2020-04-04","Katana","Idjwi","3h","Destination_Zone_Resident","Origin_Zone_Worker","ZoneGlobale","All_modes","2602"
"2020-04-04","Katana","Idjwi","3h","Study_Zone_Resident","Outside_Worker","ZoneGlobale","All_modes","123"
"2020-04-04","Katana","Idjwi","3h","Study_Zone_Resident","Destination_Zone_Worker","ZoneGlobale","All_modes","462"
"2020-04-04","Katana","Idjwi","3h","Study_Zone_Resident","Study_Zone_Worker","ZoneGlobale","All_modes","2326"
"2020-04-04","Katana","Idjwi","3h","Study_Zone_Resident","Origin_Zone_Worker","ZoneGlobale","All_modes","84"
"2020-04-04","Katana","Idjwi","3h","Origin_Zone_Resident","Outside_Worker","ZoneGlobale","All_modes","1215"
"2020-04-04","Katana","Idjwi","3h","Origin_Zone_Resident","Destination_Zone_Worker","ZoneGlobale","All_modes","12994"
"2020-04-04","Katana","Idjwi","3h","Origin_Zone_Resident","Study_Zone_Worker","ZoneGlobale","All_modes","198"
"2020-04-04","Katana","Idjwi","3h","Origin_Zone_Resident","Origin_Zone_Worker","ZoneGlobale","All_modes","22227"
"2020-04-04","Katana","Kabare","1h","Outside_Resident","Outside_Worker","ZoneGlobale","All_modes","61"
"2020-04-04","Katana","Kabare","1h","Outside_Resident","Destination_Zone_Worker","ZoneGlobale","All_modes","44"
"2020-04-04","Katana","Kabare","1h","Outside_Resident","Study_Zone_Worker","ZoneGlobale","All_modes","30"
"2020-04-04","Katana","Kabare","1h","Destination_Zone_Resident","Destination_Zone_Worker","ZoneGlobale","All_modes","90"
"2020-04-04","Katana","Kabare","1h","Study_Zone_Resident","Study_Zone_Worker","ZoneGlobale","All_modes","129"
"2020-04-04","Katana","Kabare","1h","Origin_Zone_Resident","Origin_Zone_Worker","ZoneGlobale","All_modes","31"
"2020-04-04","Katana","Kabare","3h","Outside_Resident","Outside_Worker","ZoneGlobale","All_modes","53"
"2020-04-04","Katana","Kabare","3h","Outside_Resident","Study_Zone_Worker","ZoneGlobale","All_modes","109"
"2020-04-04","Katana","Kabare","3h","Destination_Zone_Resident","Destination_Zone_Worker","ZoneGlobale","All_modes","39"
"2020-04-04","Katana","Kabare","3h","Study_Zone_Resident","Outside_Worker","ZoneGlobale","All_modes","21"
"2020-04-04","Katana","Kabare","3h","Study_Zone_Resident","Study_Zone_Worker","ZoneGlobale","All_modes","182"
"2020-04-04","Katana","Kabare","3h","Origin_Zone_Resident","Outside_Worker","ZoneGlobale","All_modes","22"
"2020-04-04","Katana","Kabare","3h","Origin_Zone_Resident","Study_Zone_Worker","ZoneGlobale","All_modes","51"
"2020-04-04","Katana","Kabare","3h","Origin_Zone_Resident","Origin_Zone_Worker","ZoneGlobale","All_modes","66"
"2020-04-04","Katana","Kalonge","3h","Origin_Zone_Resident","Origin_Zone_Worker","ZoneGlobale","All_modes","48"
"2020-04-04","Katana","Karisimbi","1h","Origin_Zone_Resident","Study_Zone_Worker","ZoneGlobale","All_modes","26"
"2020-04-04","Katana","Karisimbi","3h","Outside_Resident","Outside_Worker","ZoneGlobale","All_modes","42"
"2020-04-04","Katana","Karisimbi","3h","Origin_Zone_Resident","Study_Zone_Worker","ZoneGlobale","All_modes","26"
"2020-04-04","Katana","Kirotshe","3h","Destination_Zone_Resident","Destination_Zone_Worker","ZoneGlobale","All_modes","80"
"2020-04-04","Katana","Minova","1h","Outside_Resident","Outside_Worker","ZoneGlobale","All_modes","213"
"2020-04-04","Katana","Minova","1h","Outside_Resident","Destination_Zone_Worker","ZoneGlobale","All_modes","63"
"2020-04-04","Katana","Minova","1h","Outside_Resident","Study_Zone_Worker","ZoneGlobale","All_modes","113"
"2020-04-04","Katana","Minova","1h","Destination_Zone_Resident","Destination_Zone_Worker","ZoneGlobale","All_modes","442"
"2020-04-04","Katana","Minova","1h","Destination_Zone_Resident","Study_Zone_Worker","ZoneGlobale","All_modes","110"
"2020-04-04","Katana","Minova","1h","Destination_Zone_Resident","Origin_Zone_Worker","ZoneGlobale","All_modes","63"
"2020-04-04","Katana","Minova","1h","Study_Zone_Resident","Destination_Zone_Worker","ZoneGlobale","All_modes","34"
"2020-04-04","Katana","Minova","1h","Study_Zone_Resident","Study_Zone_Worker","ZoneGlobale","All_modes","488"
"2020-04-04","Katana","Minova","1h","Origin_Zone_Resident","Outside_Worker","ZoneGlobale","All_modes","52"
"2020-04-04","Katana","Minova","1h","Origin_Zone_Resident","Destination_Zone_Worker","ZoneGlobale","All_modes","82"
"2020-04-04","Katana","Minova","1h","Origin_Zone_Resident","Study_Zone_Worker","ZoneGlobale","All_modes","207"
"2020-04-04","Katana","Minova","1h","Origin_Zone_Resident","Origin_Zone_Worker","ZoneGlobale","All_modes","345"
"2020-04-04","Katana","Minova","3h","Outside_Resident","Outside_Worker","ZoneGlobale","All_modes","533"
"2020-04-04","Katana","Minova","3h","Outside_Resident","Destination_Zone_Worker","ZoneGlobale","All_modes","104"
"2020-04-04","Katana","Minova","3h","Outside_Resident","Study_Zone_Worker","ZoneGlobale","All_modes","249"
"2020-04-04","Katana","Minova","3h","Outside_Resident","Origin_Zone_Worker","ZoneGlobale","All_modes","52"
"2020-04-04","Katana","Minova","3h","Destination_Zone_Resident","Destination_Zone_Worker","ZoneGlobale","All_modes","501"
"2020-04-04","Katana","Minova","3h","Destination_Zone_Resident","Study_Zone_Worker","ZoneGlobale","All_modes","159"
"2020-04-04","Katana","Minova","3h","Destination_Zone_Resident","Origin_Zone_Worker","ZoneGlobale","All_modes","30"
"2020-04-04","Katana","Minova","3h","Study_Zone_Resident","Outside_Worker","ZoneGlobale","All_modes","35"
"2020-04-04","Katana","Minova","3h","Study_Zone_Resident","Destination_Zone_Worker","ZoneGlobale","All_modes","91"
"2020-04-04","Katana","Minova","3h","Study_Zone_Resident","Study_Zone_Worker","ZoneGlobale","All_modes","852"
"2020-04-04","Katana","Minova","3h","Origin_Zone_Resident","Outside_Worker","ZoneGlobale","All_modes","73"
"2020-04-04","Katana","Minova","3h","Origin_Zone_Resident","Destination_Zone_Worker","ZoneGlobale","All_modes","100"
"2020-04-04","Katana","Minova","3h","Origin_Zone_Resident","Study_Zone_Worker","ZoneGlobale","All_modes","341"
"2020-04-04","Katana","Minova","3h","Origin_Zone_Resident","Origin_Zone_Worker","ZoneGlobale","All_modes","366"
"2020-04-04","Katana","Walungu","3h","Outside_Resident","Outside_Worker","ZoneGlobale","All_modes","22"
"2020-04-04","Katwa","Alimbongo","1h","Outside_Resident","Origin_Zone_Worker","ZoneGlobale","All_modes","57"
"2020-04-04","Katwa","Alimbongo","1h","Destination_Zone_Resident","Destination_Zone_Worker","ZoneGlobale","All_modes","51"
"2020-04-04","Katwa","Alimbongo","3h","Outside_Resident","Destination_Zone_Worker","ZoneGlobale","All_modes","61"
"2020-04-04","Katwa","Alimbongo","3h","Outside_Resident","Study_Zone_Worker","ZoneGlobale","All_modes","26"
"2020-04-04","Katwa","Alimbongo","3h","Outside_Resident","Origin_Zone_Worker","ZoneGlobale","All_modes","55"
"2020-04-04","Katwa","Alimbongo","3h","Destination_Zone_Resident","Destination_Zone_Worker","ZoneGlobale","All_modes","80"
"2020-04-04","Katwa","Alimbongo","3h","Study_Zone_Resident","Study_Zone_Worker","ZoneGlobale","All_modes","58"
"2020-04-04","Katwa","Beni","1h","Outside_Resident","Outside_Worker","ZoneGlobale","All_modes","234"
"2020-04-04","Katwa","Beni","1h","Outside_Resident","Destination_Zone_Worker","ZoneGlobale","All_modes","108"
"2020-04-04","Katwa","Beni","1h","Outside_Resident","Origin_Zone_Worker","ZoneGlobale","All_modes","150"
"2020-04-04","Katwa","Beni","1h","Destination_Zone_Resident","Destination_Zone_Worker","ZoneGlobale","All_modes","850"
"2020-04-04","Katwa","Beni","1h","Destination_Zone_Resident","Origin_Zone_Worker","ZoneGlobale","All_modes","147"
"2020-04-04","Katwa","Beni","1h","Study_Zone_Resident","Destination_Zone_Worker","ZoneGlobale","All_modes","74"
"2020-04-04","Katwa","Beni","1h","Study_Zone_Resident","Study_Zone_Worker","ZoneGlobale","All_modes","250"
"2020-04-04","Katwa","Beni","1h","Study_Zone_Resident","Origin_Zone_Worker","ZoneGlobale","All_modes","60"
"2020-04-04","Katwa","Beni","1h","Origin_Zone_Resident","Outside_Worker","ZoneGlobale","All_modes","26"
"2020-04-04","Katwa","Beni","1h","Origin_Zone_Resident","Destination_Zone_Worker","ZoneGlobale","All_modes","28"
"2020-04-04","Katwa","Beni","1h","Origin_Zone_Resident","Study_Zone_Worker","ZoneGlobale","All_modes","108"
"2020-04-04","Katwa","Beni","1h","Origin_Zone_Resident","Origin_Zone_Worker","ZoneGlobale","All_modes","632"
"2020-04-04","Katwa","Beni","3h","Outside_Resident","Outside_Worker","ZoneGlobale","All_modes","525"
"2020-04-04","Katwa","Beni","3h","Outside_Resident","Destination_Zone_Worker","ZoneGlobale","All_modes","267"
"2020-04-04","Katwa","Beni","3h","Outside_Resident","Study_Zone_Worker","ZoneGlobale","All_modes","131"
"2020-04-04","Katwa","Beni","3h","Outside_Resident","Origin_Zone_Worker","ZoneGlobale","All_modes","345"
"2020-04-04","Katwa","Beni","3h","Destination_Zone_Resident","Outside_Worker","ZoneGlobale","All_modes","55"
"2020-04-04","Katwa","Beni","3h","Destination_Zone_Resident","Destination_Zone_Worker","ZoneGlobale","All_modes","1139"
"2020-04-04","Katwa","Beni","3h","Destination_Zone_Resident","Origin_Zone_Worker","ZoneGlobale","All_modes","138"
"2020-04-04","Katwa","Beni","3h","Study_Zone_Resident","Outside_Worker","ZoneGlobale","All_modes","72"
"2020-04-04","Katwa","Beni","3h","Study_Zone_Resident","Destination_Zone_Worker","ZoneGlobale","All_modes","113"
"2020-04-04","Katwa","Beni","3h","Study_Zone_Resident","Study_Zone_Worker","ZoneGlobale","All_modes","230"
"2020-04-04","Katwa","Beni","3h","Study_Zone_Resident","Origin_Zone_Worker","ZoneGlobale","All_modes","26"
"2020-04-04","Katwa","Beni","3h","Origin_Zone_Resident","Outside_Worker","ZoneGlobale","All_modes","82"
"2020-04-04","Katwa","Beni","3h","Origin_Zone_Resident","Study_Zone_Worker","ZoneGlobale","All_modes","52"
"2020-04-04","Katwa","Beni","3h","Origin_Zone_Resident","Origin_Zone_Worker","ZoneGlobale","All_modes","1180"
"2020-04-04","Katwa","Biena","1h","Outside_Resident","Outside_Worker","ZoneGlobale","All_modes","134"
"2020-04-04","Katwa","Biena","1h","Outside_Resident","Origin_Zone_Worker","ZoneGlobale","All_modes","91"
"2020-04-04","Katwa","Biena","1h","Destination_Zone_Resident","Destination_Zone_Worker","ZoneGlobale","All_modes","23"
"2020-04-04","Katwa","Biena","1h","Destination_Zone_Resident","Study_Zone_Worker","ZoneGlobale","All_modes","29"
"2020-04-04","Katwa","Biena","1h","Destination_Zone_Resident","Origin_Zone_Worker","ZoneGlobale","All_modes","158"
"2020-04-04","Katwa","Biena","1h","Study_Zone_Resident","Study_Zone_Worker","ZoneGlobale","All_modes","65"
"2020-04-04","Katwa","Biena","1h","Study_Zone_Resident","Origin_Zone_Worker","ZoneGlobale","All_modes","33"
"2020-04-04","Katwa","Biena","1h","Origin_Zone_Resident","Outside_Worker","ZoneGlobale","All_modes","33"
"2020-04-04","Katwa","Biena","1h","Origin_Zone_Resident","Origin_Zone_Worker","ZoneGlobale","All_modes","622"
"2020-04-04","Katwa","Biena","3h","Outside_Resident","Outside_Worker","ZoneGlobale","All_modes","209"
"2020-04-04","Katwa","Biena","3h","Outside_Resident","Study_Zone_Worker","ZoneGlobale","All_modes","22"
"2020-04-04","Katwa","Biena","3h","Outside_Resident","Origin_Zone_Worker","ZoneGlobale","All_modes","121"
"2020-04-04","Katwa","Biena","3h","Destination_Zone_Resident","Destination_Zone_Worker","ZoneGlobale","All_modes","23"
"2020-04-04","Katwa","Biena","3h","Destination_Zone_Resident","Origin_Zone_Worker","ZoneGlobale","All_modes","203"
"2020-04-04","Katwa","Biena","3h","Study_Zone_Resident","Study_Zone_Worker","ZoneGlobale","All_modes","82"
"2020-04-04","Katwa","Biena","3h","Origin_Zone_Resident","Outside_Worker","ZoneGlobale","All_modes","21"
"2020-04-04","Katwa","Biena","3h","Origin_Zone_Resident","Destination_Zone_Worker","ZoneGlobale","All_modes","26"
"2020-04-04","Katwa","Biena","3h","Origin_Zone_Resident","Study_Zone_Worker","ZoneGlobale","All_modes","56"
"2020-04-04","Katwa","Biena","3h","Origin_Zone_Resident","Origin_Zone_Worker","ZoneGlobale","All_modes","330"
"2020-04-04","Katwa","Binza","1h","Study_Zone_Resident","Study_Zone_Worker","ZoneGlobale","All_modes","21"
"2020-04-04","Katwa","Binza","1h","Study_Zone_Resident","Origin_Zone_Worker","ZoneGlobale","All_modes","26"
"2020-04-04","Katwa","Binza","3h","Study_Zone_Resident","Study_Zone_Worker","ZoneGlobale","All_modes","21"
"2020-04-04","Katwa","Binza","3h","Study_Zone_Resident","Origin_Zone_Worker","ZoneGlobale","All_modes","26"
"2020-04-04","Katwa","Binza","3h","Origin_Zone_Resident","Origin_Zone_Worker","ZoneGlobale","All_modes","40"
"2020-04-04","Katwa","Bunia","3h","Origin_Zone_Resident","Origin_Zone_Worker","ZoneGlobale","All_modes","77"
"2020-04-04","Katwa","Idjwi","1h","Study_Zone_Resident","Study_Zone_Worker","ZoneGlobale","All_modes","23"
"2020-04-04","Katwa","Karisimbi","1h","Outside_Resident","Outside_Worker","ZoneGlobale","All_modes","22"
"2020-04-04","Katwa","Karisimbi","1h","Outside_Resident","Origin_Zone_Worker","ZoneGlobale","All_modes","23"
"2020-04-04","Katwa","Karisimbi","3h","Outside_Resident","Origin_Zone_Worker","ZoneGlobale","All_modes","22"
"2020-04-04","Katwa","Kayna","1h","Outside_Resident","Outside_Worker","ZoneGlobale","All_modes","53"
"2020-04-04","Katwa","Kayna","1h","Outside_Resident","Study_Zone_Worker","ZoneGlobale","All_modes","22"
"2020-04-04","Katwa","Kayna","1h","Outside_Resident","Origin_Zone_Worker","ZoneGlobale","All_modes","26"
"2020-04-04","Katwa","Kayna","1h","Destination_Zone_Resident","Destination_Zone_Worker","ZoneGlobale","All_modes","26"
"2020-04-04","Katwa","Kayna","1h","Origin_Zone_Resident","Origin_Zone_Worker","ZoneGlobale","All_modes","25"
"2020-04-04","Katwa","Kayna","3h","Outside_Resident","Outside_Worker","ZoneGlobale","All_modes","25"
"2020-04-04","Katwa","Kayna","3h","Outside_Resident","Destination_Zone_Worker","ZoneGlobale","All_modes","23"
"2020-04-04","Katwa","Kayna","3h","Outside_Resident","Study_Zone_Worker","ZoneGlobale","All_modes","21"
"2020-04-04","Katwa","Kayna","3h","Outside_Resident","Origin_Zone_Worker","ZoneGlobale","All_modes","122"
"2020-04-04","Katwa","Kayna","3h","Destination_Zone_Resident","Destination_Zone_Worker","ZoneGlobale","All_modes","48"
"2020-04-04","Katwa","Kayna","3h","Origin_Zone_Resident","Outside_Worker","ZoneGlobale","All_modes","21"
"2020-04-04","Katwa","Kayna","3h","Origin_Zone_Resident","Origin_Zone_Worker","ZoneGlobale","All_modes","69"
"2020-04-04","Katwa","Komanda","1h","Outside_Resident","Outside_Worker","ZoneGlobale","All_modes","22"
"2020-04-04","Katwa","Komanda","1h","Outside_Resident","Origin_Zone_Worker","ZoneGlobale","All_modes","21"
"2020-04-04","Katwa","Komanda","1h","Origin_Zone_Resident","Origin_Zone_Worker","ZoneGlobale","All_modes","23"
"2020-04-04","Katwa","Komanda","3h","Outside_Resident","Outside_Worker","ZoneGlobale","All_modes","198"
"2020-04-04","Katwa","Komanda","3h","Outside_Resident","Destination_Zone_Worker","ZoneGlobale","All_modes","54"
"2020-04-04","Katwa","Komanda","3h","Outside_Resident","Study_Zone_Worker","ZoneGlobale","All_modes","60"
"2020-04-04","Katwa","Komanda","3h","Outside_Resident","Origin_Zone_Worker","ZoneGlobale","All_modes","251"
"2020-04-04","Katwa","Komanda","3h","Destination_Zone_Resident","Destination_Zone_Worker","ZoneGlobale","All_modes","51"
"2020-04-04","Katwa","Komanda","3h","Study_Zone_Resident","Outside_Worker","ZoneGlobale","All_modes","51"
"2020-04-04","Katwa","Komanda","3h","Study_Zone_Resident","Study_Zone_Worker","ZoneGlobale","All_modes","68"
"2020-04-04","Katwa","Komanda","3h","Study_Zone_Resident","Origin_Zone_Worker","ZoneGlobale","All_modes","25"
"2020-04-04","Katwa","Komanda","3h","Origin_Zone_Resident","Outside_Worker","ZoneGlobale","All_modes","54"
"2020-04-04","Katwa","Komanda","3h","Origin_Zone_Resident","Origin_Zone_Worker","ZoneGlobale","All_modes","285"
"2020-04-04","Katwa","Kyondo","1h","Outside_Resident","Outside_Worker","ZoneGlobale","All_modes","286"
"2020-04-04","Katwa","Kyondo","1h","Outside_Resident","Destination_Zone_Worker","ZoneGlobale","All_modes","48"
"2020-04-04","Katwa","Kyondo","1h","Outside_Resident","Origin_Zone_Worker","ZoneGlobale","All_modes","180"
"2020-04-04","Katwa","Kyondo","1h","Destination_Zone_Resident","Outside_Worker","ZoneGlobale","All_modes","23"
"2020-04-04","Katwa","Kyondo","1h","Destination_Zone_Resident","Destination_Zone_Worker","ZoneGlobale","All_modes","326"
"2020-04-04","Katwa","Kyondo","1h","Destination_Zone_Resident","Study_Zone_Worker","ZoneGlobale","All_modes","21"
"2020-04-04","Katwa","Kyondo","1h","Destination_Zone_Resident","Origin_Zone_Worker","ZoneGlobale","All_modes","283"
"2020-04-04","Katwa","Kyondo","1h","Study_Zone_Resident","Outside_Worker","ZoneGlobale","All_modes","48"
"2020-04-04","Katwa","Kyondo","1h","Study_Zone_Resident","Destination_Zone_Worker","ZoneGlobale","All_modes","22"
"2020-04-04","Katwa","Kyondo","1h","Study_Zone_Resident","Study_Zone_Worker","ZoneGlobale","All_modes","137"
"2020-04-04","Katwa","Kyondo","1h","Study_Zone_Resident","Origin_Zone_Worker","ZoneGlobale","All_modes","87"
"2020-04-04","Katwa","Kyondo","1h","Origin_Zone_Resident","Outside_Worker","ZoneGlobale","All_modes","25"
"2020-04-04","Katwa","Kyondo","1h","Origin_Zone_Resident","Study_Zone_Worker","ZoneGlobale","All_modes","71"
"2020-04-04","Katwa","Kyondo","1h","Origin_Zone_Resident","Origin_Zone_Worker","ZoneGlobale","All_modes","529"
"2020-04-04","Katwa","Kyondo","3h","Outside_Resident","Outside_Worker","ZoneGlobale","All_modes","876"
"2020-04-04","Katwa","Kyondo","3h","Outside_Resident","Destination_Zone_Worker","ZoneGlobale","All_modes","83"
"2020-04-04","Katwa","Kyondo","3h","Outside_Resident","Study_Zone_Worker","ZoneGlobale","All_modes","131"
"2020-04-04","Katwa","Kyondo","3h","Outside_Resident","Origin_Zone_Worker","ZoneGlobale","All_modes","421"
"2020-04-04","Katwa","Kyondo","3h","Destination_Zone_Resident","Destination_Zone_Worker","ZoneGlobale","All_modes","511"
"2020-04-04","Katwa","Kyondo","3h","Destination_Zone_Resident","Origin_Zone_Worker","ZoneGlobale","All_modes","512"
"2020-04-04","Katwa","Kyondo","3h","Study_Zone_Resident","Outside_Worker","ZoneGlobale","All_modes","131"
"2020-04-04","Katwa","Kyondo","3h","Study_Zone_Resident","Destination_Zone_Worker","ZoneGlobale","All_modes","22"
"2020-04-04","Katwa","Kyondo","3h","Study_Zone_Resident","Study_Zone_Worker","ZoneGlobale","All_modes","176"
"2020-04-04","Katwa","Kyondo","3h","Study_Zone_Resident","Origin_Zone_Worker","ZoneGlobale","All_modes","202"
"2020-04-04","Katwa","Kyondo","3h","Origin_Zone_Resident","Outside_Worker","ZoneGlobale","All_modes","49"
"2020-04-04","Katwa","Kyondo","3h","Origin_Zone_Resident","Destination_Zone_Worker","ZoneGlobale","All_modes","43"
"2020-04-04","Katwa","Kyondo","3h","Origin_Zone_Resident","Study_Zone_Worker","ZoneGlobale","All_modes","26"
"2020-04-04","Katwa","Kyondo","3h","Origin_Zone_Resident","Origin_Zone_Worker","ZoneGlobale","All_modes","751"
"2020-04-04","Katwa","Lubero","1h","Outside_Resident","Outside_Worker","ZoneGlobale","All_modes","89"
"2020-04-04","Katwa","Lubero","1h","Outside_Resident","Study_Zone_Worker","ZoneGlobale","All_modes","60"
"2020-04-04","Katwa","Lubero","1h","Outside_Resident","Origin_Zone_Worker","ZoneGlobale","All_modes","75"
"2020-04-04","Katwa","Lubero","1h","Destination_Zone_Resident","Origin_Zone_Worker","ZoneGlobale","All_modes","33"
"2020-04-04","Katwa","Lubero","1h","Study_Zone_Resident","Study_Zone_Worker","ZoneGlobale","All_modes","23"
"2020-04-04","Katwa","Lubero","1h","Study_Zone_Resident","Origin_Zone_Worker","ZoneGlobale","All_modes","23"
"2020-04-04","Katwa","Lubero","1h","Origin_Zone_Resident","Origin_Zone_Worker","ZoneGlobale","All_modes","921"
"2020-04-04","Katwa","Lubero","3h","Outside_Resident","Outside_Worker","ZoneGlobale","All_modes","128"
"2020-04-04","Katwa","Lubero","3h","Outside_Resident","Study_Zone_Worker","ZoneGlobale","All_modes","53"
"2020-04-04","Katwa","Lubero","3h","Outside_Resident","Origin_Zone_Worker","ZoneGlobale","All_modes","218"
"2020-04-04","Katwa","Lubero","3h","Destination_Zone_Resident","Outside_Worker","ZoneGlobale","All_modes","40"
"2020-04-04","Katwa","Lubero","3h","Destination_Zone_Resident","Destination_Zone_Worker","ZoneGlobale","All_modes","47"
"2020-04-04","Katwa","Lubero","3h","Destination_Zone_Resident","Origin_Zone_Worker","ZoneGlobale","All_modes","66"
"2020-04-04","Katwa","Lubero","3h","Study_Zone_Resident","Study_Zone_Worker","ZoneGlobale","All_modes","129"
"2020-04-04","Katwa","Lubero","3h","Study_Zone_Resident","Origin_Zone_Worker","ZoneGlobale","All_modes","50"
"2020-04-04","Katwa","Lubero","3h","Origin_Zone_Resident","Outside_Worker","ZoneGlobale","All_modes","21"
"2020-04-04","Katwa","Lubero","3h","Origin_Zone_Resident","Destination_Zone_Worker","ZoneGlobale","All_modes","21"
"2020-04-04","Katwa","Lubero","3h","Origin_Zone_Resident","Origin_Zone_Worker","ZoneGlobale","All_modes","770"
"2020-04-04","Katwa","Mambasa","1h","Outside_Resident","Study_Zone_Worker","ZoneGlobale","All_modes","33"
"2020-04-04","Katwa","Mambasa","1h","Destination_Zone_Resident","Destination_Zone_Worker","ZoneGlobale","All_modes","22"
"2020-04-04","Katwa","Mambasa","1h","Destination_Zone_Resident","Study_Zone_Worker","ZoneGlobale","All_modes","33"
"2020-04-04","Katwa","Mambasa","1h","Study_Zone_Resident","Study_Zone_Worker","ZoneGlobale","All_modes","26"
"2020-04-04","Katwa","Mambasa","3h","Outside_Resident","Outside_Worker","ZoneGlobale","All_modes","32"
"2020-04-04","Katwa","Mambasa","3h","Outside_Resident","Study_Zone_Worker","ZoneGlobale","All_modes","93"
"2020-04-04","Katwa","Mambasa","3h","Outside_Resident","Origin_Zone_Worker","ZoneGlobale","All_modes","95"
"2020-04-04","Katwa","Mambasa","3h","Destination_Zone_Resident","Outside_Worker","ZoneGlobale","All_modes","22"
"2020-04-04","Katwa","Mambasa","3h","Destination_Zone_Resident","Destination_Zone_Worker","ZoneGlobale","All_modes","33"
"2020-04-04","Katwa","Mambasa","3h","Destination_Zone_Resident","Origin_Zone_Worker","ZoneGlobale","All_modes","40"
"2020-04-04","Katwa","Mambasa","3h","Study_Zone_Resident","Study_Zone_Worker","ZoneGlobale","All_modes","100"
"2020-04-04","Katwa","Manguredjipa","1h","Outside_Resident","Outside_Worker","ZoneGlobale","All_modes","43"
"2020-04-04","Katwa","Manguredjipa","1h","Study_Zone_Resident","Origin_Zone_Worker","ZoneGlobale","All_modes","25"
"2020-04-04","Katwa","Manguredjipa","3h","Outside_Resident","Outside_Worker","ZoneGlobale","All_modes","29"
"2020-04-04","Katwa","Manguredjipa","3h","Outside_Resident","Destination_Zone_Worker","ZoneGlobale","All_modes","23"
"2020-04-04","Katwa","Manguredjipa","3h","Outside_Resident","Origin_Zone_Worker","ZoneGlobale","All_modes","29"
"2020-04-04","Katwa","Manguredjipa","3h","Destination_Zone_Resident","Destination_Zone_Worker","ZoneGlobale","All_modes","80"
"2020-04-04","Katwa","Manguredjipa","3h","Destination_Zone_Resident","Study_Zone_Worker","ZoneGlobale","All_modes","29"
"2020-04-04","Katwa","Manguredjipa","3h","Origin_Zone_Resident","Origin_Zone_Worker","ZoneGlobale","All_modes","90"
"2020-04-04","Katwa","Masereka","1h","Outside_Resident","Outside_Worker","ZoneGlobale","All_modes","61"
"2020-04-04","Katwa","Masereka","1h","Outside_Resident","Origin_Zone_Worker","ZoneGlobale","All_modes","21"
"2020-04-04","Katwa","Masereka","3h","Outside_Resident","Study_Zone_Worker","ZoneGlobale","All_modes","89"
"2020-04-04","Katwa","Masereka","3h","Outside_Resident","Origin_Zone_Worker","ZoneGlobale","All_modes","21"
"2020-04-04","Katwa","Musienene","1h","Outside_Resident","Outside_Worker","ZoneGlobale","All_modes","1192"
"2020-04-04","Katwa","Musienene","1h","Outside_Resident","Destination_Zone_Worker","ZoneGlobale","All_modes","208"
"2020-04-04","Katwa","Musienene","1h","Outside_Resident","Study_Zone_Worker","ZoneGlobale","All_modes","225"
"2020-04-04","Katwa","Musienene","1h","Outside_Resident","Origin_Zone_Worker","ZoneGlobale","All_modes","1639"
"2020-04-04","Katwa","Musienene","1h","Destination_Zone_Resident","Outside_Worker","ZoneGlobale","All_modes","320"
"2020-04-04","Katwa","Musienene","1h","Destination_Zone_Resident","Destination_Zone_Worker","ZoneGlobale","All_modes","1743"
"2020-04-04","Katwa","Musienene","1h","Destination_Zone_Resident","Study_Zone_Worker","ZoneGlobale","All_modes","192"
"2020-04-04","Katwa","Musienene","1h","Destination_Zone_Resident","Origin_Zone_Worker","ZoneGlobale","All_modes","2146"
"2020-04-04","Katwa","Musienene","1h","Study_Zone_Resident","Outside_Worker","ZoneGlobale","All_modes","26"
"2020-04-04","Katwa","Musienene","1h","Study_Zone_Resident","Study_Zone_Worker","ZoneGlobale","All_modes","751"
"2020-04-04","Katwa","Musienene","1h","Study_Zone_Resident","Origin_Zone_Worker","ZoneGlobale","All_modes","479"
"2020-04-04","Katwa","Musienene","1h","Origin_Zone_Resident","Outside_Worker","ZoneGlobale","All_modes","100"
"2020-04-04","Katwa","Musienene","1h","Origin_Zone_Resident","Destination_Zone_Worker","ZoneGlobale","All_modes","121"
"2020-04-04","Katwa","Musienene","1h","Origin_Zone_Resident","Study_Zone_Worker","ZoneGlobale","All_modes","237"
"2020-04-04","Katwa","Musienene","1h","Origin_Zone_Resident","Origin_Zone_Worker","ZoneGlobale","All_modes","5065"
"2020-04-04","Katwa","Musienene","3h","Outside_Resident","Outside_Worker","ZoneGlobale","All_modes","2909"
"2020-04-04","Katwa","Musienene","3h","Outside_Resident","Destination_Zone_Worker","ZoneGlobale","All_modes","615"
"2020-04-04","Katwa","Musienene","3h","Outside_Resident","Study_Zone_Worker","ZoneGlobale","All_modes","354"
"2020-04-04","Katwa","Musienene","3h","Outside_Resident","Origin_Zone_Worker","ZoneGlobale","All_modes","3662"
"2020-04-04","Katwa","Musienene","3h","Destination_Zone_Resident","Outside_Worker","ZoneGlobale","All_modes","180"
"2020-04-04","Katwa","Musienene","3h","Destination_Zone_Resident","Destination_Zone_Worker","ZoneGlobale","All_modes","1753"
"2020-04-04","Katwa","Musienene","3h","Destination_Zone_Resident","Study_Zone_Worker","ZoneGlobale","All_modes","116"
"2020-04-04","Katwa","Musienene","3h","Destination_Zone_Resident","Origin_Zone_Worker","ZoneGlobale","All_modes","3155"
"2020-04-04","Katwa","Musienene","3h","Study_Zone_Resident","Outside_Worker","ZoneGlobale","All_modes","43"
"2020-04-04","Katwa","Musienene","3h","Study_Zone_Resident","Study_Zone_Worker","ZoneGlobale","All_modes","569"
"2020-04-04","Katwa","Musienene","3h","Study_Zone_Resident","Origin_Zone_Worker","ZoneGlobale","All_modes","398"
"2020-04-04","Katwa","Musienene","3h","Origin_Zone_Resident","Outside_Worker","ZoneGlobale","All_modes","178"
"2020-04-04","Katwa","Musienene","3h","Origin_Zone_Resident","Destination_Zone_Worker","ZoneGlobale","All_modes","515"
"2020-04-04","Katwa","Musienene","3h","Origin_Zone_Resident","Study_Zone_Worker","ZoneGlobale","All_modes","203"
"2020-04-04","Katwa","Musienene","3h","Origin_Zone_Resident","Origin_Zone_Worker","ZoneGlobale","All_modes","5740"
"2020-04-04","Katwa","Mutwanga","1h","Outside_Resident","Outside_Worker","ZoneGlobale","All_modes","26"
"2020-04-04","Katwa","Mutwanga","1h","Outside_Resident","Destination_Zone_Worker","ZoneGlobale","All_modes","29"
"2020-04-04","Katwa","Mutwanga","1h","Outside_Resident","Origin_Zone_Worker","ZoneGlobale","All_modes","40"
"2020-04-04","Katwa","Mutwanga","1h","Destination_Zone_Resident","Destination_Zone_Worker","ZoneGlobale","All_modes","22"
"2020-04-04","Katwa","Mutwanga","1h","Study_Zone_Resident","Study_Zone_Worker","ZoneGlobale","All_modes","29"
"2020-04-04","Katwa","Mutwanga","1h","Origin_Zone_Resident","Study_Zone_Worker","ZoneGlobale","All_modes","31"
"2020-04-04","Katwa","Mutwanga","1h","Origin_Zone_Resident","Origin_Zone_Worker","ZoneGlobale","All_modes","131"
"2020-04-04","Katwa","Mutwanga","3h","Outside_Resident","Outside_Worker","ZoneGlobale","All_modes","119"
"2020-04-04","Katwa","Mutwanga","3h","Outside_Resident","Destination_Zone_Worker","ZoneGlobale","All_modes","55"
"2020-04-04","Katwa","Mutwanga","3h","Outside_Resident","Origin_Zone_Worker","ZoneGlobale","All_modes","102"
"2020-04-04","Katwa","Mutwanga","3h","Destination_Zone_Resident","Destination_Zone_Worker","ZoneGlobale","All_modes","52"
"2020-04-04","Katwa","Mutwanga","3h","Study_Zone_Resident","Destination_Zone_Worker","ZoneGlobale","All_modes","40"
"2020-04-04","Katwa","Mutwanga","3h","Study_Zone_Resident","Study_Zone_Worker","ZoneGlobale","All_modes","26"
"2020-04-04","Katwa","Mutwanga","3h","Origin_Zone_Resident","Study_Zone_Worker","ZoneGlobale","All_modes","21"
"2020-04-04","Katwa","Mutwanga","3h","Origin_Zone_Resident","Origin_Zone_Worker","ZoneGlobale","All_modes","256"
"2020-04-04","Katwa","Oicha","1h","Outside_Resident","Outside_Worker","ZoneGlobale","All_modes","60"
"2020-04-04","Katwa","Oicha","1h","Outside_Resident","Study_Zone_Worker","ZoneGlobale","All_modes","76"
"2020-04-04","Katwa","Oicha","1h","Destination_Zone_Resident","Outside_Worker","ZoneGlobale","All_modes","24"
"2020-04-04","Katwa","Oicha","1h","Study_Zone_Resident","Study_Zone_Worker","ZoneGlobale","All_modes","40"
"2020-04-04","Katwa","Oicha","1h","Origin_Zone_Resident","Origin_Zone_Worker","ZoneGlobale","All_modes","81"
"2020-04-04","Katwa","Oicha","3h","Outside_Resident","Outside_Worker","ZoneGlobale","All_modes","135"
"2020-04-04","Katwa","Oicha","3h","Outside_Resident","Destination_Zone_Worker","ZoneGlobale","All_modes","63"
"2020-04-04","Katwa","Oicha","3h","Outside_Resident","Origin_Zone_Worker","ZoneGlobale","All_modes","49"
"2020-04-04","Katwa","Oicha","3h","Destination_Zone_Resident","Outside_Worker","ZoneGlobale","All_modes","46"
"2020-04-04","Katwa","Oicha","3h","Destination_Zone_Resident","Destination_Zone_Worker","ZoneGlobale","All_modes","102"
"2020-04-04","Katwa","Oicha","3h","Destination_Zone_Resident","Study_Zone_Worker","ZoneGlobale","All_modes","29"
"2020-04-04","Katwa","Oicha","3h","Destination_Zone_Resident","Origin_Zone_Worker","ZoneGlobale","All_modes","33"
"2020-04-04","Katwa","Oicha","3h","Study_Zone_Resident","Destination_Zone_Worker","ZoneGlobale","All_modes","22"
"2020-04-04","Katwa","Oicha","3h","Study_Zone_Resident","Study_Zone_Worker","ZoneGlobale","All_modes","171"
"2020-04-04","Katwa","Oicha","3h","Origin_Zone_Resident","Origin_Zone_Worker","ZoneGlobale","All_modes","65"
"2020-04-04","Katwa","Vuhovi","1h","Outside_Resident","Outside_Worker","ZoneGlobale","All_modes","2425"
"2020-04-04","Katwa","Vuhovi","1h","Outside_Resident","Destination_Zone_Worker","ZoneGlobale","All_modes","891"
"2020-04-04","Katwa","Vuhovi","1h","Outside_Resident","Study_Zone_Worker","ZoneGlobale","All_modes","237"
"2020-04-04","Katwa","Vuhovi","1h","Outside_Resident","Origin_Zone_Worker","ZoneGlobale","All_modes","1569"
"2020-04-04","Katwa","Vuhovi","1h","Destination_Zone_Resident","Outside_Worker","ZoneGlobale","All_modes","193"
"2020-04-04","Katwa","Vuhovi","1h","Destination_Zone_Resident","Destination_Zone_Worker","ZoneGlobale","All_modes","3131"
"2020-04-04","Katwa","Vuhovi","1h","Destination_Zone_Resident","Study_Zone_Worker","ZoneGlobale","All_modes","171"
"2020-04-04","Katwa","Vuhovi","1h","Destination_Zone_Resident","Origin_Zone_Worker","ZoneGlobale","All_modes","2372"
"2020-04-04","Katwa","Vuhovi","1h","Study_Zone_Resident","Destination_Zone_Worker","ZoneGlobale","All_modes","635"
"2020-04-04","Katwa","Vuhovi","1h","Study_Zone_Resident","Study_Zone_Worker","ZoneGlobale","All_modes","821"
"2020-04-04","Katwa","Vuhovi","1h","Study_Zone_Resident","Origin_Zone_Worker","ZoneGlobale","All_modes","633"
"2020-04-04","Katwa","Vuhovi","1h","Origin_Zone_Resident","Outside_Worker","ZoneGlobale","All_modes","318"
"2020-04-04","Katwa","Vuhovi","1h","Origin_Zone_Resident","Destination_Zone_Worker","ZoneGlobale","All_modes","4291"
"2020-04-04","Katwa","Vuhovi","1h","Origin_Zone_Resident","Study_Zone_Worker","ZoneGlobale","All_modes","135"
"2020-04-04","Katwa","Vuhovi","1h","Origin_Zone_Resident","Origin_Zone_Worker","ZoneGlobale","All_modes","12134"
"2020-04-04","Katwa","Vuhovi","3h","Outside_Resident","Outside_Worker","ZoneGlobale","All_modes","2557"
"2020-04-04","Katwa","Vuhovi","3h","Outside_Resident","Destination_Zone_Worker","ZoneGlobale","All_modes","1001"
"2020-04-04","Katwa","Vuhovi","3h","Outside_Resident","Study_Zone_Worker","ZoneGlobale","All_modes","281"
"2020-04-04","Katwa","Vuhovi","3h","Outside_Resident","Origin_Zone_Worker","ZoneGlobale","All_modes","4156"
"2020-04-04","Katwa","Vuhovi","3h","Destination_Zone_Resident","Outside_Worker","ZoneGlobale","All_modes","251"
"2020-04-04","Katwa","Vuhovi","3h","Destination_Zone_Resident","Destination_Zone_Worker","ZoneGlobale","All_modes","2712"
"2020-04-04","Katwa","Vuhovi","3h","Destination_Zone_Resident","Study_Zone_Worker","ZoneGlobale","All_modes","108"
"2020-04-04","Katwa","Vuhovi","3h","Destination_Zone_Resident","Origin_Zone_Worker","ZoneGlobale","All_modes","2206"
"2020-04-04","Katwa","Vuhovi","3h","Study_Zone_Resident","Outside_Worker","ZoneGlobale","All_modes","26"
"2020-04-04","Katwa","Vuhovi","3h","Study_Zone_Resident","Destination_Zone_Worker","ZoneGlobale","All_modes","260"
"2020-04-04","Katwa","Vuhovi","3h","Study_Zone_Resident","Study_Zone_Worker","ZoneGlobale","All_modes","839"
"2020-04-04","Katwa","Vuhovi","3h","Study_Zone_Resident","Origin_Zone_Worker","ZoneGlobale","All_modes","447"
"2020-04-04","Katwa","Vuhovi","3h","Origin_Zone_Resident","Outside_Worker","ZoneGlobale","All_modes","535"
"2020-04-04","Katwa","Vuhovi","3h","Origin_Zone_Resident","Destination_Zone_Worker","ZoneGlobale","All_modes","4199"
"2020-04-04","Katwa","Vuhovi","3h","Origin_Zone_Resident","Study_Zone_Worker","ZoneGlobale","All_modes","129"
"2020-04-04","Katwa","Vuhovi","3h","Origin_Zone_Resident","Origin_Zone_Worker","ZoneGlobale","All_modes","10332"
"2020-04-04","Kayna","Alimbongo","1h","Outside_Resident","Outside_Worker","ZoneGlobale","All_modes","161"
"2020-04-04","Kayna","Alimbongo","1h","Outside_Resident","Destination_Zone_Worker","ZoneGlobale","All_modes","43"
"2020-04-04","Kayna","Alimbongo","1h","Outside_Resident","Study_Zone_Worker","ZoneGlobale","All_modes","76"
"2020-04-04","Kayna","Alimbongo","1h","Outside_Resident","Origin_Zone_Worker","ZoneGlobale","All_modes","102"
"2020-04-04","Kayna","Alimbongo","1h","Destination_Zone_Resident","Destination_Zone_Worker","ZoneGlobale","All_modes","303"
"2020-04-04","Kayna","Alimbongo","1h","Destination_Zone_Resident","Origin_Zone_Worker","ZoneGlobale","All_modes","94"
"2020-04-04","Kayna","Alimbongo","1h","Study_Zone_Resident","Destination_Zone_Worker","ZoneGlobale","All_modes","22"
"2020-04-04","Kayna","Alimbongo","1h","Study_Zone_Resident","Study_Zone_Worker","ZoneGlobale","All_modes","85"
"2020-04-04","Kayna","Alimbongo","1h","Origin_Zone_Resident","Origin_Zone_Worker","ZoneGlobale","All_modes","425"
"2020-04-04","Kayna","Alimbongo","3h","Outside_Resident","Outside_Worker","ZoneGlobale","All_modes","470"
"2020-04-04","Kayna","Alimbongo","3h","Outside_Resident","Destination_Zone_Worker","ZoneGlobale","All_modes","43"
"2020-04-04","Kayna","Alimbongo","3h","Outside_Resident","Study_Zone_Worker","ZoneGlobale","All_modes","95"
"2020-04-04","Kayna","Alimbongo","3h","Outside_Resident","Origin_Zone_Worker","ZoneGlobale","All_modes","294"
"2020-04-04","Kayna","Alimbongo","3h","Destination_Zone_Resident","Outside_Worker","ZoneGlobale","All_modes","73"
"2020-04-04","Kayna","Alimbongo","3h","Destination_Zone_Resident","Destination_Zone_Worker","ZoneGlobale","All_modes","172"
"2020-04-04","Kayna","Alimbongo","3h","Destination_Zone_Resident","Origin_Zone_Worker","ZoneGlobale","All_modes","241"
"2020-04-04","Kayna","Alimbongo","3h","Study_Zone_Resident","Destination_Zone_Worker","ZoneGlobale","All_modes","22"
"2020-04-04","Kayna","Alimbongo","3h","Study_Zone_Resident","Study_Zone_Worker","ZoneGlobale","All_modes","50"
"2020-04-04","Kayna","Alimbongo","3h","Study_Zone_Resident","Origin_Zone_Worker","ZoneGlobale","All_modes","26"
"2020-04-04","Kayna","Alimbongo","3h","Origin_Zone_Resident","Outside_Worker","ZoneGlobale","All_modes","52"
"2020-04-04","Kayna","Alimbongo","3h","Origin_Zone_Resident","Destination_Zone_Worker","ZoneGlobale","All_modes","81"
"2020-04-04","Kayna","Alimbongo","3h","Origin_Zone_Resident","Origin_Zone_Worker","ZoneGlobale","All_modes","1491"
"2020-04-04","Kayna","Beni","1h","Outside_Resident","Outside_Worker","ZoneGlobale","All_modes","23"
"2020-04-04","Kayna","Beni","3h","Outside_Resident","Study_Zone_Worker","ZoneGlobale","All_modes","26"
"2020-04-04","Kayna","Beni","3h","Study_Zone_Resident","Study_Zone_Worker","ZoneGlobale","All_modes","40"
"2020-04-04","Kayna","Beni","3h","Origin_Zone_Resident","Origin_Zone_Worker","ZoneGlobale","All_modes","23"
"2020-04-04","Kayna","Binza","1h","Outside_Resident","Outside_Worker","ZoneGlobale","All_modes","218"
"2020-04-04","Kayna","Binza","1h","Outside_Resident","Destination_Zone_Worker","ZoneGlobale","All_modes","118"
"2020-04-04","Kayna","Binza","1h","Outside_Resident","Study_Zone_Worker","ZoneGlobale","All_modes","116"
"2020-04-04","Kayna","Binza","1h","Outside_Resident","Origin_Zone_Worker","ZoneGlobale","All_modes","47"
"2020-04-04","Kayna","Binza","1h","Destination_Zone_Resident","Outside_Worker","ZoneGlobale","All_modes","109"
"2020-04-04","Kayna","Binza","1h","Destination_Zone_Resident","Destination_Zone_Worker","ZoneGlobale","All_modes","711"
"2020-04-04","Kayna","Binza","1h","Destination_Zone_Resident","Origin_Zone_Worker","ZoneGlobale","All_modes","26"
"2020-04-04","Kayna","Binza","1h","Study_Zone_Resident","Study_Zone_Worker","ZoneGlobale","All_modes","248"
"2020-04-04","Kayna","Binza","1h","Origin_Zone_Resident","Outside_Worker","ZoneGlobale","All_modes","25"
"2020-04-04","Kayna","Binza","1h","Origin_Zone_Resident","Destination_Zone_Worker","ZoneGlobale","All_modes","297"
"2020-04-04","Kayna","Binza","1h","Origin_Zone_Resident","Study_Zone_Worker","ZoneGlobale","All_modes","25"
"2020-04-04","Kayna","Binza","1h","Origin_Zone_Resident","Origin_Zone_Worker","ZoneGlobale","All_modes","462"
"2020-04-04","Kayna","Binza","3h","Outside_Resident","Outside_Worker","ZoneGlobale","All_modes","547"
"2020-04-04","Kayna","Binza","3h","Outside_Resident","Destination_Zone_Worker","ZoneGlobale","All_modes","284"
"2020-04-04","Kayna","Binza","3h","Outside_Resident","Study_Zone_Worker","ZoneGlobale","All_modes","118"
"2020-04-04","Kayna","Binza","3h","Outside_Resident","Origin_Zone_Worker","ZoneGlobale","All_modes","219"
"2020-04-04","Kayna","Binza","3h","Destination_Zone_Resident","Outside_Worker","ZoneGlobale","All_modes","68"
"2020-04-04","Kayna","Binza","3h","Destination_Zone_Resident","Destination_Zone_Worker","ZoneGlobale","All_modes","577"
"2020-04-04","Kayna","Binza","3h","Destination_Zone_Resident","Origin_Zone_Worker","ZoneGlobale","All_modes","63"
"2020-04-04","Kayna","Binza","3h","Study_Zone_Resident","Outside_Worker","ZoneGlobale","All_modes","21"
"2020-04-04","Kayna","Binza","3h","Study_Zone_Resident","Study_Zone_Worker","ZoneGlobale","All_modes","292"
"2020-04-04","Kayna","Binza","3h","Origin_Zone_Resident","Outside_Worker","ZoneGlobale","All_modes","29"
"2020-04-04","Kayna","Binza","3h","Origin_Zone_Resident","Destination_Zone_Worker","ZoneGlobale","All_modes","280"
"2020-04-04","Kayna","Binza","3h","Origin_Zone_Resident","Study_Zone_Worker","ZoneGlobale","All_modes","56"
"2020-04-04","Kayna","Binza","3h","Origin_Zone_Resident","Origin_Zone_Worker","ZoneGlobale","All_modes","860"
"2020-04-04","Kayna","Idjwi","3h","Destination_Zone_Resident","Destination_Zone_Worker","ZoneGlobale","All_modes","33"
"2020-04-04","Kayna","Karisimbi","1h","Outside_Resident","Destination_Zone_Worker","ZoneGlobale","All_modes","26"
"2020-04-04","Kayna","Karisimbi","1h","Outside_Resident","Study_Zone_Worker","ZoneGlobale","All_modes","47"
"2020-04-04","Kayna","Karisimbi","1h","Destination_Zone_Resident","Destination_Zone_Worker","ZoneGlobale","All_modes","33"
"2020-04-04","Kayna","Karisimbi","1h","Study_Zone_Resident","Study_Zone_Worker","ZoneGlobale","All_modes","22"
"2020-04-04","Kayna","Karisimbi","1h","Origin_Zone_Resident","Origin_Zone_Worker","ZoneGlobale","All_modes","59"
"2020-04-04","Kayna","Karisimbi","3h","Outside_Resident","Outside_Worker","ZoneGlobale","All_modes","64"
"2020-04-04","Kayna","Karisimbi","3h","Destination_Zone_Resident","Destination_Zone_Worker","ZoneGlobale","All_modes","23"
"2020-04-04","Kayna","Karisimbi","3h","Study_Zone_Resident","Study_Zone_Worker","ZoneGlobale","All_modes","170"
"2020-04-04","Kayna","Katwa","1h","Outside_Resident","Study_Zone_Worker","ZoneGlobale","All_modes","25"
"2020-04-04","Kayna","Katwa","1h","Destination_Zone_Resident","Outside_Worker","ZoneGlobale","All_modes","26"
"2020-04-04","Kayna","Katwa","1h","Study_Zone_Resident","Study_Zone_Worker","ZoneGlobale","All_modes","96"
"2020-04-04","Kayna","Katwa","1h","Origin_Zone_Resident","Origin_Zone_Worker","ZoneGlobale","All_modes","77"
"2020-04-04","Kayna","Katwa","3h","Outside_Resident","Outside_Worker","ZoneGlobale","All_modes","59"
"2020-04-04","Kayna","Katwa","3h","Outside_Resident","Destination_Zone_Worker","ZoneGlobale","All_modes","25"
"2020-04-04","Kayna","Katwa","3h","Outside_Resident","Study_Zone_Worker","ZoneGlobale","All_modes","44"
"2020-04-04","Kayna","Katwa","3h","Study_Zone_Resident","Study_Zone_Worker","ZoneGlobale","All_modes","138"
"2020-04-04","Kayna","Katwa","3h","Origin_Zone_Resident","Origin_Zone_Worker","ZoneGlobale","All_modes","132"
"2020-04-04","Kayna","Kibirizi","1h","Outside_Resident","Outside_Worker","ZoneGlobale","All_modes","337"
"2020-04-04","Kayna","Kibirizi","1h","Outside_Resident","Origin_Zone_Worker","ZoneGlobale","All_modes","71"
"2020-04-04","Kayna","Kibirizi","1h","Destination_Zone_Resident","Destination_Zone_Worker","ZoneGlobale","All_modes","1766"
"2020-04-04","Kayna","Kibirizi","1h","Destination_Zone_Resident","Study_Zone_Worker","ZoneGlobale","All_modes","26"
"2020-04-04","Kayna","Kibirizi","1h","Destination_Zone_Resident","Origin_Zone_Worker","ZoneGlobale","All_modes","157"
"2020-04-04","Kayna","Kibirizi","1h","Study_Zone_Resident","Destination_Zone_Worker","ZoneGlobale","All_modes","126"
"2020-04-04","Kayna","Kibirizi","1h","Study_Zone_Resident","Study_Zone_Worker","ZoneGlobale","All_modes","298"
"2020-04-04","Kayna","Kibirizi","1h","Origin_Zone_Resident","Outside_Worker","ZoneGlobale","All_modes","26"
"2020-04-04","Kayna","Kibirizi","1h","Origin_Zone_Resident","Destination_Zone_Worker","ZoneGlobale","All_modes","84"
"2020-04-04","Kayna","Kibirizi","1h","Origin_Zone_Resident","Study_Zone_Worker","ZoneGlobale","All_modes","26"
"2020-04-04","Kayna","Kibirizi","1h","Origin_Zone_Resident","Origin_Zone_Worker","ZoneGlobale","All_modes","844"
"2020-04-04","Kayna","Kibirizi","3h","Outside_Resident","Outside_Worker","ZoneGlobale","All_modes","322"
"2020-04-04","Kayna","Kibirizi","3h","Outside_Resident","Destination_Zone_Worker","ZoneGlobale","All_modes","52"
"2020-04-04","Kayna","Kibirizi","3h","Outside_Resident","Study_Zone_Worker","ZoneGlobale","All_modes","44"
"2020-04-04","Kayna","Kibirizi","3h","Outside_Resident","Origin_Zone_Worker","ZoneGlobale","All_modes","44"
"2020-04-04","Kayna","Kibirizi","3h","Destination_Zone_Resident","Outside_Worker","ZoneGlobale","All_modes","22"
"2020-04-04","Kayna","Kibirizi","3h","Destination_Zone_Resident","Destination_Zone_Worker","ZoneGlobale","All_modes","732"
"2020-04-04","Kayna","Kibirizi","3h","Destination_Zone_Resident","Study_Zone_Worker","ZoneGlobale","All_modes","78"
"2020-04-04","Kayna","Kibirizi","3h","Destination_Zone_Resident","Origin_Zone_Worker","ZoneGlobale","All_modes","163"
"2020-04-04","Kayna","Kibirizi","3h","Study_Zone_Resident","Destination_Zone_Worker","ZoneGlobale","All_modes","52"
"2020-04-04","Kayna","Kibirizi","3h","Study_Zone_Resident","Study_Zone_Worker","ZoneGlobale","All_modes","177"
"2020-04-04","Kayna","Kibirizi","3h","Study_Zone_Resident","Origin_Zone_Worker","ZoneGlobale","All_modes","22"
"2020-04-04","Kayna","Kibirizi","3h","Origin_Zone_Resident","Outside_Worker","ZoneGlobale","All_modes","52"
"2020-04-04","Kayna","Kibirizi","3h","Origin_Zone_Resident","Destination_Zone_Worker","ZoneGlobale","All_modes","193"
"2020-04-04","Kayna","Kibirizi","3h","Origin_Zone_Resident","Study_Zone_Worker","ZoneGlobale","All_modes","26"
"2020-04-04","Kayna","Kibirizi","3h","Origin_Zone_Resident","Origin_Zone_Worker","ZoneGlobale","All_modes","588"
"2020-04-04","Kayna","Lubero","1h","Outside_Resident","Outside_Worker","ZoneGlobale","All_modes","332"
"2020-04-04","Kayna","Lubero","1h","Outside_Resident","Destination_Zone_Worker","ZoneGlobale","All_modes","47"
"2020-04-04","Kayna","Lubero","1h","Outside_Resident","Origin_Zone_Worker","ZoneGlobale","All_modes","98"
"2020-04-04","Kayna","Lubero","1h","Destination_Zone_Resident","Destination_Zone_Worker","ZoneGlobale","All_modes","74"
"2020-04-04","Kayna","Lubero","1h","Study_Zone_Resident","Origin_Zone_Worker","ZoneGlobale","All_modes","21"
"2020-04-04","Kayna","Lubero","1h","Origin_Zone_Resident","Origin_Zone_Worker","ZoneGlobale","All_modes","490"
"2020-04-04","Kayna","Lubero","3h","Outside_Resident","Outside_Worker","ZoneGlobale","All_modes","235"
"2020-04-04","Kayna","Lubero","3h","Outside_Resident","Origin_Zone_Worker","ZoneGlobale","All_modes","109"
"2020-04-04","Kayna","Lubero","3h","Destination_Zone_Resident","Outside_Worker","ZoneGlobale","All_modes","114"
"2020-04-04","Kayna","Lubero","3h","Destination_Zone_Resident","Destination_Zone_Worker","ZoneGlobale","All_modes","316"
"2020-04-04","Kayna","Lubero","3h","Destination_Zone_Resident","Origin_Zone_Worker","ZoneGlobale","All_modes","52"
"2020-04-04","Kayna","Lubero","3h","Study_Zone_Resident","Study_Zone_Worker","ZoneGlobale","All_modes","21"
"2020-04-04","Kayna","Lubero","3h","Origin_Zone_Resident","Outside_Worker","ZoneGlobale","All_modes","47"
"2020-04-04","Kayna","Lubero","3h","Origin_Zone_Resident","Destination_Zone_Worker","ZoneGlobale","All_modes","27"
"2020-04-04","Kayna","Lubero","3h","Origin_Zone_Resident","Origin_Zone_Worker","ZoneGlobale","All_modes","848"
"2020-04-04","Kayna","Masereka","3h","Outside_Resident","Study_Zone_Worker","ZoneGlobale","All_modes","40"
"2020-04-04","Kayna","Musienene","1h","Outside_Resident","Outside_Worker","ZoneGlobale","All_modes","122"
"2020-04-04","Kayna","Musienene","1h","Outside_Resident","Destination_Zone_Worker","ZoneGlobale","All_modes","21"
"2020-04-04","Kayna","Musienene","1h","Outside_Resident","Study_Zone_Worker","ZoneGlobale","All_modes","60"
"2020-04-04","Kayna","Musienene","1h","Outside_Resident","Origin_Zone_Worker","ZoneGlobale","All_modes","26"
"2020-04-04","Kayna","Musienene","1h","Destination_Zone_Resident","Destination_Zone_Worker","ZoneGlobale","All_modes","104"
"2020-04-04","Kayna","Musienene","1h","Destination_Zone_Resident","Origin_Zone_Worker","ZoneGlobale","All_modes","29"
"2020-04-04","Kayna","Musienene","1h","Study_Zone_Resident","Study_Zone_Worker","ZoneGlobale","All_modes","146"
"2020-04-04","Kayna","Musienene","1h","Origin_Zone_Resident","Outside_Worker","ZoneGlobale","All_modes","29"
"2020-04-04","Kayna","Musienene","1h","Origin_Zone_Resident","Origin_Zone_Worker","ZoneGlobale","All_modes","101"
"2020-04-04","Kayna","Musienene","3h","Outside_Resident","Outside_Worker","ZoneGlobale","All_modes","184"
"2020-04-04","Kayna","Musienene","3h","Outside_Resident","Destination_Zone_Worker","ZoneGlobale","All_modes","21"
"2020-04-04","Kayna","Musienene","3h","Outside_Resident","Study_Zone_Worker","ZoneGlobale","All_modes","102"
"2020-04-04","Kayna","Musienene","3h","Destination_Zone_Resident","Destination_Zone_Worker","ZoneGlobale","All_modes","50"
"2020-04-04","Kayna","Musienene","3h","Destination_Zone_Resident","Study_Zone_Worker","ZoneGlobale","All_modes","23"
"2020-04-04","Kayna","Musienene","3h","Destination_Zone_Resident","Origin_Zone_Worker","ZoneGlobale","All_modes","38"
"2020-04-04","Kayna","Musienene","3h","Study_Zone_Resident","Destination_Zone_Worker","ZoneGlobale","All_modes","61"
"2020-04-04","Kayna","Musienene","3h","Study_Zone_Resident","Study_Zone_Worker","ZoneGlobale","All_modes","148"
"2020-04-04","Kayna","Musienene","3h","Origin_Zone_Resident","Outside_Worker","ZoneGlobale","All_modes","29"
"2020-04-04","Kayna","Musienene","3h","Origin_Zone_Resident","Destination_Zone_Worker","ZoneGlobale","All_modes","47"
"2020-04-04","Kayna","Musienene","3h","Origin_Zone_Resident","Study_Zone_Worker","ZoneGlobale","All_modes","55"
"2020-04-04","Kayna","Musienene","3h","Origin_Zone_Resident","Origin_Zone_Worker","ZoneGlobale","All_modes","109"
"2020-04-04","Kayna","Nyakunde","3h","Outside_Resident","Study_Zone_Worker","ZoneGlobale","All_modes","40"
"2020-04-04","Kayna","Nyiragongo","3h","Outside_Resident","Outside_Worker","ZoneGlobale","All_modes","27"
"2020-04-04","Kayna","Nyiragongo","3h","Study_Zone_Resident","Study_Zone_Worker","ZoneGlobale","All_modes","22"
"2020-04-04","Kayna","Rutshuru","1h","Outside_Resident","Outside_Worker","ZoneGlobale","All_modes","38"
"2020-04-04","Kayna","Rutshuru","1h","Outside_Resident","Study_Zone_Worker","ZoneGlobale","All_modes","76"
"2020-04-04","Kayna","Rutshuru","1h","Destination_Zone_Resident","Destination_Zone_Worker","ZoneGlobale","All_modes","26"
"2020-04-04","Kayna","Rutshuru","1h","Study_Zone_Resident","Study_Zone_Worker","ZoneGlobale","All_modes","54"
"2020-04-04","Kayna","Rutshuru","1h","Origin_Zone_Resident","Origin_Zone_Worker","ZoneGlobale","All_modes","26"
"2020-04-04","Kayna","Rutshuru","3h","Outside_Resident","Outside_Worker","ZoneGlobale","All_modes","61"
"2020-04-04","Kayna","Rutshuru","3h","Outside_Resident","Study_Zone_Worker","ZoneGlobale","All_modes","77"
"2020-04-04","Kayna","Rutshuru","3h","Destination_Zone_Resident","Destination_Zone_Worker","ZoneGlobale","All_modes","60"
"2020-04-04","Kayna","Rutshuru","3h","Study_Zone_Resident","Study_Zone_Worker","ZoneGlobale","All_modes","87"
"2020-04-04","Kayna","Rutshuru","3h","Origin_Zone_Resident","Origin_Zone_Worker","ZoneGlobale","All_modes","53"
"2020-04-04","Kayna","Rwanguba","3h","Outside_Resident","Outside_Worker","ZoneGlobale","All_modes","23"
"2020-04-04","Kayna","Rwanguba","3h","Study_Zone_Resident","Study_Zone_Worker","ZoneGlobale","All_modes","26"
"2020-04-04","Kayna","Vuhovi","3h","Outside_Resident","Outside_Worker","ZoneGlobale","All_modes","22"
"2020-04-04","Kayna","Vuhovi","3h","Origin_Zone_Resident","Origin_Zone_Worker","ZoneGlobale","All_modes","40"
"2020-04-04","Kenge","Boko","1h","Outside_Resident","Outside_Worker","ZoneGlobale","All_modes","1516"
"2020-04-04","Kenge","Boko","1h","Outside_Resident","Destination_Zone_Worker","ZoneGlobale","All_modes","1051"
"2020-04-04","Kenge","Boko","1h","Outside_Resident","Origin_Zone_Worker","ZoneGlobale","All_modes","234"
"2020-04-04","Kenge","Boko","1h","Destination_Zone_Resident","Destination_Zone_Worker","ZoneGlobale","All_modes","508"
"2020-04-04","Kenge","Boko","1h","Origin_Zone_Resident","Destination_Zone_Worker","ZoneGlobale","All_modes","767"
"2020-04-04","Kenge","Boko","3h","Outside_Resident","Outside_Worker","ZoneGlobale","All_modes","2642"
"2020-04-04","Kenge","Boko","3h","Outside_Resident","Destination_Zone_Worker","ZoneGlobale","All_modes","769"
"2020-04-04","Kenge","Boko","3h","Destination_Zone_Resident","Destination_Zone_Worker","ZoneGlobale","All_modes","234"
"2020-04-04","Kenge","Boko","3h","Destination_Zone_Resident","Origin_Zone_Worker","ZoneGlobale","All_modes","250"
"2020-04-04","Kenge","Boko","3h","Study_Zone_Resident","Study_Zone_Worker","ZoneGlobale","All_modes","261"
"2020-04-04","Kenge","Boko","3h","Origin_Zone_Resident","Outside_Worker","ZoneGlobale","All_modes","354"
"2020-04-04","Kenge","Boko","3h","Origin_Zone_Resident","Destination_Zone_Worker","ZoneGlobale","All_modes","500"
"2020-04-04","Kenge","Bolobo","1h","Outside_Resident","Outside_Worker","ZoneGlobale","All_modes","231"
"2020-04-04","Kenge","Kikongo","1h","Outside_Resident","Outside_Worker","ZoneGlobale","All_modes","525"
"2020-04-04","Kenge","Kikongo","1h","Outside_Resident","Destination_Zone_Worker","ZoneGlobale","All_modes","263"
"2020-04-04","Kenge","Kikongo","1h","Destination_Zone_Resident","Origin_Zone_Worker","ZoneGlobale","All_modes","315"
"2020-04-04","Kenge","Kikongo","1h","Origin_Zone_Resident","Outside_Worker","ZoneGlobale","All_modes","273"
"2020-04-04","Kenge","Kikongo","3h","Outside_Resident","Outside_Worker","ZoneGlobale","All_modes","257"
"2020-04-04","Kenge","Kikongo","3h","Outside_Resident","Destination_Zone_Worker","ZoneGlobale","All_modes","575"
"2020-04-04","Kenge","Kikongo","3h","Destination_Zone_Resident","Origin_Zone_Worker","ZoneGlobale","All_modes","315"
"2020-04-04","Kenge","Vanga","1h","Outside_Resident","Outside_Worker","ZoneGlobale","All_modes","496"
"2020-04-04","Kenge","Vanga","1h","Outside_Resident","Study_Zone_Worker","ZoneGlobale","All_modes","273"
"2020-04-04","Kenge","Vanga","1h","Study_Zone_Resident","Study_Zone_Worker","ZoneGlobale","All_modes","785"
"2020-04-04","Kenge","Vanga","3h","Outside_Resident","Outside_Worker","ZoneGlobale","All_modes","315"
"2020-04-04","Kenge","Vanga","3h","Outside_Resident","Origin_Zone_Worker","ZoneGlobale","All_modes","240"
"2020-04-04","Kenge","Vanga","3h","Destination_Zone_Resident","Origin_Zone_Worker","ZoneGlobale","All_modes","243"
"2020-04-04","Kenge","Vanga","3h","Study_Zone_Resident","Study_Zone_Worker","ZoneGlobale","All_modes","550"
"2020-04-04","Kenge","Vanga","3h","Origin_Zone_Resident","Origin_Zone_Worker","ZoneGlobale","All_modes","258"
"2020-04-04","Kibirizi","Binza","1h","Outside_Resident","Outside_Worker","ZoneGlobale","All_modes","223"
"2020-04-04","Kibirizi","Binza","1h","Destination_Zone_Resident","Outside_Worker","ZoneGlobale","All_modes","24"
"2020-04-04","Kibirizi","Binza","1h","Destination_Zone_Resident","Destination_Zone_Worker","ZoneGlobale","All_modes","98"
"2020-04-04","Kibirizi","Binza","1h","Study_Zone_Resident","Outside_Worker","ZoneGlobale","All_modes","22"
"2020-04-04","Kibirizi","Binza","1h","Study_Zone_Resident","Study_Zone_Worker","ZoneGlobale","All_modes","132"
"2020-04-04","Kibirizi","Binza","1h","Origin_Zone_Resident","Outside_Worker","ZoneGlobale","All_modes","33"
"2020-04-04","Kibirizi","Binza","1h","Origin_Zone_Resident","Study_Zone_Worker","ZoneGlobale","All_modes","21"
"2020-04-04","Kibirizi","Binza","1h","Origin_Zone_Resident","Origin_Zone_Worker","ZoneGlobale","All_modes","673"
"2020-04-04","Kibirizi","Binza","3h","Outside_Resident","Outside_Worker","ZoneGlobale","All_modes","323"
"2020-04-04","Kibirizi","Binza","3h","Outside_Resident","Destination_Zone_Worker","ZoneGlobale","All_modes","38"
"2020-04-04","Kibirizi","Binza","3h","Outside_Resident","Study_Zone_Worker","ZoneGlobale","All_modes","113"
"2020-04-04","Kibirizi","Binza","3h","Outside_Resident","Origin_Zone_Worker","ZoneGlobale","All_modes","172"
"2020-04-04","Kibirizi","Binza","3h","Destination_Zone_Resident","Destination_Zone_Worker","ZoneGlobale","All_modes","320"
"2020-04-04","Kibirizi","Binza","3h","Study_Zone_Resident","Outside_Worker","ZoneGlobale","All_modes","25"
"2020-04-04","Kibirizi","Binza","3h","Study_Zone_Resident","Study_Zone_Worker","ZoneGlobale","All_modes","96"
"2020-04-04","Kibirizi","Binza","3h","Origin_Zone_Resident","Outside_Worker","ZoneGlobale","All_modes","45"
"2020-04-04","Kibirizi","Binza","3h","Origin_Zone_Resident","Study_Zone_Worker","ZoneGlobale","All_modes","26"
"2020-04-04","Kibirizi","Binza","3h","Origin_Zone_Resident","Origin_Zone_Worker","ZoneGlobale","All_modes","574"
"2020-04-04","Kibirizi","Birambizo","1h","Outside_Resident","Outside_Worker","ZoneGlobale","All_modes","1092"
"2020-04-04","Kibirizi","Birambizo","1h","Outside_Resident","Destination_Zone_Worker","ZoneGlobale","All_modes","358"
"2020-04-04","Kibirizi","Birambizo","1h","Outside_Resident","Study_Zone_Worker","ZoneGlobale","All_modes","224"
"2020-04-04","Kibirizi","Birambizo","1h","Outside_Resident","Origin_Zone_Worker","ZoneGlobale","All_modes","441"
"2020-04-04","Kibirizi","Birambizo","1h","Destination_Zone_Resident","Outside_Worker","ZoneGlobale","All_modes","338"
"2020-04-04","Kibirizi","Birambizo","1h","Destination_Zone_Resident","Destination_Zone_Worker","ZoneGlobale","All_modes","2422"
"2020-04-04","Kibirizi","Birambizo","1h","Destination_Zone_Resident","Study_Zone_Worker","ZoneGlobale","All_modes","70"
"2020-04-04","Kibirizi","Birambizo","1h","Destination_Zone_Resident","Origin_Zone_Worker","ZoneGlobale","All_modes","1159"
"2020-04-04","Kibirizi","Birambizo","1h","Study_Zone_Resident","Destination_Zone_Worker","ZoneGlobale","All_modes","78"
"2020-04-04","Kibirizi","Birambizo","1h","Study_Zone_Resident","Study_Zone_Worker","ZoneGlobale","All_modes","713"
"2020-04-04","Kibirizi","Birambizo","1h","Study_Zone_Resident","Origin_Zone_Worker","ZoneGlobale","All_modes","153"
"2020-04-04","Kibirizi","Birambizo","1h","Origin_Zone_Resident","Outside_Worker","ZoneGlobale","All_modes","266"
"2020-04-04","Kibirizi","Birambizo","1h","Origin_Zone_Resident","Destination_Zone_Worker","ZoneGlobale","All_modes","1034"
"2020-04-04","Kibirizi","Birambizo","1h","Origin_Zone_Resident","Study_Zone_Worker","ZoneGlobale","All_modes","92"
"2020-04-04","Kibirizi","Birambizo","1h","Origin_Zone_Resident","Origin_Zone_Worker","ZoneGlobale","All_modes","4145"
"2020-04-04","Kibirizi","Birambizo","3h","Outside_Resident","Outside_Worker","ZoneGlobale","All_modes","1681"
"2020-04-04","Kibirizi","Birambizo","3h","Outside_Resident","Destination_Zone_Worker","ZoneGlobale","All_modes","351"
"2020-04-04","Kibirizi","Birambizo","3h","Outside_Resident","Study_Zone_Worker","ZoneGlobale","All_modes","338"
"2020-04-04","Kibirizi","Birambizo","3h","Outside_Resident","Origin_Zone_Worker","ZoneGlobale","All_modes","904"
"2020-04-04","Kibirizi","Birambizo","3h","Destination_Zone_Resident","Outside_Worker","ZoneGlobale","All_modes","429"
"2020-04-04","Kibirizi","Birambizo","3h","Destination_Zone_Resident","Destination_Zone_Worker","ZoneGlobale","All_modes","1324"
"2020-04-04","Kibirizi","Birambizo","3h","Destination_Zone_Resident","Study_Zone_Worker","ZoneGlobale","All_modes","40"
"2020-04-04","Kibirizi","Birambizo","3h","Destination_Zone_Resident","Origin_Zone_Worker","ZoneGlobale","All_modes","924"
"2020-04-04","Kibirizi","Birambizo","3h","Study_Zone_Resident","Outside_Worker","ZoneGlobale","All_modes","33"
"2020-04-04","Kibirizi","Birambizo","3h","Study_Zone_Resident","Destination_Zone_Worker","ZoneGlobale","All_modes","38"
"2020-04-04","Kibirizi","Birambizo","3h","Study_Zone_Resident","Study_Zone_Worker","ZoneGlobale","All_modes","735"
"2020-04-04","Kibirizi","Birambizo","3h","Study_Zone_Resident","Origin_Zone_Worker","ZoneGlobale","All_modes","23"
"2020-04-04","Kibirizi","Birambizo","3h","Origin_Zone_Resident","Outside_Worker","ZoneGlobale","All_modes","469"
"2020-04-04","Kibirizi","Birambizo","3h","Origin_Zone_Resident","Destination_Zone_Worker","ZoneGlobale","All_modes","1232"
"2020-04-04","Kibirizi","Birambizo","3h","Origin_Zone_Resident","Study_Zone_Worker","ZoneGlobale","All_modes","220"
"2020-04-04","Kibirizi","Birambizo","3h","Origin_Zone_Resident","Origin_Zone_Worker","ZoneGlobale","All_modes","5128"
"2020-04-04","Kibirizi","Idjwi","1h","Outside_Resident","Study_Zone_Worker","ZoneGlobale","All_modes","21"
"2020-04-04","Kibirizi","Idjwi","1h","Origin_Zone_Resident","Origin_Zone_Worker","ZoneGlobale","All_modes","26"
"2020-04-04","Kibirizi","Idjwi","3h","Outside_Resident","Outside_Worker","ZoneGlobale","All_modes","24"
"2020-04-04","Kibirizi","Idjwi","3h","Origin_Zone_Resident","Origin_Zone_Worker","ZoneGlobale","All_modes","26"
"2020-04-04","Kibirizi","Itebero","3h","Origin_Zone_Resident","Origin_Zone_Worker","ZoneGlobale","All_modes","23"
"2020-04-04","Kibirizi","Karisimbi","1h","Outside_Resident","Outside_Worker","ZoneGlobale","All_modes","52"
"2020-04-04","Kibirizi","Karisimbi","1h","Outside_Resident","Destination_Zone_Worker","ZoneGlobale","All_modes","106"
"2020-04-04","Kibirizi","Karisimbi","1h","Outside_Resident","Origin_Zone_Worker","ZoneGlobale","All_modes","53"
"2020-04-04","Kibirizi","Karisimbi","1h","Destination_Zone_Resident","Destination_Zone_Worker","ZoneGlobale","All_modes","51"
"2020-04-04","Kibirizi","Karisimbi","1h","Destination_Zone_Resident","Origin_Zone_Worker","ZoneGlobale","All_modes","25"
"2020-04-04","Kibirizi","Karisimbi","3h","Outside_Resident","Outside_Worker","ZoneGlobale","All_modes","180"
"2020-04-04","Kibirizi","Karisimbi","3h","Outside_Resident","Destination_Zone_Worker","ZoneGlobale","All_modes","82"
"2020-04-04","Kibirizi","Karisimbi","3h","Outside_Resident","Study_Zone_Worker","ZoneGlobale","All_modes","29"
"2020-04-04","Kibirizi","Karisimbi","3h","Outside_Resident","Origin_Zone_Worker","ZoneGlobale","All_modes","33"
"2020-04-04","Kibirizi","Karisimbi","3h","Destination_Zone_Resident","Destination_Zone_Worker","ZoneGlobale","All_modes","141"
"2020-04-04","Kibirizi","Karisimbi","3h","Destination_Zone_Resident","Study_Zone_Worker","ZoneGlobale","All_modes","47"
"2020-04-04","Kibirizi","Karisimbi","3h","Study_Zone_Resident","Study_Zone_Worker","ZoneGlobale","All_modes","33"
"2020-04-04","Kibirizi","Karisimbi","3h","Study_Zone_Resident","Origin_Zone_Worker","ZoneGlobale","All_modes","23"
"2020-04-04","Kibirizi","Karisimbi","3h","Origin_Zone_Resident","Destination_Zone_Worker","ZoneGlobale","All_modes","66"
"2020-04-04","Kibirizi","Karisimbi","3h","Origin_Zone_Resident","Study_Zone_Worker","ZoneGlobale","All_modes","23"
"2020-04-04","Kibirizi","Karisimbi","3h","Origin_Zone_Resident","Origin_Zone_Worker","ZoneGlobale","All_modes","229"
"2020-04-04","Kibirizi","Katwa","3h","Outside_Resident","Study_Zone_Worker","ZoneGlobale","All_modes","21"
"2020-04-04","Kibirizi","Kayna","1h","Outside_Resident","Outside_Worker","ZoneGlobale","All_modes","374"
"2020-04-04","Kibirizi","Kayna","1h","Outside_Resident","Destination_Zone_Worker","ZoneGlobale","All_modes","99"
"2020-04-04","Kibirizi","Kayna","1h","Outside_Resident","Study_Zone_Worker","ZoneGlobale","All_modes","26"
"2020-04-04","Kibirizi","Kayna","1h","Outside_Resident","Origin_Zone_Worker","ZoneGlobale","All_modes","72"
"2020-04-04","Kibirizi","Kayna","1h","Destination_Zone_Resident","Outside_Worker","ZoneGlobale","All_modes","21"
"2020-04-04","Kibirizi","Kayna","1h","Destination_Zone_Resident","Destination_Zone_Worker","ZoneGlobale","All_modes","995"
"2020-04-04","Kibirizi","Kayna","1h","Destination_Zone_Resident","Study_Zone_Worker","ZoneGlobale","All_modes","29"
"2020-04-04","Kibirizi","Kayna","1h","Destination_Zone_Resident","Origin_Zone_Worker","ZoneGlobale","All_modes","83"
"2020-04-04","Kibirizi","Kayna","1h","Study_Zone_Resident","Study_Zone_Worker","ZoneGlobale","All_modes","211"
"2020-04-04","Kibirizi","Kayna","1h","Study_Zone_Resident","Origin_Zone_Worker","ZoneGlobale","All_modes","52"
"2020-04-04","Kibirizi","Kayna","1h","Origin_Zone_Resident","Outside_Worker","ZoneGlobale","All_modes","55"
"2020-04-04","Kibirizi","Kayna","1h","Origin_Zone_Resident","Destination_Zone_Worker","ZoneGlobale","All_modes","274"
"2020-04-04","Kibirizi","Kayna","1h","Origin_Zone_Resident","Study_Zone_Worker","ZoneGlobale","All_modes","58"
"2020-04-04","Kibirizi","Kayna","1h","Origin_Zone_Resident","Origin_Zone_Worker","ZoneGlobale","All_modes","1439"
"2020-04-04","Kibirizi","Kayna","3h","Outside_Resident","Outside_Worker","ZoneGlobale","All_modes","364"
"2020-04-04","Kibirizi","Kayna","3h","Outside_Resident","Destination_Zone_Worker","ZoneGlobale","All_modes","59"
"2020-04-04","Kibirizi","Kayna","3h","Outside_Resident","Study_Zone_Worker","ZoneGlobale","All_modes","26"
"2020-04-04","Kibirizi","Kayna","3h","Outside_Resident","Origin_Zone_Worker","ZoneGlobale","All_modes","76"
"2020-04-04","Kibirizi","Kayna","3h","Destination_Zone_Resident","Outside_Worker","ZoneGlobale","All_modes","61"
"2020-04-04","Kibirizi","Kayna","3h","Destination_Zone_Resident","Destination_Zone_Worker","ZoneGlobale","All_modes","569"
"2020-04-04","Kibirizi","Kayna","3h","Destination_Zone_Resident","Origin_Zone_Worker","ZoneGlobale","All_modes","54"
"2020-04-04","Kibirizi","Kayna","3h","Study_Zone_Resident","Outside_Worker","ZoneGlobale","All_modes","25"
"2020-04-04","Kibirizi","Kayna","3h","Study_Zone_Resident","Study_Zone_Worker","ZoneGlobale","All_modes","137"
"2020-04-04","Kibirizi","Kayna","3h","Study_Zone_Resident","Origin_Zone_Worker","ZoneGlobale","All_modes","53"
"2020-04-04","Kibirizi","Kayna","3h","Origin_Zone_Resident","Outside_Worker","ZoneGlobale","All_modes","81"
"2020-04-04","Kibirizi","Kayna","3h","Origin_Zone_Resident","Destination_Zone_Worker","ZoneGlobale","All_modes","162"
"2020-04-04","Kibirizi","Kayna","3h","Origin_Zone_Resident","Study_Zone_Worker","ZoneGlobale","All_modes","47"
"2020-04-04","Kibirizi","Kayna","3h","Origin_Zone_Resident","Origin_Zone_Worker","ZoneGlobale","All_modes","949"
"2020-04-04","Kibirizi","Kirotshe","1h","Outside_Resident","Outside_Worker","ZoneGlobale","All_modes","26"
"2020-04-04","Kibirizi","Kirotshe","1h","Study_Zone_Resident","Destination_Zone_Worker","ZoneGlobale","All_modes","26"
"2020-04-04","Kibirizi","Kirotshe","1h","Study_Zone_Resident","Study_Zone_Worker","ZoneGlobale","All_modes","44"
"2020-04-04","Kibirizi","Kirotshe","1h","Origin_Zone_Resident","Study_Zone_Worker","ZoneGlobale","All_modes","29"
"2020-04-04","Kibirizi","Kirotshe","1h","Origin_Zone_Resident","Origin_Zone_Worker","ZoneGlobale","All_modes","110"
"2020-04-04","Kibirizi","Kirotshe","3h","Outside_Resident","Destination_Zone_Worker","ZoneGlobale","All_modes","26"
"2020-04-04","Kibirizi","Kirotshe","3h","Destination_Zone_Resident","Destination_Zone_Worker","ZoneGlobale","All_modes","22"
"2020-04-04","Kibirizi","Kirotshe","3h","Study_Zone_Resident","Study_Zone_Worker","ZoneGlobale","All_modes","38"
"2020-04-04","Kibirizi","Kirotshe","3h","Origin_Zone_Resident","Origin_Zone_Worker","ZoneGlobale","All_modes","23"
"2020-04-04","Kibirizi","Lubero","1h","Outside_Resident","Outside_Worker","ZoneGlobale","All_modes","221"
"2020-04-04","Kibirizi","Lubero","1h","Outside_Resident","Destination_Zone_Worker","ZoneGlobale","All_modes","48"
"2020-04-04","Kibirizi","Lubero","1h","Outside_Resident","Study_Zone_Worker","ZoneGlobale","All_modes","88"
"2020-04-04","Kibirizi","Lubero","1h","Outside_Resident","Origin_Zone_Worker","ZoneGlobale","All_modes","21"
"2020-04-04","Kibirizi","Lubero","1h","Destination_Zone_Resident","Outside_Worker","ZoneGlobale","All_modes","68"
"2020-04-04","Kibirizi","Lubero","1h","Destination_Zone_Resident","Destination_Zone_Worker","ZoneGlobale","All_modes","475"
"2020-04-04","Kibirizi","Lubero","1h","Destination_Zone_Resident","Origin_Zone_Worker","ZoneGlobale","All_modes","119"
"2020-04-04","Kibirizi","Lubero","1h","Study_Zone_Resident","Study_Zone_Worker","ZoneGlobale","All_modes","54"
"2020-04-04","Kibirizi","Lubero","1h","Origin_Zone_Resident","Destination_Zone_Worker","ZoneGlobale","All_modes","48"
"2020-04-04","Kibirizi","Lubero","1h","Origin_Zone_Resident","Origin_Zone_Worker","ZoneGlobale","All_modes","208"
"2020-04-04","Kibirizi","Lubero","3h","Outside_Resident","Outside_Worker","ZoneGlobale","All_modes","365"
"2020-04-04","Kibirizi","Lubero","3h","Outside_Resident","Destination_Zone_Worker","ZoneGlobale","All_modes","98"
"2020-04-04","Kibirizi","Lubero","3h","Outside_Resident","Origin_Zone_Worker","ZoneGlobale","All_modes","101"
"2020-04-04","Kibirizi","Lubero","3h","Destination_Zone_Resident","Outside_Worker","ZoneGlobale","All_modes","23"
"2020-04-04","Kibirizi","Lubero","3h","Destination_Zone_Resident","Destination_Zone_Worker","ZoneGlobale","All_modes","540"
"2020-04-04","Kibirizi","Lubero","3h","Destination_Zone_Resident","Study_Zone_Worker","ZoneGlobale","All_modes","22"
"2020-04-04","Kibirizi","Lubero","3h","Destination_Zone_Resident","Origin_Zone_Worker","ZoneGlobale","All_modes","64"
"2020-04-04","Kibirizi","Lubero","3h","Study_Zone_Resident","Study_Zone_Worker","ZoneGlobale","All_modes","82"
"2020-04-04","Kibirizi","Lubero","3h","Origin_Zone_Resident","Outside_Worker","ZoneGlobale","All_modes","90"
"2020-04-04","Kibirizi","Lubero","3h","Origin_Zone_Resident","Destination_Zone_Worker","ZoneGlobale","All_modes","82"
"2020-04-04","Kibirizi","Lubero","3h","Origin_Zone_Resident","Study_Zone_Worker","ZoneGlobale","All_modes","63"
"2020-04-04","Kibirizi","Lubero","3h","Origin_Zone_Resident","Origin_Zone_Worker","ZoneGlobale","All_modes","642"
"2020-04-04","Kibirizi","Masereka","3h","Outside_Resident","Origin_Zone_Worker","ZoneGlobale","All_modes","25"
"2020-04-04","Kibirizi","Masisi","3h","Study_Zone_Resident","Study_Zone_Worker","ZoneGlobale","All_modes","23"
"2020-04-04","Kibirizi","Minova","1h","Study_Zone_Resident","Study_Zone_Worker","ZoneGlobale","All_modes","25"
"2020-04-04","Kibirizi","Minova","1h","Origin_Zone_Resident","Origin_Zone_Worker","ZoneGlobale","All_modes","50"
"2020-04-04","Kibirizi","Minova","3h","Outside_Resident","Origin_Zone_Worker","ZoneGlobale","All_modes","25"
"2020-04-04","Kibirizi","Minova","3h","Study_Zone_Resident","Study_Zone_Worker","ZoneGlobale","All_modes","49"
"2020-04-04","Kibirizi","Minova","3h","Origin_Zone_Resident","Origin_Zone_Worker","ZoneGlobale","All_modes","23"
"2020-04-04","Kibirizi","Mweso","1h","Outside_Resident","Outside_Worker","ZoneGlobale","All_modes","573"
"2020-04-04","Kibirizi","Mweso","1h","Outside_Resident","Destination_Zone_Worker","ZoneGlobale","All_modes","340"
"2020-04-04","Kibirizi","Mweso","1h","Outside_Resident","Study_Zone_Worker","ZoneGlobale","All_modes","127"
"2020-04-04","Kibirizi","Mweso","1h","Outside_Resident","Origin_Zone_Worker","ZoneGlobale","All_modes","50"
"2020-04-04","Kibirizi","Mweso","1h","Destination_Zone_Resident","Outside_Worker","ZoneGlobale","All_modes","26"
"2020-04-04","Kibirizi","Mweso","1h","Destination_Zone_Resident","Destination_Zone_Worker","ZoneGlobale","All_modes","961"
"2020-04-04","Kibirizi","Mweso","1h","Destination_Zone_Resident","Study_Zone_Worker","ZoneGlobale","All_modes","183"
"2020-04-04","Kibirizi","Mweso","1h","Destination_Zone_Resident","Origin_Zone_Worker","ZoneGlobale","All_modes","115"
"2020-04-04","Kibirizi","Mweso","1h","Study_Zone_Resident","Outside_Worker","ZoneGlobale","All_modes","21"
"2020-04-04","Kibirizi","Mweso","1h","Study_Zone_Resident","Study_Zone_Worker","ZoneGlobale","All_modes","508"
"2020-04-04","Kibirizi","Mweso","1h","Origin_Zone_Resident","Outside_Worker","ZoneGlobale","All_modes","58"
"2020-04-04","Kibirizi","Mweso","1h","Origin_Zone_Resident","Destination_Zone_Worker","ZoneGlobale","All_modes","159"
"2020-04-04","Kibirizi","Mweso","1h","Origin_Zone_Resident","Study_Zone_Worker","ZoneGlobale","All_modes","167"
"2020-04-04","Kibirizi","Mweso","1h","Origin_Zone_Resident","Origin_Zone_Worker","ZoneGlobale","All_modes","1028"
"2020-04-04","Kibirizi","Mweso","3h","Outside_Resident","Outside_Worker","ZoneGlobale","All_modes","412"
"2020-04-04","Kibirizi","Mweso","3h","Outside_Resident","Destination_Zone_Worker","ZoneGlobale","All_modes","443"
"2020-04-04","Kibirizi","Mweso","3h","Outside_Resident","Study_Zone_Worker","ZoneGlobale","All_modes","96"
"2020-04-04","Kibirizi","Mweso","3h","Outside_Resident","Origin_Zone_Worker","ZoneGlobale","All_modes","94"
"2020-04-04","Kibirizi","Mweso","3h","Destination_Zone_Resident","Outside_Worker","ZoneGlobale","All_modes","141"
"2020-04-04","Kibirizi","Mweso","3h","Destination_Zone_Resident","Destination_Zone_Worker","ZoneGlobale","All_modes","1030"
"2020-04-04","Kibirizi","Mweso","3h","Destination_Zone_Resident","Study_Zone_Worker","ZoneGlobale","All_modes","100"
"2020-04-04","Kibirizi","Mweso","3h","Destination_Zone_Resident","Origin_Zone_Worker","ZoneGlobale","All_modes","192"
"2020-04-04","Kibirizi","Mweso","3h","Study_Zone_Resident","Outside_Worker","ZoneGlobale","All_modes","82"
"2020-04-04","Kibirizi","Mweso","3h","Study_Zone_Resident","Study_Zone_Worker","ZoneGlobale","All_modes","513"
"2020-04-04","Kibirizi","Mweso","3h","Origin_Zone_Resident","Outside_Worker","ZoneGlobale","All_modes","158"
"2020-04-04","Kibirizi","Mweso","3h","Origin_Zone_Resident","Destination_Zone_Worker","ZoneGlobale","All_modes","123"
"2020-04-04","Kibirizi","Mweso","3h","Origin_Zone_Resident","Study_Zone_Worker","ZoneGlobale","All_modes","211"
"2020-04-04","Kibirizi","Mweso","3h","Origin_Zone_Resident","Origin_Zone_Worker","ZoneGlobale","All_modes","1844"
"2020-04-04","Kibirizi","Nyiragongo","1h","Destination_Zone_Resident","Destination_Zone_Worker","ZoneGlobale","All_modes","26"
"2020-04-04","Kibirizi","Nyiragongo","1h","Study_Zone_Resident","Study_Zone_Worker","ZoneGlobale","All_modes","29"
"2020-04-04","Kibirizi","Nyiragongo","3h","Outside_Resident","Destination_Zone_Worker","ZoneGlobale","All_modes","23"
"2020-04-04","Kibirizi","Nyiragongo","3h","Outside_Resident","Origin_Zone_Worker","ZoneGlobale","All_modes","45"
"2020-04-04","Kibirizi","Rutshuru","1h","Outside_Resident","Outside_Worker","ZoneGlobale","All_modes","3612"
"2020-04-04","Kibirizi","Rutshuru","1h","Outside_Resident","Destination_Zone_Worker","ZoneGlobale","All_modes","1834"
"2020-04-04","Kibirizi","Rutshuru","1h","Outside_Resident","Study_Zone_Worker","ZoneGlobale","All_modes","339"
"2020-04-04","Kibirizi","Rutshuru","1h","Outside_Resident","Origin_Zone_Worker","ZoneGlobale","All_modes","904"
"2020-04-04","Kibirizi","Rutshuru","1h","Destination_Zone_Resident","Outside_Worker","ZoneGlobale","All_modes","517"
"2020-04-04","Kibirizi","Rutshuru","1h","Destination_Zone_Resident","Destination_Zone_Worker","ZoneGlobale","All_modes","9309"
"2020-04-04","Kibirizi","Rutshuru","1h","Destination_Zone_Resident","Study_Zone_Worker","ZoneGlobale","All_modes","115"
"2020-04-04","Kibirizi","Rutshuru","1h","Destination_Zone_Resident","Origin_Zone_Worker","ZoneGlobale","All_modes","620"
"2020-04-04","Kibirizi","Rutshuru","1h","Study_Zone_Resident","Destination_Zone_Worker","ZoneGlobale","All_modes","262"
"2020-04-04","Kibirizi","Rutshuru","1h","Study_Zone_Resident","Study_Zone_Worker","ZoneGlobale","All_modes","1179"
"2020-04-04","Kibirizi","Rutshuru","1h","Study_Zone_Resident","Origin_Zone_Worker","ZoneGlobale","All_modes","79"
"2020-04-04","Kibirizi","Rutshuru","1h","Origin_Zone_Resident","Outside_Worker","ZoneGlobale","All_modes","433"
"2020-04-04","Kibirizi","Rutshuru","1h","Origin_Zone_Resident","Destination_Zone_Worker","ZoneGlobale","All_modes","1833"
"2020-04-04","Kibirizi","Rutshuru","1h","Origin_Zone_Resident","Study_Zone_Worker","ZoneGlobale","All_modes","165"
"2020-04-04","Kibirizi","Rutshuru","1h","Origin_Zone_Resident","Origin_Zone_Worker","ZoneGlobale","All_modes","4240"
"2020-04-04","Kibirizi","Rutshuru","3h","Outside_Resident","Outside_Worker","ZoneGlobale","All_modes","4528"
"2020-04-04","Kibirizi","Rutshuru","3h","Outside_Resident","Destination_Zone_Worker","ZoneGlobale","All_modes","2865"
"2020-04-04","Kibirizi","Rutshuru","3h","Outside_Resident","Study_Zone_Worker","ZoneGlobale","All_modes","705"
"2020-04-04","Kibirizi","Rutshuru","3h","Outside_Resident","Origin_Zone_Worker","ZoneGlobale","All_modes","1209"
"2020-04-04","Kibirizi","Rutshuru","3h","Destination_Zone_Resident","Outside_Worker","ZoneGlobale","All_modes","506"
"2020-04-04","Kibirizi","Rutshuru","3h","Destination_Zone_Resident","Destination_Zone_Worker","ZoneGlobale","All_modes","7670"
"2020-04-04","Kibirizi","Rutshuru","3h","Destination_Zone_Resident","Study_Zone_Worker","ZoneGlobale","All_modes","111"
"2020-04-04","Kibirizi","Rutshuru","3h","Destination_Zone_Resident","Origin_Zone_Worker","ZoneGlobale","All_modes","892"
"2020-04-04","Kibirizi","Rutshuru","3h","Study_Zone_Resident","Outside_Worker","ZoneGlobale","All_modes","90"
"2020-04-04","Kibirizi","Rutshuru","3h","Study_Zone_Resident","Destination_Zone_Worker","ZoneGlobale","All_modes","184"
"2020-04-04","Kibirizi","Rutshuru","3h","Study_Zone_Resident","Study_Zone_Worker","ZoneGlobale","All_modes","1188"
"2020-04-04","Kibirizi","Rutshuru","3h","Study_Zone_Resident","Origin_Zone_Worker","ZoneGlobale","All_modes","165"
"2020-04-04","Kibirizi","Rutshuru","3h","Origin_Zone_Resident","Outside_Worker","ZoneGlobale","All_modes","933"
"2020-04-04","Kibirizi","Rutshuru","3h","Origin_Zone_Resident","Destination_Zone_Worker","ZoneGlobale","All_modes","2273"
"2020-04-04","Kibirizi","Rutshuru","3h","Origin_Zone_Resident","Study_Zone_Worker","ZoneGlobale","All_modes","249"
"2020-04-04","Kibirizi","Rutshuru","3h","Origin_Zone_Resident","Origin_Zone_Worker","ZoneGlobale","All_modes","6708"
"2020-04-04","Kibirizi","Rwanguba","1h","Study_Zone_Resident","Study_Zone_Worker","ZoneGlobale","All_modes","33"
"2020-04-04","Kibirizi","Rwanguba","1h","Origin_Zone_Resident","Origin_Zone_Worker","ZoneGlobale","All_modes","35"
"2020-04-04","Kibirizi","Rwanguba","3h","Outside_Resident","Outside_Worker","ZoneGlobale","All_modes","22"
"2020-04-04","Kibirizi","Rwanguba","3h","Outside_Resident","Destination_Zone_Worker","ZoneGlobale","All_modes","24"
"2020-04-04","Kibirizi","Rwanguba","3h","Destination_Zone_Resident","Destination_Zone_Worker","ZoneGlobale","All_modes","22"
"2020-04-04","Kibirizi","Rwanguba","3h","Study_Zone_Resident","Study_Zone_Worker","ZoneGlobale","All_modes","129"
"2020-04-04","Kibunzi","Inga","1h","Outside_Resident","Outside_Worker","ZoneGlobale","All_modes","24"
"2020-04-04","Kibunzi","Inga","1h","Outside_Resident","Destination_Zone_Worker","ZoneGlobale","All_modes","32"
"2020-04-04","Kibunzi","Inga","1h","Destination_Zone_Resident","Destination_Zone_Worker","ZoneGlobale","All_modes","99"
"2020-04-04","Kibunzi","Inga","3h","Destination_Zone_Resident","Destination_Zone_Worker","ZoneGlobale","All_modes","140"
"2020-04-04","Kibunzi","Nsona-Mpangu","1h","Outside_Resident","Outside_Worker","ZoneGlobale","All_modes","24"
"2020-04-04","Kibunzi","Seke-Banza","1h","Outside_Resident","Outside_Worker","ZoneGlobale","All_modes","31"
"2020-04-04","Kibunzi","Seke-Banza","3h","Outside_Resident","Outside_Worker","ZoneGlobale","All_modes","77"
"2020-04-04","Kibunzi","Seke-Banza","3h","Destination_Zone_Resident","Destination_Zone_Worker","ZoneGlobale","All_modes","52"
"2020-04-04","Kikimi","Barumbu","1h","Outside_Resident","Outside_Worker","ZoneGlobale","All_modes","28"
"2020-04-04","Kikimi","Barumbu","1h","Study_Zone_Resident","Study_Zone_Worker","ZoneGlobale","All_modes","28"
"2020-04-04","Kikimi","Barumbu","1h","Origin_Zone_Resident","Destination_Zone_Worker","ZoneGlobale","All_modes","29"
"2020-04-04","Kikimi","Barumbu","1h","Origin_Zone_Resident","Origin_Zone_Worker","ZoneGlobale","All_modes","49"
"2020-04-04","Kikimi","Barumbu","3h","Outside_Resident","Outside_Worker","ZoneGlobale","All_modes","68"
"2020-04-04","Kikimi","Barumbu","3h","Origin_Zone_Resident","Outside_Worker","ZoneGlobale","All_modes","27"
"2020-04-04","Kikimi","Barumbu","3h","Origin_Zone_Resident","Destination_Zone_Worker","ZoneGlobale","All_modes","51"
"2020-04-04","Kikimi","Barumbu","3h","Origin_Zone_Resident","Study_Zone_Worker","ZoneGlobale","All_modes","36"
"2020-04-04","Kikimi","Barumbu","3h","Origin_Zone_Resident","Origin_Zone_Worker","ZoneGlobale","All_modes","123"
"2020-04-04","Kikimi","Binza Meteo","1h","Outside_Resident","Outside_Worker","ZoneGlobale","All_modes","130"
"2020-04-04","Kikimi","Binza Meteo","1h","Study_Zone_Resident","Study_Zone_Worker","ZoneGlobale","All_modes","22"
"2020-04-04","Kikimi","Binza Meteo","3h","Outside_Resident","Outside_Worker","ZoneGlobale","All_modes","68"
"2020-04-04","Kikimi","Binza Meteo","3h","Destination_Zone_Resident","Destination_Zone_Worker","ZoneGlobale","All_modes","34"
"2020-04-04","Kikimi","Binza Meteo","3h","Study_Zone_Resident","Study_Zone_Worker","ZoneGlobale","All_modes","21"
"2020-04-04","Kikimi","Binza Meteo","3h","Origin_Zone_Resident","Origin_Zone_Worker","ZoneGlobale","All_modes","58"
"2020-04-04","Kikimi","Binza Ozone","1h","Outside_Resident","Outside_Worker","ZoneGlobale","All_modes","48"
"2020-04-04","Kikimi","Binza Ozone","3h","Outside_Resident","Outside_Worker","ZoneGlobale","All_modes","41"
"2020-04-04","Kikimi","Binza Ozone","3h","Origin_Zone_Resident","Origin_Zone_Worker","ZoneGlobale","All_modes","40"
"2020-04-04","Kikimi","Bumbu","1h","Origin_Zone_Resident","Origin_Zone_Worker","ZoneGlobale","All_modes","26"
"2020-04-04","Kikimi","Bumbu","3h","Outside_Resident","Outside_Worker","ZoneGlobale","All_modes","28"
"2020-04-04","Kikimi","Bumbu","3h","Origin_Zone_Resident","Origin_Zone_Worker","ZoneGlobale","All_modes","34"
"2020-04-04","Kikimi","Gombe","1h","Outside_Resident","Outside_Worker","ZoneGlobale","All_modes","127"
"2020-04-04","Kikimi","Gombe","1h","Destination_Zone_Resident","Destination_Zone_Worker","ZoneGlobale","All_modes","21"
"2020-04-04","Kikimi","Gombe","1h","Study_Zone_Resident","Outside_Worker","ZoneGlobale","All_modes","28"
"2020-04-04","Kikimi","Gombe","1h","Origin_Zone_Resident","Outside_Worker","ZoneGlobale","All_modes","46"
"2020-04-04","Kikimi","Gombe","1h","Origin_Zone_Resident","Destination_Zone_Worker","ZoneGlobale","All_modes","148"
"2020-04-04","Kikimi","Gombe","1h","Origin_Zone_Resident","Study_Zone_Worker","ZoneGlobale","All_modes","22"
"2020-04-04","Kikimi","Gombe","1h","Origin_Zone_Resident","Origin_Zone_Worker","ZoneGlobale","All_modes","153"
"2020-04-04","Kikimi","Gombe","3h","Outside_Resident","Outside_Worker","ZoneGlobale","All_modes","207"
"2020-04-04","Kikimi","Gombe","3h","Outside_Resident","Destination_Zone_Worker","ZoneGlobale","All_modes","28"
"2020-04-04","Kikimi","Gombe","3h","Outside_Resident","Study_Zone_Worker","ZoneGlobale","All_modes","27"
"2020-04-04","Kikimi","Gombe","3h","Destination_Zone_Resident","Destination_Zone_Worker","ZoneGlobale","All_modes","31"
"2020-04-04","Kikimi","Gombe","3h","Study_Zone_Resident","Destination_Zone_Worker","ZoneGlobale","All_modes","36"
"2020-04-04","Kikimi","Gombe","3h","Origin_Zone_Resident","Outside_Worker","ZoneGlobale","All_modes","84"
"2020-04-04","Kikimi","Gombe","3h","Origin_Zone_Resident","Destination_Zone_Worker","ZoneGlobale","All_modes","201"
"2020-04-04","Kikimi","Gombe","3h","Origin_Zone_Resident","Study_Zone_Worker","ZoneGlobale","All_modes","37"
"2020-04-04","Kikimi","Gombe","3h","Origin_Zone_Resident","Origin_Zone_Worker","ZoneGlobale","All_modes","224"
"2020-04-04","Kikimi","Kalamu I","1h","Outside_Resident","Outside_Worker","ZoneGlobale","All_modes","34"
"2020-04-04","Kikimi","Kalamu I","3h","Outside_Resident","Outside_Worker","ZoneGlobale","All_modes","47"
"2020-04-04","Kikimi","Kalamu I","3h","Destination_Zone_Resident","Destination_Zone_Worker","ZoneGlobale","All_modes","35"
"2020-04-04","Kikimi","Kalamu I","3h","Study_Zone_Resident","Study_Zone_Worker","ZoneGlobale","All_modes","21"
"2020-04-04","Kikimi","Kalamu I","3h","Origin_Zone_Resident","Origin_Zone_Worker","ZoneGlobale","All_modes","36"
"2020-04-04","Kikimi","Kalamu II","1h","Origin_Zone_Resident","Destination_Zone_Worker","ZoneGlobale","All_modes","28"
"2020-04-04","Kikimi","Kalamu II","1h","Origin_Zone_Resident","Origin_Zone_Worker","ZoneGlobale","All_modes","67"
"2020-04-04","Kikimi","Kalamu II","3h","Outside_Resident","Outside_Worker","ZoneGlobale","All_modes","118"
"2020-04-04","Kikimi","Kalamu II","3h","Study_Zone_Resident","Study_Zone_Worker","ZoneGlobale","All_modes","40"
"2020-04-04","Kikimi","Kalamu II","3h","Origin_Zone_Resident","Outside_Worker","ZoneGlobale","All_modes","42"
"2020-04-04","Kikimi","Kalamu II","3h","Origin_Zone_Resident","Destination_Zone_Worker","ZoneGlobale","All_modes","59"
"2020-04-04","Kikimi","Kalamu II","3h","Origin_Zone_Resident","Study_Zone_Worker","ZoneGlobale","All_modes","21"
"2020-04-04","Kikimi","Kalamu II","3h","Origin_Zone_Resident","Origin_Zone_Worker","ZoneGlobale","All_modes","112"
"2020-04-04","Kikimi","Kasa-Vubu","1h","Outside_Resident","Outside_Worker","ZoneGlobale","All_modes","29"
"2020-04-04","Kikimi","Kasa-Vubu","1h","Origin_Zone_Resident","Outside_Worker","ZoneGlobale","All_modes","29"
"2020-04-04","Kikimi","Kasa-Vubu","1h","Origin_Zone_Resident","Destination_Zone_Worker","ZoneGlobale","All_modes","36"
"2020-04-04","Kikimi","Kasa-Vubu","1h","Origin_Zone_Resident","Origin_Zone_Worker","ZoneGlobale","All_modes","58"
"2020-04-04","Kikimi","Kasa-Vubu","3h","Outside_Resident","Outside_Worker","ZoneGlobale","All_modes","55"
"2020-04-04","Kikimi","Kasa-Vubu","3h","Origin_Zone_Resident","Outside_Worker","ZoneGlobale","All_modes","29"
"2020-04-04","Kikimi","Kasa-Vubu","3h","Origin_Zone_Resident","Destination_Zone_Worker","ZoneGlobale","All_modes","56"
"2020-04-04","Kikimi","Kasa-Vubu","3h","Origin_Zone_Resident","Origin_Zone_Worker","ZoneGlobale","All_modes","96"
"2020-04-04","Kikimi","Kimbanseke","1h","Outside_Resident","Outside_Worker","ZoneGlobale","All_modes","2629"
"2020-04-04","Kikimi","Kimbanseke","1h","Outside_Resident","Destination_Zone_Worker","ZoneGlobale","All_modes","455"
"2020-04-04","Kikimi","Kimbanseke","1h","Outside_Resident","Study_Zone_Worker","ZoneGlobale","All_modes","129"
"2020-04-04","Kikimi","Kimbanseke","1h","Outside_Resident","Origin_Zone_Worker","ZoneGlobale","All_modes","394"
"2020-04-04","Kikimi","Kimbanseke","1h","Destination_Zone_Resident","Outside_Worker","ZoneGlobale","All_modes","282"
"2020-04-04","Kikimi","Kimbanseke","1h","Destination_Zone_Resident","Destination_Zone_Worker","ZoneGlobale","All_modes","5048"
"2020-04-04","Kikimi","Kimbanseke","1h","Destination_Zone_Resident","Study_Zone_Worker","ZoneGlobale","All_modes","169"
"2020-04-04","Kikimi","Kimbanseke","1h","Destination_Zone_Resident","Origin_Zone_Worker","ZoneGlobale","All_modes","616"
"2020-04-04","Kikimi","Kimbanseke","1h","Study_Zone_Resident","Outside_Worker","ZoneGlobale","All_modes","40"
"2020-04-04","Kikimi","Kimbanseke","1h","Study_Zone_Resident","Destination_Zone_Worker","ZoneGlobale","All_modes","154"
"2020-04-04","Kikimi","Kimbanseke","1h","Study_Zone_Resident","Study_Zone_Worker","ZoneGlobale","All_modes","716"
"2020-04-04","Kikimi","Kimbanseke","1h","Study_Zone_Resident","Origin_Zone_Worker","ZoneGlobale","All_modes","81"
"2020-04-04","Kikimi","Kimbanseke","1h","Origin_Zone_Resident","Outside_Worker","ZoneGlobale","All_modes","378"
"2020-04-04","Kikimi","Kimbanseke","1h","Origin_Zone_Resident","Destination_Zone_Worker","ZoneGlobale","All_modes","1660"
"2020-04-04","Kikimi","Kimbanseke","1h","Origin_Zone_Resident","Study_Zone_Worker","ZoneGlobale","All_modes","234"
"2020-04-04","Kikimi","Kimbanseke","1h","Origin_Zone_Resident","Origin_Zone_Worker","ZoneGlobale","All_modes","4530"
"2020-04-04","Kikimi","Kimbanseke","3h","Outside_Resident","Outside_Worker","ZoneGlobale","All_modes","2961"
"2020-04-04","Kikimi","Kimbanseke","3h","Outside_Resident","Destination_Zone_Worker","ZoneGlobale","All_modes","575"
"2020-04-04","Kikimi","Kimbanseke","3h","Outside_Resident","Study_Zone_Worker","ZoneGlobale","All_modes","180"
"2020-04-04","Kikimi","Kimbanseke","3h","Outside_Resident","Origin_Zone_Worker","ZoneGlobale","All_modes","634"
"2020-04-04","Kikimi","Kimbanseke","3h","Destination_Zone_Resident","Outside_Worker","ZoneGlobale","All_modes","371"
"2020-04-04","Kikimi","Kimbanseke","3h","Destination_Zone_Resident","Destination_Zone_Worker","ZoneGlobale","All_modes","4133"
"2020-04-04","Kikimi","Kimbanseke","3h","Destination_Zone_Resident","Study_Zone_Worker","ZoneGlobale","All_modes","282"
"2020-04-04","Kikimi","Kimbanseke","3h","Destination_Zone_Resident","Origin_Zone_Worker","ZoneGlobale","All_modes","532"
"2020-04-04","Kikimi","Kimbanseke","3h","Study_Zone_Resident","Outside_Worker","ZoneGlobale","All_modes","33"
"2020-04-04","Kikimi","Kimbanseke","3h","Study_Zone_Resident","Destination_Zone_Worker","ZoneGlobale","All_modes","84"
"2020-04-04","Kikimi","Kimbanseke","3h","Study_Zone_Resident","Study_Zone_Worker","ZoneGlobale","All_modes","549"
"2020-04-04","Kikimi","Kimbanseke","3h","Study_Zone_Resident","Origin_Zone_Worker","ZoneGlobale","All_modes","27"
"2020-04-04","Kikimi","Kimbanseke","3h","Origin_Zone_Resident","Outside_Worker","ZoneGlobale","All_modes","797"
"2020-04-04","Kikimi","Kimbanseke","3h","Origin_Zone_Resident","Destination_Zone_Worker","ZoneGlobale","All_modes","1939"
"2020-04-04","Kikimi","Kimbanseke","3h","Origin_Zone_Resident","Study_Zone_Worker","ZoneGlobale","All_modes","421"
"2020-04-04","Kikimi","Kimbanseke","3h","Origin_Zone_Resident","Origin_Zone_Worker","ZoneGlobale","All_modes","5397"
"2020-04-04","Kikimi","Kingabwa","1h","Outside_Resident","Outside_Worker","ZoneGlobale","All_modes","49"
"2020-04-04","Kikimi","Kingabwa","1h","Destination_Zone_Resident","Destination_Zone_Worker","ZoneGlobale","All_modes","35"
"2020-04-04","Kikimi","Kingabwa","1h","Study_Zone_Resident","Study_Zone_Worker","ZoneGlobale","All_modes","43"
"2020-04-04","Kikimi","Kingabwa","1h","Origin_Zone_Resident","Outside_Worker","ZoneGlobale","All_modes","37"
"2020-04-04","Kikimi","Kingabwa","1h","Origin_Zone_Resident","Destination_Zone_Worker","ZoneGlobale","All_modes","64"
"2020-04-04","Kikimi","Kingabwa","1h","Origin_Zone_Resident","Origin_Zone_Worker","ZoneGlobale","All_modes","82"
"2020-04-04","Kikimi","Kingabwa","3h","Outside_Resident","Outside_Worker","ZoneGlobale","All_modes","132"
"2020-04-04","Kikimi","Kingabwa","3h","Outside_Resident","Destination_Zone_Worker","ZoneGlobale","All_modes","22"
"2020-04-04","Kikimi","Kingabwa","3h","Outside_Resident","Study_Zone_Worker","ZoneGlobale","All_modes","35"
"2020-04-04","Kikimi","Kingabwa","3h","Destination_Zone_Resident","Destination_Zone_Worker","ZoneGlobale","All_modes","43"
"2020-04-04","Kikimi","Kingabwa","3h","Study_Zone_Resident","Study_Zone_Worker","ZoneGlobale","All_modes","57"
"2020-04-04","Kikimi","Kingabwa","3h","Origin_Zone_Resident","Outside_Worker","ZoneGlobale","All_modes","67"
"2020-04-04","Kikimi","Kingabwa","3h","Origin_Zone_Resident","Destination_Zone_Worker","ZoneGlobale","All_modes","87"
"2020-04-04","Kikimi","Kingabwa","3h","Origin_Zone_Resident","Study_Zone_Worker","ZoneGlobale","All_modes","50"
"2020-04-04","Kikimi","Kingabwa","3h","Origin_Zone_Resident","Origin_Zone_Worker","ZoneGlobale","All_modes","210"
"2020-04-04","Kikimi","Kinshasa","1h","Outside_Resident","Outside_Worker","ZoneGlobale","All_modes","35"
"2020-04-04","Kikimi","Kinshasa","1h","Destination_Zone_Resident","Destination_Zone_Worker","ZoneGlobale","All_modes","23"
"2020-04-04","Kikimi","Kinshasa","1h","Origin_Zone_Resident","Origin_Zone_Worker","ZoneGlobale","All_modes","75"
"2020-04-04","Kikimi","Kinshasa","3h","Outside_Resident","Outside_Worker","ZoneGlobale","All_modes","28"
"2020-04-04","Kikimi","Kinshasa","3h","Outside_Resident","Destination_Zone_Worker","ZoneGlobale","All_modes","29"
"2020-04-04","Kikimi","Kinshasa","3h","Origin_Zone_Resident","Destination_Zone_Worker","ZoneGlobale","All_modes","22"
"2020-04-04","Kikimi","Kinshasa","3h","Origin_Zone_Resident","Origin_Zone_Worker","ZoneGlobale","All_modes","76"
"2020-04-04","Kikimi","Kintambo","3h","Origin_Zone_Resident","Origin_Zone_Worker","ZoneGlobale","All_modes","35"
"2020-04-04","Kikimi","Kisenso","1h","Outside_Resident","Outside_Worker","ZoneGlobale","All_modes","179"
"2020-04-04","Kikimi","Kisenso","1h","Outside_Resident","Destination_Zone_Worker","ZoneGlobale","All_modes","78"
"2020-04-04","Kikimi","Kisenso","1h","Outside_Resident","Study_Zone_Worker","ZoneGlobale","All_modes","58"
"2020-04-04","Kikimi","Kisenso","1h","Destination_Zone_Resident","Destination_Zone_Worker","ZoneGlobale","All_modes","282"
"2020-04-04","Kikimi","Kisenso","1h","Destination_Zone_Resident","Study_Zone_Worker","ZoneGlobale","All_modes","29"
"2020-04-04","Kikimi","Kisenso","1h","Study_Zone_Resident","Destination_Zone_Worker","ZoneGlobale","All_modes","27"
"2020-04-04","Kikimi","Kisenso","1h","Study_Zone_Resident","Study_Zone_Worker","ZoneGlobale","All_modes","87"
"2020-04-04","Kikimi","Kisenso","1h","Origin_Zone_Resident","Destination_Zone_Worker","ZoneGlobale","All_modes","29"
"2020-04-04","Kikimi","Kisenso","1h","Origin_Zone_Resident","Study_Zone_Worker","ZoneGlobale","All_modes","21"
"2020-04-04","Kikimi","Kisenso","1h","Origin_Zone_Resident","Origin_Zone_Worker","ZoneGlobale","All_modes","62"
"2020-04-04","Kikimi","Kisenso","3h","Outside_Resident","Outside_Worker","ZoneGlobale","All_modes","179"
"2020-04-04","Kikimi","Kisenso","3h","Outside_Resident","Destination_Zone_Worker","ZoneGlobale","All_modes","65"
"2020-04-04","Kikimi","Kisenso","3h","Destination_Zone_Resident","Destination_Zone_Worker","ZoneGlobale","All_modes","253"
"2020-04-04","Kikimi","Kisenso","3h","Destination_Zone_Resident","Study_Zone_Worker","ZoneGlobale","All_modes","35"
"2020-04-04","Kikimi","Kisenso","3h","Study_Zone_Resident","Study_Zone_Worker","ZoneGlobale","All_modes","125"
"2020-04-04","Kikimi","Kisenso","3h","Origin_Zone_Resident","Outside_Worker","ZoneGlobale","All_modes","21"
"2020-04-04","Kikimi","Kisenso","3h","Origin_Zone_Resident","Destination_Zone_Worker","ZoneGlobale","All_modes","43"
"2020-04-04","Kikimi","Kisenso","3h","Origin_Zone_Resident","Study_Zone_Worker","ZoneGlobale","All_modes","35"
"2020-04-04","Kikimi","Kisenso","3h","Origin_Zone_Resident","Origin_Zone_Worker","ZoneGlobale","All_modes","132"
"2020-04-04","Kikimi","Kokolo","1h","Outside_Resident","Outside_Worker","ZoneGlobale","All_modes","35"
"2020-04-04","Kikimi","Kokolo","3h","Origin_Zone_Resident","Origin_Zone_Worker","ZoneGlobale","All_modes","34"
"2020-04-04","Kikimi","Lemba","1h","Outside_Resident","Outside_Worker","ZoneGlobale","All_modes","118"
"2020-04-04","Kikimi","Lemba","1h","Outside_Resident","Destination_Zone_Worker","ZoneGlobale","All_modes","34"
"2020-04-04","Kikimi","Lemba","1h","Outside_Resident","Origin_Zone_Worker","ZoneGlobale","All_modes","34"
"2020-04-04","Kikimi","Lemba","1h","Destination_Zone_Resident","Destination_Zone_Worker","ZoneGlobale","All_modes","312"
"2020-04-04","Kikimi","Lemba","1h","Destination_Zone_Resident","Study_Zone_Worker","ZoneGlobale","All_modes","21"
"2020-04-04","Kikimi","Lemba","1h","Study_Zone_Resident","Destination_Zone_Worker","ZoneGlobale","All_modes","47"
"2020-04-04","Kikimi","Lemba","1h","Study_Zone_Resident","Study_Zone_Worker","ZoneGlobale","All_modes","83"
"2020-04-04","Kikimi","Lemba","1h","Origin_Zone_Resident","Outside_Worker","ZoneGlobale","All_modes","21"
"2020-04-04","Kikimi","Lemba","1h","Origin_Zone_Resident","Destination_Zone_Worker","ZoneGlobale","All_modes","37"
"2020-04-04","Kikimi","Lemba","1h","Origin_Zone_Resident","Study_Zone_Worker","ZoneGlobale","All_modes","21"
"2020-04-04","Kikimi","Lemba","1h","Origin_Zone_Resident","Origin_Zone_Worker","ZoneGlobale","All_modes","133"
"2020-04-04","Kikimi","Lemba","3h","Outside_Resident","Outside_Worker","ZoneGlobale","All_modes","195"
"2020-04-04","Kikimi","Lemba","3h","Outside_Resident","Destination_Zone_Worker","ZoneGlobale","All_modes","61"
"2020-04-04","Kikimi","Lemba","3h","Outside_Resident","Study_Zone_Worker","ZoneGlobale","All_modes","30"
"2020-04-04","Kikimi","Lemba","3h","Outside_Resident","Origin_Zone_Worker","ZoneGlobale","All_modes","34"
"2020-04-04","Kikimi","Lemba","3h","Destination_Zone_Resident","Destination_Zone_Worker","ZoneGlobale","All_modes","213"
"2020-04-04","Kikimi","Lemba","3h","Study_Zone_Resident","Destination_Zone_Worker","ZoneGlobale","All_modes","49"
"2020-04-04","Kikimi","Lemba","3h","Study_Zone_Resident","Study_Zone_Worker","ZoneGlobale","All_modes","108"
"2020-04-04","Kikimi","Lemba","3h","Origin_Zone_Resident","Outside_Worker","ZoneGlobale","All_modes","37"
"2020-04-04","Kikimi","Lemba","3h","Origin_Zone_Resident","Destination_Zone_Worker","ZoneGlobale","All_modes","80"
"2020-04-04","Kikimi","Lemba","3h","Origin_Zone_Resident","Study_Zone_Worker","ZoneGlobale","All_modes","29"
"2020-04-04","Kikimi","Lemba","3h","Origin_Zone_Resident","Origin_Zone_Worker","ZoneGlobale","All_modes","178"
"2020-04-04","Kikimi","Limete","1h","Outside_Resident","Outside_Worker","ZoneGlobale","All_modes","80"
"2020-04-04","Kikimi","Limete","1h","Outside_Resident","Destination_Zone_Worker","ZoneGlobale","All_modes","29"
"2020-04-04","Kikimi","Limete","1h","Study_Zone_Resident","Study_Zone_Worker","ZoneGlobale","All_modes","34"
"2020-04-04","Kikimi","Limete","1h","Origin_Zone_Resident","Outside_Worker","ZoneGlobale","All_modes","85"
"2020-04-04","Kikimi","Limete","1h","Origin_Zone_Resident","Destination_Zone_Worker","ZoneGlobale","All_modes","66"
"2020-04-04","Kikimi","Limete","1h","Origin_Zone_Resident","Study_Zone_Worker","ZoneGlobale","All_modes","53"
"2020-04-04","Kikimi","Limete","1h","Origin_Zone_Resident","Origin_Zone_Worker","ZoneGlobale","All_modes","158"
"2020-04-04","Kikimi","Limete","3h","Outside_Resident","Outside_Worker","ZoneGlobale","All_modes","133"
"2020-04-04","Kikimi","Limete","3h","Outside_Resident","Destination_Zone_Worker","ZoneGlobale","All_modes","43"
"2020-04-04","Kikimi","Limete","3h","Outside_Resident","Study_Zone_Worker","ZoneGlobale","All_modes","22"
"2020-04-04","Kikimi","Limete","3h","Destination_Zone_Resident","Destination_Zone_Worker","ZoneGlobale","All_modes","28"
"2020-04-04","Kikimi","Limete","3h","Study_Zone_Resident","Destination_Zone_Worker","ZoneGlobale","All_modes","21"
"2020-04-04","Kikimi","Limete","3h","Study_Zone_Resident","Study_Zone_Worker","ZoneGlobale","All_modes","57"
"2020-04-04","Kikimi","Limete","3h","Origin_Zone_Resident","Outside_Worker","ZoneGlobale","All_modes","95"
"2020-04-04","Kikimi","Limete","3h","Origin_Zone_Resident","Destination_Zone_Worker","ZoneGlobale","All_modes","179"
"2020-04-04","Kikimi","Limete","3h","Origin_Zone_Resident","Study_Zone_Worker","ZoneGlobale","All_modes","59"
"2020-04-04","Kikimi","Limete","3h","Origin_Zone_Resident","Origin_Zone_Worker","ZoneGlobale","All_modes","238"
"2020-04-04","Kikimi","Makala","1h","Study_Zone_Resident","Study_Zone_Worker","ZoneGlobale","All_modes","21"
"2020-04-04","Kikimi","Makala","3h","Outside_Resident","Outside_Worker","ZoneGlobale","All_modes","27"
"2020-04-04","Kikimi","Makala","3h","Destination_Zone_Resident","Destination_Zone_Worker","ZoneGlobale","All_modes","33"
"2020-04-04","Kikimi","Makala","3h","Origin_Zone_Resident","Origin_Zone_Worker","ZoneGlobale","All_modes","27"
"2020-04-04","Kikimi","Maluku I","1h","Outside_Resident","Outside_Worker","ZoneGlobale","All_modes","61"
"2020-04-04","Kikimi","Maluku I","1h","Study_Zone_Resident","Study_Zone_Worker","ZoneGlobale","All_modes","51"
"2020-04-04","Kikimi","Maluku I","1h","Origin_Zone_Resident","Origin_Zone_Worker","ZoneGlobale","All_modes","70"
"2020-04-04","Kikimi","Maluku I","3h","Outside_Resident","Outside_Worker","ZoneGlobale","All_modes","64"
"2020-04-04","Kikimi","Maluku I","3h","Outside_Resident","Study_Zone_Worker","ZoneGlobale","All_modes","29"
"2020-04-04","Kikimi","Maluku I","3h","Study_Zone_Resident","Study_Zone_Worker","ZoneGlobale","All_modes","38"
"2020-04-04","Kikimi","Maluku I","3h","Origin_Zone_Resident","Study_Zone_Worker","ZoneGlobale","All_modes","21"
"2020-04-04","Kikimi","Maluku I","3h","Origin_Zone_Resident","Origin_Zone_Worker","ZoneGlobale","All_modes","99"
"2020-04-04","Kikimi","Masina I","1h","Outside_Resident","Outside_Worker","ZoneGlobale","All_modes","214"
"2020-04-04","Kikimi","Masina I","1h","Outside_Resident","Destination_Zone_Worker","ZoneGlobale","All_modes","33"
"2020-04-04","Kikimi","Masina I","1h","Outside_Resident","Origin_Zone_Worker","ZoneGlobale","All_modes","47"
"2020-04-04","Kikimi","Masina I","1h","Destination_Zone_Resident","Destination_Zone_Worker","ZoneGlobale","All_modes","293"
"2020-04-04","Kikimi","Masina I","1h","Destination_Zone_Resident","Study_Zone_Worker","ZoneGlobale","All_modes","46"
"2020-04-04","Kikimi","Masina I","1h","Study_Zone_Resident","Destination_Zone_Worker","ZoneGlobale","All_modes","35"
"2020-04-04","Kikimi","Masina I","1h","Study_Zone_Resident","Study_Zone_Worker","ZoneGlobale","All_modes","161"
"2020-04-04","Kikimi","Masina I","1h","Origin_Zone_Resident","Outside_Worker","ZoneGlobale","All_modes","21"
"2020-04-04","Kikimi","Masina I","1h","Origin_Zone_Resident","Destination_Zone_Worker","ZoneGlobale","All_modes","114"
"2020-04-04","Kikimi","Masina I","1h","Origin_Zone_Resident","Study_Zone_Worker","ZoneGlobale","All_modes","76"
"2020-04-04","Kikimi","Masina I","1h","Origin_Zone_Resident","Origin_Zone_Worker","ZoneGlobale","All_modes","376"
"2020-04-04","Kikimi","Masina I","3h","Outside_Resident","Outside_Worker","ZoneGlobale","All_modes","465"
"2020-04-04","Kikimi","Masina I","3h","Outside_Resident","Destination_Zone_Worker","ZoneGlobale","All_modes","27"
"2020-04-04","Kikimi","Masina I","3h","Outside_Resident","Study_Zone_Worker","ZoneGlobale","All_modes","35"
"2020-04-04","Kikimi","Masina I","3h","Outside_Resident","Origin_Zone_Worker","ZoneGlobale","All_modes","113"
"2020-04-04","Kikimi","Masina I","3h","Destination_Zone_Resident","Destination_Zone_Worker","ZoneGlobale","All_modes","218"
"2020-04-04","Kikimi","Masina I","3h","Destination_Zone_Resident","Study_Zone_Worker","ZoneGlobale","All_modes","23"
"2020-04-04","Kikimi","Masina I","3h","Study_Zone_Resident","Outside_Worker","ZoneGlobale","All_modes","21"
"2020-04-04","Kikimi","Masina I","3h","Study_Zone_Resident","Destination_Zone_Worker","ZoneGlobale","All_modes","28"
"2020-04-04","Kikimi","Masina I","3h","Study_Zone_Resident","Study_Zone_Worker","ZoneGlobale","All_modes","113"
"2020-04-04","Kikimi","Masina I","3h","Study_Zone_Resident","Origin_Zone_Worker","ZoneGlobale","All_modes","26"
"2020-04-04","Kikimi","Masina I","3h","Origin_Zone_Resident","Outside_Worker","ZoneGlobale","All_modes","70"
"2020-04-04","Kikimi","Masina I","3h","Origin_Zone_Resident","Destination_Zone_Worker","ZoneGlobale","All_modes","149"
"2020-04-04","Kikimi","Masina I","3h","Origin_Zone_Resident","Study_Zone_Worker","ZoneGlobale","All_modes","97"
"2020-04-04","Kikimi","Masina I","3h","Origin_Zone_Resident","Origin_Zone_Worker","ZoneGlobale","All_modes","506"
"2020-04-04","Kikimi","Masina II","1h","Outside_Resident","Outside_Worker","ZoneGlobale","All_modes","264"
"2020-04-04","Kikimi","Masina II","1h","Outside_Resident","Study_Zone_Worker","ZoneGlobale","All_modes","28"
"2020-04-04","Kikimi","Masina II","1h","Outside_Resident","Origin_Zone_Worker","ZoneGlobale","All_modes","40"
"2020-04-04","Kikimi","Masina II","1h","Destination_Zone_Resident","Destination_Zone_Worker","ZoneGlobale","All_modes","149"
"2020-04-04","Kikimi","Masina II","1h","Study_Zone_Resident","Destination_Zone_Worker","ZoneGlobale","All_modes","29"
"2020-04-04","Kikimi","Masina II","1h","Study_Zone_Resident","Study_Zone_Worker","ZoneGlobale","All_modes","124"
"2020-04-04","Kikimi","Masina II","1h","Study_Zone_Resident","Origin_Zone_Worker","ZoneGlobale","All_modes","33"
"2020-04-04","Kikimi","Masina II","1h","Origin_Zone_Resident","Outside_Worker","ZoneGlobale","All_modes","60"
"2020-04-04","Kikimi","Masina II","1h","Origin_Zone_Resident","Destination_Zone_Worker","ZoneGlobale","All_modes","133"
"2020-04-04","Kikimi","Masina II","1h","Origin_Zone_Resident","Study_Zone_Worker","ZoneGlobale","All_modes","44"
"2020-04-04","Kikimi","Masina II","1h","Origin_Zone_Resident","Origin_Zone_Worker","ZoneGlobale","All_modes","495"
"2020-04-04","Kikimi","Masina II","3h","Outside_Resident","Outside_Worker","ZoneGlobale","All_modes","455"
"2020-04-04","Kikimi","Masina II","3h","Outside_Resident","Study_Zone_Worker","ZoneGlobale","All_modes","43"
"2020-04-04","Kikimi","Masina II","3h","Outside_Resident","Origin_Zone_Worker","ZoneGlobale","All_modes","69"
"2020-04-04","Kikimi","Masina II","3h","Destination_Zone_Resident","Destination_Zone_Worker","ZoneGlobale","All_modes","138"
"2020-04-04","Kikimi","Masina II","3h","Destination_Zone_Resident","Origin_Zone_Worker","ZoneGlobale","All_modes","41"
"2020-04-04","Kikimi","Masina II","3h","Study_Zone_Resident","Outside_Worker","ZoneGlobale","All_modes","23"
"2020-04-04","Kikimi","Masina II","3h","Study_Zone_Resident","Destination_Zone_Worker","ZoneGlobale","All_modes","56"
"2020-04-04","Kikimi","Masina II","3h","Study_Zone_Resident","Study_Zone_Worker","ZoneGlobale","All_modes","138"
"2020-04-04","Kikimi","Masina II","3h","Origin_Zone_Resident","Outside_Worker","ZoneGlobale","All_modes","185"
"2020-04-04","Kikimi","Masina II","3h","Origin_Zone_Resident","Destination_Zone_Worker","ZoneGlobale","All_modes","250"
"2020-04-04","Kikimi","Masina II","3h","Origin_Zone_Resident","Study_Zone_Worker","ZoneGlobale","All_modes","73"
"2020-04-04","Kikimi","Masina II","3h","Origin_Zone_Resident","Origin_Zone_Worker","ZoneGlobale","All_modes","870"
"2020-04-04","Kikimi","Matete","1h","Outside_Resident","Outside_Worker","ZoneGlobale","All_modes","70"
"2020-04-04","Kikimi","Matete","1h","Study_Zone_Resident","Study_Zone_Worker","ZoneGlobale","All_modes","40"
"2020-04-04","Kikimi","Matete","1h","Origin_Zone_Resident","Destination_Zone_Worker","ZoneGlobale","All_modes","35"
"2020-04-04","Kikimi","Matete","1h","Origin_Zone_Resident","Origin_Zone_Worker","ZoneGlobale","All_modes","55"
"2020-04-04","Kikimi","Matete","3h","Outside_Resident","Outside_Worker","ZoneGlobale","All_modes","63"
"2020-04-04","Kikimi","Matete","3h","Outside_Resident","Study_Zone_Worker","ZoneGlobale","All_modes","33"
"2020-04-04","Kikimi","Matete","3h","Destination_Zone_Resident","Destination_Zone_Worker","ZoneGlobale","All_modes","26"
"2020-04-04","Kikimi","Matete","3h","Study_Zone_Resident","Study_Zone_Worker","ZoneGlobale","All_modes","21"
"2020-04-04","Kikimi","Matete","3h","Origin_Zone_Resident","Outside_Worker","ZoneGlobale","All_modes","29"
"2020-04-04","Kikimi","Matete","3h","Origin_Zone_Resident","Destination_Zone_Worker","ZoneGlobale","All_modes","73"
"2020-04-04","Kikimi","Matete","3h","Origin_Zone_Resident","Study_Zone_Worker","ZoneGlobale","All_modes","57"
"2020-04-04","Kikimi","Matete","3h","Origin_Zone_Resident","Origin_Zone_Worker","ZoneGlobale","All_modes","143"
"2020-04-04","Kikimi","Mont Ngafula I","1h","Outside_Resident","Outside_Worker","ZoneGlobale","All_modes","180"
"2020-04-04","Kikimi","Mont Ngafula I","1h","Outside_Resident","Destination_Zone_Worker","ZoneGlobale","All_modes","85"
"2020-04-04","Kikimi","Mont Ngafula I","1h","Outside_Resident","Study_Zone_Worker","ZoneGlobale","All_modes","36"
"2020-04-04","Kikimi","Mont Ngafula I","1h","Outside_Resident","Origin_Zone_Worker","ZoneGlobale","All_modes","34"
"2020-04-04","Kikimi","Mont Ngafula I","1h","Destination_Zone_Resident","Outside_Worker","ZoneGlobale","All_modes","35"
"2020-04-04","Kikimi","Mont Ngafula I","1h","Destination_Zone_Resident","Destination_Zone_Worker","ZoneGlobale","All_modes","280"
"2020-04-04","Kikimi","Mont Ngafula I","1h","Destination_Zone_Resident","Study_Zone_Worker","ZoneGlobale","All_modes","40"
"2020-04-04","Kikimi","Mont Ngafula I","1h","Destination_Zone_Resident","Origin_Zone_Worker","ZoneGlobale","All_modes","23"
"2020-04-04","Kikimi","Mont Ngafula I","1h","Study_Zone_Resident","Destination_Zone_Worker","ZoneGlobale","All_modes","28"
"2020-04-04","Kikimi","Mont Ngafula I","1h","Study_Zone_Resident","Study_Zone_Worker","ZoneGlobale","All_modes","145"
"2020-04-04","Kikimi","Mont Ngafula I","1h","Origin_Zone_Resident","Outside_Worker","ZoneGlobale","All_modes","29"
"2020-04-04","Kikimi","Mont Ngafula I","1h","Origin_Zone_Resident","Destination_Zone_Worker","ZoneGlobale","All_modes","36"
"2020-04-04","Kikimi","Mont Ngafula I","1h","Origin_Zone_Resident","Study_Zone_Worker","ZoneGlobale","All_modes","35"
"2020-04-04","Kikimi","Mont Ngafula I","1h","Origin_Zone_Resident","Origin_Zone_Worker","ZoneGlobale","All_modes","319"
"2020-04-04","Kikimi","Mont Ngafula I","3h","Outside_Resident","Outside_Worker","ZoneGlobale","All_modes","400"
"2020-04-04","Kikimi","Mont Ngafula I","3h","Outside_Resident","Destination_Zone_Worker","ZoneGlobale","All_modes","61"
"2020-04-04","Kikimi","Mont Ngafula I","3h","Outside_Resident","Study_Zone_Worker","ZoneGlobale","All_modes","48"
"2020-04-04","Kikimi","Mont Ngafula I","3h","Outside_Resident","Origin_Zone_Worker","ZoneGlobale","All_modes","123"
"2020-04-04","Kikimi","Mont Ngafula I","3h","Destination_Zone_Resident","Outside_Worker","ZoneGlobale","All_modes","43"
"2020-04-04","Kikimi","Mont Ngafula I","3h","Destination_Zone_Resident","Destination_Zone_Worker","ZoneGlobale","All_modes","241"
"2020-04-04","Kikimi","Mont Ngafula I","3h","Destination_Zone_Resident","Origin_Zone_Worker","ZoneGlobale","All_modes","27"
"2020-04-04","Kikimi","Mont Ngafula I","3h","Study_Zone_Resident","Destination_Zone_Worker","ZoneGlobale","All_modes","26"
"2020-04-04","Kikimi","Mont Ngafula I","3h","Study_Zone_Resident","Study_Zone_Worker","ZoneGlobale","All_modes","83"
"2020-04-04","Kikimi","Mont Ngafula I","3h","Origin_Zone_Resident","Outside_Worker","ZoneGlobale","All_modes","83"
"2020-04-04","Kikimi","Mont Ngafula I","3h","Origin_Zone_Resident","Destination_Zone_Worker","ZoneGlobale","All_modes","35"
"2020-04-04","Kikimi","Mont Ngafula I","3h","Origin_Zone_Resident","Study_Zone_Worker","ZoneGlobale","All_modes","21"
"2020-04-04","Kikimi","Mont Ngafula I","3h","Origin_Zone_Resident","Origin_Zone_Worker","ZoneGlobale","All_modes","392"
"2020-04-04","Kikimi","Mont Ngafula II","1h","Outside_Resident","Outside_Worker","ZoneGlobale","All_modes","43"
"2020-04-04","Kikimi","Mont Ngafula II","1h","Outside_Resident","Destination_Zone_Worker","ZoneGlobale","All_modes","22"
"2020-04-04","Kikimi","Mont Ngafula II","1h","Destination_Zone_Resident","Destination_Zone_Worker","ZoneGlobale","All_modes","185"
"2020-04-04","Kikimi","Mont Ngafula II","1h","Study_Zone_Resident","Study_Zone_Worker","ZoneGlobale","All_modes","21"
"2020-04-04","Kikimi","Mont Ngafula II","3h","Outside_Resident","Outside_Worker","ZoneGlobale","All_modes","42"
"2020-04-04","Kikimi","Mont Ngafula II","3h","Destination_Zone_Resident","Destination_Zone_Worker","ZoneGlobale","All_modes","73"
"2020-04-04","Kikimi","Mont Ngafula II","3h","Origin_Zone_Resident","Origin_Zone_Worker","ZoneGlobale","All_modes","35"
"2020-04-04","Kikimi","Ndjili","1h","Outside_Resident","Outside_Worker","ZoneGlobale","All_modes","330"
"2020-04-04","Kikimi","Ndjili","1h","Outside_Resident","Destination_Zone_Worker","ZoneGlobale","All_modes","30"
"2020-04-04","Kikimi","Ndjili","1h","Outside_Resident","Study_Zone_Worker","ZoneGlobale","All_modes","40"
"2020-04-04","Kikimi","Ndjili","1h","Outside_Resident","Origin_Zone_Worker","ZoneGlobale","All_modes","41"
"2020-04-04","Kikimi","Ndjili","1h","Destination_Zone_Resident","Destination_Zone_Worker","ZoneGlobale","All_modes","335"
"2020-04-04","Kikimi","Ndjili","1h","Study_Zone_Resident","Destination_Zone_Worker","ZoneGlobale","All_modes","33"
"2020-04-04","Kikimi","Ndjili","1h","Study_Zone_Resident","Study_Zone_Worker","ZoneGlobale","All_modes","242"
"2020-04-04","Kikimi","Ndjili","1h","Study_Zone_Resident","Origin_Zone_Worker","ZoneGlobale","All_modes","28"
"2020-04-04","Kikimi","Ndjili","1h","Origin_Zone_Resident","Outside_Worker","ZoneGlobale","All_modes","119"
"2020-04-04","Kikimi","Ndjili","1h","Origin_Zone_Resident","Destination_Zone_Worker","ZoneGlobale","All_modes","207"
"2020-04-04","Kikimi","Ndjili","1h","Origin_Zone_Resident","Study_Zone_Worker","ZoneGlobale","All_modes","117"
"2020-04-04","Kikimi","Ndjili","1h","Origin_Zone_Resident","Origin_Zone_Worker","ZoneGlobale","All_modes","637"
"2020-04-04","Kikimi","Ndjili","3h","Outside_Resident","Outside_Worker","ZoneGlobale","All_modes","492"
"2020-04-04","Kikimi","Ndjili","3h","Outside_Resident","Destination_Zone_Worker","ZoneGlobale","All_modes","28"
"2020-04-04","Kikimi","Ndjili","3h","Outside_Resident","Study_Zone_Worker","ZoneGlobale","All_modes","98"
"2020-04-04","Kikimi","Ndjili","3h","Outside_Resident","Origin_Zone_Worker","ZoneGlobale","All_modes","69"
"2020-04-04","Kikimi","Ndjili","3h","Destination_Zone_Resident","Destination_Zone_Worker","ZoneGlobale","All_modes","351"
"2020-04-04","Kikimi","Ndjili","3h","Destination_Zone_Resident","Origin_Zone_Worker","ZoneGlobale","All_modes","32"
"2020-04-04","Kikimi","Ndjili","3h","Study_Zone_Resident","Destination_Zone_Worker","ZoneGlobale","All_modes","49"
"2020-04-04","Kikimi","Ndjili","3h","Study_Zone_Resident","Study_Zone_Worker","ZoneGlobale","All_modes","207"
"2020-04-04","Kikimi","Ndjili","3h","Origin_Zone_Resident","Outside_Worker","ZoneGlobale","All_modes","264"
"2020-04-04","Kikimi","Ndjili","3h","Origin_Zone_Resident","Destination_Zone_Worker","ZoneGlobale","All_modes","320"
"2020-04-04","Kikimi","Ndjili","3h","Origin_Zone_Resident","Study_Zone_Worker","ZoneGlobale","All_modes","202"
"2020-04-04","Kikimi","Ndjili","3h","Origin_Zone_Resident","Origin_Zone_Worker","ZoneGlobale","All_modes","878"
"2020-04-04","Kikimi","Ngiri-Ngiri","1h","Outside_Resident","Outside_Worker","ZoneGlobale","All_modes","22"
"2020-04-04","Kikimi","Ngiri-Ngiri","1h","Origin_Zone_Resident","Origin_Zone_Worker","ZoneGlobale","All_modes","37"
"2020-04-04","Kikimi","Ngiri-Ngiri","3h","Outside_Resident","Outside_Worker","ZoneGlobale","All_modes","55"
"2020-04-04","Kikimi","Ngiri-Ngiri","3h","Origin_Zone_Resident","Origin_Zone_Worker","ZoneGlobale","All_modes","30"
"2020-04-04","Kikimi","Nsele","1h","Outside_Resident","Outside_Worker","ZoneGlobale","All_modes","1075"
"2020-04-04","Kikimi","Nsele","1h","Outside_Resident","Destination_Zone_Worker","ZoneGlobale","All_modes","258"
"2020-04-04","Kikimi","Nsele","1h","Outside_Resident","Study_Zone_Worker","ZoneGlobale","All_modes","62"
"2020-04-04","Kikimi","Nsele","1h","Outside_Resident","Origin_Zone_Worker","ZoneGlobale","All_modes","274"
"2020-04-04","Kikimi","Nsele","1h","Destination_Zone_Resident","Outside_Worker","ZoneGlobale","All_modes","151"
"2020-04-04","Kikimi","Nsele","1h","Destination_Zone_Resident","Destination_Zone_Worker","ZoneGlobale","All_modes","1588"
"2020-04-04","Kikimi","Nsele","1h","Destination_Zone_Resident","Study_Zone_Worker","ZoneGlobale","All_modes","56"
"2020-04-04","Kikimi","Nsele","1h","Destination_Zone_Resident","Origin_Zone_Worker","ZoneGlobale","All_modes","201"
"2020-04-04","Kikimi","Nsele","1h","Study_Zone_Resident","Outside_Worker","ZoneGlobale","All_modes","27"
"2020-04-04","Kikimi","Nsele","1h","Study_Zone_Resident","Destination_Zone_Worker","ZoneGlobale","All_modes","27"
"2020-04-04","Kikimi","Nsele","1h","Study_Zone_Resident","Study_Zone_Worker","ZoneGlobale","All_modes","334"
"2020-04-04","Kikimi","Nsele","1h","Study_Zone_Resident","Origin_Zone_Worker","ZoneGlobale","All_modes","33"
"2020-04-04","Kikimi","Nsele","1h","Origin_Zone_Resident","Outside_Worker","ZoneGlobale","All_modes","124"
"2020-04-04","Kikimi","Nsele","1h","Origin_Zone_Resident","Destination_Zone_Worker","ZoneGlobale","All_modes","358"
"2020-04-04","Kikimi","Nsele","1h","Origin_Zone_Resident","Study_Zone_Worker","ZoneGlobale","All_modes","121"
"2020-04-04","Kikimi","Nsele","1h","Origin_Zone_Resident","Origin_Zone_Worker","ZoneGlobale","All_modes","1495"
"2020-04-04","Kikimi","Nsele","3h","Outside_Resident","Outside_Worker","ZoneGlobale","All_modes","1673"
"2020-04-04","Kikimi","Nsele","3h","Outside_Resident","Destination_Zone_Worker","ZoneGlobale","All_modes","289"
"2020-04-04","Kikimi","Nsele","3h","Outside_Resident","Study_Zone_Worker","ZoneGlobale","All_modes","66"
"2020-04-04","Kikimi","Nsele","3h","Outside_Resident","Origin_Zone_Worker","ZoneGlobale","All_modes","341"
"2020-04-04","Kikimi","Nsele","3h","Destination_Zone_Resident","Outside_Worker","ZoneGlobale","All_modes","184"
"2020-04-04","Kikimi","Nsele","3h","Destination_Zone_Resident","Destination_Zone_Worker","ZoneGlobale","All_modes","1220"
"2020-04-04","Kikimi","Nsele","3h","Destination_Zone_Resident","Study_Zone_Worker","ZoneGlobale","All_modes","32"
"2020-04-04","Kikimi","Nsele","3h","Destination_Zone_Resident","Origin_Zone_Worker","ZoneGlobale","All_modes","191"
"2020-04-04","Kikimi","Nsele","3h","Study_Zone_Resident","Outside_Worker","ZoneGlobale","All_modes","36"
"2020-04-04","Kikimi","Nsele","3h","Study_Zone_Resident","Study_Zone_Worker","ZoneGlobale","All_modes","327"
"2020-04-04","Kikimi","Nsele","3h","Study_Zone_Resident","Origin_Zone_Worker","ZoneGlobale","All_modes","47"
"2020-04-04","Kikimi","Nsele","3h","Origin_Zone_Resident","Outside_Worker","ZoneGlobale","All_modes","293"
"2020-04-04","Kikimi","Nsele","3h","Origin_Zone_Resident","Destination_Zone_Worker","ZoneGlobale","All_modes","530"
"2020-04-04","Kikimi","Nsele","3h","Origin_Zone_Resident","Study_Zone_Worker","ZoneGlobale","All_modes","138"
"2020-04-04","Kikimi","Nsele","3h","Origin_Zone_Resident","Origin_Zone_Worker","ZoneGlobale","All_modes","1932"
"2020-04-04","Kikimi","Police","1h","Origin_Zone_Resident","Origin_Zone_Worker","ZoneGlobale","All_modes","21"
"2020-04-04","Kikimi","Police","3h","Origin_Zone_Resident","Origin_Zone_Worker","ZoneGlobale","All_modes","36"
"2020-04-04","Kikimi","Selembao","1h","Destination_Zone_Resident","Destination_Zone_Worker","ZoneGlobale","All_modes","21"
"2020-04-04","Kikimi","Selembao","3h","Outside_Resident","Outside_Worker","ZoneGlobale","All_modes","27"
"2020-04-04","Kikimi","Selembao","3h","Origin_Zone_Resident","Origin_Zone_Worker","ZoneGlobale","All_modes","21"
"2020-04-04","Kikimi","Sona-Bata","1h","Study_Zone_Resident","Study_Zone_Worker","ZoneGlobale","All_modes","38"
"2020-04-04","Kikimi","Sona-Bata","1h","Origin_Zone_Resident","Origin_Zone_Worker","ZoneGlobale","All_modes","49"
"2020-04-04","Kikimi","Sona-Bata","3h","Outside_Resident","Outside_Worker","ZoneGlobale","All_modes","26"
"2020-04-04","Kikimi","Sona-Bata","3h","Study_Zone_Resident","Study_Zone_Worker","ZoneGlobale","All_modes","44"
"2020-04-04","Kikimi","Sona-Bata","3h","Origin_Zone_Resident","Study_Zone_Worker","ZoneGlobale","All_modes","36"
"2020-04-04","Kikongo","Bolobo","1h","Outside_Resident","Outside_Worker","ZoneGlobale","All_modes","11296"
"2020-04-04","Kikongo","Bolobo","1h","Outside_Resident","Destination_Zone_Worker","ZoneGlobale","All_modes","1751"
"2020-04-04","Kikongo","Bolobo","1h","Outside_Resident","Study_Zone_Worker","ZoneGlobale","All_modes","244"
"2020-04-04","Kikongo","Bolobo","1h","Outside_Resident","Origin_Zone_Worker","ZoneGlobale","All_modes","2190"
"2020-04-04","Kikongo","Bolobo","1h","Destination_Zone_Resident","Outside_Worker","ZoneGlobale","All_modes","284"
"2020-04-04","Kikongo","Bolobo","1h","Destination_Zone_Resident","Destination_Zone_Worker","ZoneGlobale","All_modes","5056"
"2020-04-04","Kikongo","Bolobo","1h","Destination_Zone_Resident","Study_Zone_Worker","ZoneGlobale","All_modes","315"
"2020-04-04","Kikongo","Bolobo","1h","Destination_Zone_Resident","Origin_Zone_Worker","ZoneGlobale","All_modes","2275"
"2020-04-04","Kikongo","Bolobo","1h","Study_Zone_Resident","Outside_Worker","ZoneGlobale","All_modes","234"
"2020-04-04","Kikongo","Bolobo","1h","Study_Zone_Resident","Destination_Zone_Worker","ZoneGlobale","All_modes","844"
"2020-04-04","Kikongo","Bolobo","1h","Study_Zone_Resident","Study_Zone_Worker","ZoneGlobale","All_modes","1051"
"2020-04-04","Kikongo","Bolobo","1h","Study_Zone_Resident","Origin_Zone_Worker","ZoneGlobale","All_modes","497"
"2020-04-04","Kikongo","Bolobo","1h","Origin_Zone_Resident","Outside_Worker","ZoneGlobale","All_modes","1334"
"2020-04-04","Kikongo","Bolobo","1h","Origin_Zone_Resident","Destination_Zone_Worker","ZoneGlobale","All_modes","4011"
"2020-04-04","Kikongo","Bolobo","1h","Origin_Zone_Resident","Study_Zone_Worker","ZoneGlobale","All_modes","566"
"2020-04-04","Kikongo","Bolobo","1h","Origin_Zone_Resident","Origin_Zone_Worker","ZoneGlobale","All_modes","9613"
"2020-04-04","Kikongo","Bolobo","3h","Outside_Resident","Outside_Worker","ZoneGlobale","All_modes","26700"
"2020-04-04","Kikongo","Bolobo","3h","Outside_Resident","Destination_Zone_Worker","ZoneGlobale","All_modes","1337"
"2020-04-04","Kikongo","Bolobo","3h","Outside_Resident","Study_Zone_Worker","ZoneGlobale","All_modes","789"
"2020-04-04","Kikongo","Bolobo","3h","Outside_Resident","Origin_Zone_Worker","ZoneGlobale","All_modes","5456"
"2020-04-04","Kikongo","Bolobo","3h","Destination_Zone_Resident","Destination_Zone_Worker","ZoneGlobale","All_modes","7125"
"2020-04-04","Kikongo","Bolobo","3h","Destination_Zone_Resident","Origin_Zone_Worker","ZoneGlobale","All_modes","2057"
"2020-04-04","Kikongo","Bolobo","3h","Study_Zone_Resident","Study_Zone_Worker","ZoneGlobale","All_modes","558"
"2020-04-04","Kikongo","Bolobo","3h","Study_Zone_Resident","Origin_Zone_Worker","ZoneGlobale","All_modes","485"
"2020-04-04","Kikongo","Bolobo","3h","Origin_Zone_Resident","Outside_Worker","ZoneGlobale","All_modes","2771"
"2020-04-04","Kikongo","Bolobo","3h","Origin_Zone_Resident","Destination_Zone_Worker","ZoneGlobale","All_modes","2671"
"2020-04-04","Kikongo","Bolobo","3h","Origin_Zone_Resident","Study_Zone_Worker","ZoneGlobale","All_modes","618"
"2020-04-04","Kikongo","Bolobo","3h","Origin_Zone_Resident","Origin_Zone_Worker","ZoneGlobale","All_modes","13301"
"2020-04-04","Kikongo","Kenge","1h","Outside_Resident","Outside_Worker","ZoneGlobale","All_modes","261"
"2020-04-04","Kikongo","Kenge","3h","Outside_Resident","Outside_Worker","ZoneGlobale","All_modes","642"
"2020-04-04","Kikongo","Kenge","3h","Origin_Zone_Resident","Destination_Zone_Worker","ZoneGlobale","All_modes","273"
"2020-04-04","Kikongo","Kenge","3h","Origin_Zone_Resident","Origin_Zone_Worker","ZoneGlobale","All_modes","243"
"2020-04-04","Kikongo","Kikwit-Sud","3h","Destination_Zone_Resident","Destination_Zone_Worker","ZoneGlobale","All_modes","250"
"2020-04-04","Kikongo","Nioki","1h","Outside_Resident","Outside_Worker","ZoneGlobale","All_modes","10156"
"2020-04-04","Kikongo","Nioki","1h","Outside_Resident","Destination_Zone_Worker","ZoneGlobale","All_modes","1626"
"2020-04-04","Kikongo","Nioki","1h","Outside_Resident","Study_Zone_Worker","ZoneGlobale","All_modes","532"
"2020-04-04","Kikongo","Nioki","1h","Outside_Resident","Origin_Zone_Worker","ZoneGlobale","All_modes","2146"
"2020-04-04","Kikongo","Nioki","1h","Destination_Zone_Resident","Outside_Worker","ZoneGlobale","All_modes","1252"
"2020-04-04","Kikongo","Nioki","1h","Destination_Zone_Resident","Destination_Zone_Worker","ZoneGlobale","All_modes","7516"
"2020-04-04","Kikongo","Nioki","1h","Destination_Zone_Resident","Origin_Zone_Worker","ZoneGlobale","All_modes","1671"
"2020-04-04","Kikongo","Nioki","1h","Study_Zone_Resident","Destination_Zone_Worker","ZoneGlobale","All_modes","787"
"2020-04-04","Kikongo","Nioki","1h","Study_Zone_Resident","Study_Zone_Worker","ZoneGlobale","All_modes","822"
"2020-04-04","Kikongo","Nioki","1h","Study_Zone_Resident","Origin_Zone_Worker","ZoneGlobale","All_modes","550"
"2020-04-04","Kikongo","Nioki","1h","Origin_Zone_Resident","Outside_Worker","ZoneGlobale","All_modes","516"
"2020-04-04","Kikongo","Nioki","1h","Origin_Zone_Resident","Destination_Zone_Worker","ZoneGlobale","All_modes","3074"
"2020-04-04","Kikongo","Nioki","1h","Origin_Zone_Resident","Study_Zone_Worker","ZoneGlobale","All_modes","493"
"2020-04-04","Kikongo","Nioki","1h","Origin_Zone_Resident","Origin_Zone_Worker","ZoneGlobale","All_modes","11245"
"2020-04-04","Kikongo","Nioki","3h","Outside_Resident","Outside_Worker","ZoneGlobale","All_modes","18051"
"2020-04-04","Kikongo","Nioki","3h","Outside_Resident","Destination_Zone_Worker","ZoneGlobale","All_modes","3380"
"2020-04-04","Kikongo","Nioki","3h","Outside_Resident","Study_Zone_Worker","ZoneGlobale","All_modes","773"
"2020-04-04","Kikongo","Nioki","3h","Outside_Resident","Origin_Zone_Worker","ZoneGlobale","All_modes","3454"
"2020-04-04","Kikongo","Nioki","3h","Destination_Zone_Resident","Outside_Worker","ZoneGlobale","All_modes","990"
"2020-04-04","Kikongo","Nioki","3h","Destination_Zone_Resident","Destination_Zone_Worker","ZoneGlobale","All_modes","8062"
"2020-04-04","Kikongo","Nioki","3h","Destination_Zone_Resident","Study_Zone_Worker","ZoneGlobale","All_modes","258"
"2020-04-04","Kikongo","Nioki","3h","Destination_Zone_Resident","Origin_Zone_Worker","ZoneGlobale","All_modes","2498"
"2020-04-04","Kikongo","Nioki","3h","Study_Zone_Resident","Outside_Worker","ZoneGlobale","All_modes","240"
"2020-04-04","Kikongo","Nioki","3h","Study_Zone_Resident","Destination_Zone_Worker","ZoneGlobale","All_modes","484"
"2020-04-04","Kikongo","Nioki","3h","Study_Zone_Resident","Study_Zone_Worker","ZoneGlobale","All_modes","232"
"2020-04-04","Kikongo","Nioki","3h","Study_Zone_Resident","Origin_Zone_Worker","ZoneGlobale","All_modes","490"
"2020-04-04","Kikongo","Nioki","3h","Origin_Zone_Resident","Outside_Worker","ZoneGlobale","All_modes","1651"
"2020-04-04","Kikongo","Nioki","3h","Origin_Zone_Resident","Destination_Zone_Worker","ZoneGlobale","All_modes","2776"
"2020-04-04","Kikongo","Nioki","3h","Origin_Zone_Resident","Study_Zone_Worker","ZoneGlobale","All_modes","558"
"2020-04-04","Kikongo","Nioki","3h","Origin_Zone_Resident","Origin_Zone_Worker","ZoneGlobale","All_modes","12923"
"2020-04-04","Kikongo","Vanga","1h","Origin_Zone_Resident","Outside_Worker","ZoneGlobale","All_modes","291"
"2020-04-04","Kikongo","Vanga","3h","Outside_Resident","Outside_Worker","ZoneGlobale","All_modes","240"
"2020-04-04","Kikongo","Vanga","3h","Outside_Resident","Study_Zone_Worker","ZoneGlobale","All_modes","240"
"2020-04-04","Kikongo","Vanga","3h","Destination_Zone_Resident","Study_Zone_Worker","ZoneGlobale","All_modes","354"
"2020-04-04","Kikongo","Vanga","3h","Origin_Zone_Resident","Outside_Worker","ZoneGlobale","All_modes","291"
"2020-04-04","Kikula","Bunkeya","1h","Outside_Resident","Outside_Worker","ZoneGlobale","All_modes","725"
"2020-04-04","Kikula","Bunkeya","1h","Outside_Resident","Destination_Zone_Worker","ZoneGlobale","All_modes","125"
"2020-04-04","Kikula","Bunkeya","1h","Outside_Resident","Study_Zone_Worker","ZoneGlobale","All_modes","75"
"2020-04-04","Kikula","Bunkeya","1h","Destination_Zone_Resident","Destination_Zone_Worker","ZoneGlobale","All_modes","193"
"2020-04-04","Kikula","Bunkeya","1h","Destination_Zone_Resident","Origin_Zone_Worker","ZoneGlobale","All_modes","54"
"2020-04-04","Kikula","Bunkeya","1h","Study_Zone_Resident","Study_Zone_Worker","ZoneGlobale","All_modes","63"
"2020-04-04","Kikula","Bunkeya","1h","Origin_Zone_Resident","Outside_Worker","ZoneGlobale","All_modes","32"
"2020-04-04","Kikula","Bunkeya","1h","Origin_Zone_Resident","Destination_Zone_Worker","ZoneGlobale","All_modes","95"
"2020-04-04","Kikula","Bunkeya","1h","Origin_Zone_Resident","Origin_Zone_Worker","ZoneGlobale","All_modes","52"
"2020-04-04","Kikula","Bunkeya","3h","Outside_Resident","Outside_Worker","ZoneGlobale","All_modes","733"
"2020-04-04","Kikula","Bunkeya","3h","Outside_Resident","Destination_Zone_Worker","ZoneGlobale","All_modes","118"
"2020-04-04","Kikula","Bunkeya","3h","Outside_Resident","Study_Zone_Worker","ZoneGlobale","All_modes","61"
"2020-04-04","Kikula","Bunkeya","3h","Outside_Resident","Origin_Zone_Worker","ZoneGlobale","All_modes","40"
"2020-04-04","Kikula","Bunkeya","3h","Destination_Zone_Resident","Outside_Worker","ZoneGlobale","All_modes","68"
"2020-04-04","Kikula","Bunkeya","3h","Destination_Zone_Resident","Destination_Zone_Worker","ZoneGlobale","All_modes","98"
"2020-04-04","Kikula","Bunkeya","3h","Destination_Zone_Resident","Origin_Zone_Worker","ZoneGlobale","All_modes","40"
"2020-04-04","Kikula","Bunkeya","3h","Study_Zone_Resident","Study_Zone_Worker","ZoneGlobale","All_modes","50"
"2020-04-04","Kikula","Bunkeya","3h","Origin_Zone_Resident","Destination_Zone_Worker","ZoneGlobale","All_modes","118"
"2020-04-04","Kikula","Bunkeya","3h","Origin_Zone_Resident","Origin_Zone_Worker","ZoneGlobale","All_modes","121"
"2020-04-04","Kikula","Fungurume","1h","Outside_Resident","Outside_Worker","ZoneGlobale","All_modes","24"
"2020-04-04","Kikula","Fungurume","3h","Outside_Resident","Destination_Zone_Worker","ZoneGlobale","All_modes","39"
"2020-04-04","Kikula","Fungurume","3h","Outside_Resident","Study_Zone_Worker","ZoneGlobale","All_modes","24"
"2020-04-04","Kikula","Kapolowe","1h","Outside_Resident","Outside_Worker","ZoneGlobale","All_modes","55"
"2020-04-04","Kikula","Kapolowe","1h","Outside_Resident","Origin_Zone_Worker","ZoneGlobale","All_modes","36"
"2020-04-04","Kikula","Kapolowe","1h","Study_Zone_Resident","Study_Zone_Worker","ZoneGlobale","All_modes","73"
"2020-04-04","Kikula","Kapolowe","1h","Origin_Zone_Resident","Destination_Zone_Worker","ZoneGlobale","All_modes","41"
"2020-04-04","Kikula","Kapolowe","1h","Origin_Zone_Resident","Origin_Zone_Worker","ZoneGlobale","All_modes","258"
"2020-04-04","Kikula","Kapolowe","3h","Outside_Resident","Outside_Worker","ZoneGlobale","All_modes","120"
"2020-04-04","Kikula","Kapolowe","3h","Outside_Resident","Study_Zone_Worker","ZoneGlobale","All_modes","21"
"2020-04-04","Kikula","Kapolowe","3h","Outside_Resident","Origin_Zone_Worker","ZoneGlobale","All_modes","41"
"2020-04-04","Kikula","Kapolowe","3h","Study_Zone_Resident","Study_Zone_Worker","ZoneGlobale","All_modes","73"
"2020-04-04","Kikula","Kapolowe","3h","Origin_Zone_Resident","Outside_Worker","ZoneGlobale","All_modes","75"
"2020-04-04","Kikula","Kapolowe","3h","Origin_Zone_Resident","Origin_Zone_Worker","ZoneGlobale","All_modes","99"
"2020-04-04","Kikula","Kashobwe","1h","Outside_Resident","Outside_Worker","ZoneGlobale","All_modes","605"
"2020-04-04","Kikula","Kashobwe","1h","Outside_Resident","Destination_Zone_Worker","ZoneGlobale","All_modes","163"
"2020-04-04","Kikula","Kashobwe","1h","Outside_Resident","Study_Zone_Worker","ZoneGlobale","All_modes","45"
"2020-04-04","Kikula","Kashobwe","1h","Outside_Resident","Origin_Zone_Worker","ZoneGlobale","All_modes","246"
"2020-04-04","Kikula","Kashobwe","1h","Destination_Zone_Resident","Destination_Zone_Worker","ZoneGlobale","All_modes","102"
"2020-04-04","Kikula","Kashobwe","1h","Study_Zone_Resident","Study_Zone_Worker","ZoneGlobale","All_modes","136"
"2020-04-04","Kikula","Kashobwe","1h","Origin_Zone_Resident","Destination_Zone_Worker","ZoneGlobale","All_modes","33"
"2020-04-04","Kikula","Kashobwe","1h","Origin_Zone_Resident","Origin_Zone_Worker","ZoneGlobale","All_modes","86"
"2020-04-04","Kikula","Kashobwe","3h","Outside_Resident","Outside_Worker","ZoneGlobale","All_modes","807"
"2020-04-04","Kikula","Kashobwe","3h","Outside_Resident","Destination_Zone_Worker","ZoneGlobale","All_modes","37"
"2020-04-04","Kikula","Kashobwe","3h","Outside_Resident","Origin_Zone_Worker","ZoneGlobale","All_modes","164"
"2020-04-04","Kikula","Kashobwe","3h","Destination_Zone_Resident","Destination_Zone_Worker","ZoneGlobale","All_modes","72"
"2020-04-04","Kikula","Kashobwe","3h","Study_Zone_Resident","Study_Zone_Worker","ZoneGlobale","All_modes","136"
"2020-04-04","Kikula","Kashobwe","3h","Origin_Zone_Resident","Destination_Zone_Worker","ZoneGlobale","All_modes","40"
"2020-04-04","Kikula","Kashobwe","3h","Origin_Zone_Resident","Origin_Zone_Worker","ZoneGlobale","All_modes","104"
"2020-04-04","Kikula","Kipushi","1h","Destination_Zone_Resident","Destination_Zone_Worker","ZoneGlobale","All_modes","50"
"2020-04-04","Kikula","Kipushi","1h","Destination_Zone_Resident","Study_Zone_Worker","ZoneGlobale","All_modes","21"
"2020-04-04","Kikula","Kipushi","1h","Study_Zone_Resident","Destination_Zone_Worker","ZoneGlobale","All_modes","36"
"2020-04-04","Kikula","Kipushi","1h","Study_Zone_Resident","Study_Zone_Worker","ZoneGlobale","All_modes","70"
"2020-04-04","Kikula","Kipushi","1h","Origin_Zone_Resident","Study_Zone_Worker","ZoneGlobale","All_modes","24"
"2020-04-04","Kikula","Kipushi","3h","Destination_Zone_Resident","Study_Zone_Worker","ZoneGlobale","All_modes","21"
"2020-04-04","Kikula","Likasi","1h","Outside_Resident","Outside_Worker","ZoneGlobale","All_modes","261"
"2020-04-04","Kikula","Likasi","1h","Outside_Resident","Destination_Zone_Worker","ZoneGlobale","All_modes","127"
"2020-04-04","Kikula","Likasi","1h","Outside_Resident","Study_Zone_Worker","ZoneGlobale","All_modes","35"
"2020-04-04","Kikula","Likasi","1h","Outside_Resident","Origin_Zone_Worker","ZoneGlobale","All_modes","125"
"2020-04-04","Kikula","Likasi","1h","Destination_Zone_Resident","Destination_Zone_Worker","ZoneGlobale","All_modes","278"
"2020-04-04","Kikula","Likasi","1h","Study_Zone_Resident","Study_Zone_Worker","ZoneGlobale","All_modes","75"
"2020-04-04","Kikula","Likasi","1h","Origin_Zone_Resident","Destination_Zone_Worker","ZoneGlobale","All_modes","73"
"2020-04-04","Kikula","Likasi","1h","Origin_Zone_Resident","Origin_Zone_Worker","ZoneGlobale","All_modes","456"
"2020-04-04","Kikula","Likasi","3h","Outside_Resident","Outside_Worker","ZoneGlobale","All_modes","258"
"2020-04-04","Kikula","Likasi","3h","Outside_Resident","Destination_Zone_Worker","ZoneGlobale","All_modes","99"
"2020-04-04","Kikula","Likasi","3h","Outside_Resident","Origin_Zone_Worker","ZoneGlobale","All_modes","246"
"2020-04-04","Kikula","Likasi","3h","Destination_Zone_Resident","Destination_Zone_Worker","ZoneGlobale","All_modes","386"
"2020-04-04","Kikula","Likasi","3h","Destination_Zone_Resident","Origin_Zone_Worker","ZoneGlobale","All_modes","40"
"2020-04-04","Kikula","Likasi","3h","Study_Zone_Resident","Study_Zone_Worker","ZoneGlobale","All_modes","75"
"2020-04-04","Kikula","Likasi","3h","Origin_Zone_Resident","Outside_Worker","ZoneGlobale","All_modes","40"
"2020-04-04","Kikula","Likasi","3h","Origin_Zone_Resident","Destination_Zone_Worker","ZoneGlobale","All_modes","58"
"2020-04-04","Kikula","Likasi","3h","Origin_Zone_Resident","Origin_Zone_Worker","ZoneGlobale","All_modes","474"
"2020-04-04","Kikula","Lubumbashi","1h","Outside_Resident","Outside_Worker","ZoneGlobale","All_modes","48"
"2020-04-04","Kikula","Lubumbashi","1h","Outside_Resident","Origin_Zone_Worker","ZoneGlobale","All_modes","42"
"2020-04-04","Kikula","Lubumbashi","1h","Destination_Zone_Resident","Destination_Zone_Worker","ZoneGlobale","All_modes","128"
"2020-04-04","Kikula","Lubumbashi","3h","Outside_Resident","Outside_Worker","ZoneGlobale","All_modes","31"
"2020-04-04","Kikula","Lubumbashi","3h","Destination_Zone_Resident","Destination_Zone_Worker","ZoneGlobale","All_modes","87"
"2020-04-04","Kikula","Rwashi","1h","Outside_Resident","Outside_Worker","ZoneGlobale","All_modes","51"
"2020-04-04","Kikula","Rwashi","1h","Outside_Resident","Destination_Zone_Worker","ZoneGlobale","All_modes","31"
"2020-04-04","Kikula","Rwashi","1h","Outside_Resident","Study_Zone_Worker","ZoneGlobale","All_modes","36"
"2020-04-04","Kikula","Rwashi","1h","Destination_Zone_Resident","Destination_Zone_Worker","ZoneGlobale","All_modes","146"
"2020-04-04","Kikula","Rwashi","1h","Study_Zone_Resident","Study_Zone_Worker","ZoneGlobale","All_modes","189"
"2020-04-04","Kikula","Rwashi","3h","Destination_Zone_Resident","Destination_Zone_Worker","ZoneGlobale","All_modes","54"
"2020-04-04","Kikula","Rwashi","3h","Study_Zone_Resident","Study_Zone_Worker","ZoneGlobale","All_modes","127"
"2020-04-04","Kikula","Sakania","3h","Outside_Resident","Outside_Worker","ZoneGlobale","All_modes","35"
"2020-04-04","Kikula","Tshamilemba","1h","Outside_Resident","Outside_Worker","ZoneGlobale","All_modes","21"
"2020-04-04","Kikula","Tshamilemba","3h","Outside_Resident","Outside_Worker","ZoneGlobale","All_modes","21"
"2020-04-04","Kikwit-Sud","Bulungu","1h","Outside_Resident","Outside_Worker","ZoneGlobale","All_modes","250"
"2020-04-04","Kikwit-Sud","Bulungu","1h","Destination_Zone_Resident","Destination_Zone_Worker","ZoneGlobale","All_modes","585"
"2020-04-04","Kikwit-Sud","Bulungu","3h","Outside_Resident","Outside_Worker","ZoneGlobale","All_modes","261"
"2020-04-04","Kikwit-Sud","Kahemba","1h","Outside_Resident","Outside_Worker","ZoneGlobale","All_modes","235"
"2020-04-04","Kikwit-Sud","Kahemba","1h","Outside_Resident","Destination_Zone_Worker","ZoneGlobale","All_modes","257"
"2020-04-04","Kikwit-Sud","Kalonda Ouest","1h","Outside_Resident","Outside_Worker","ZoneGlobale","All_modes","213"
"2020-04-04","Kikwit-Sud","Kamonia","1h","Outside_Resident","Outside_Worker","ZoneGlobale","All_modes","222"
"2020-04-04","Kikwit-Sud","Kamonia","1h","Outside_Resident","Destination_Zone_Worker","ZoneGlobale","All_modes","237"
"2020-04-04","Kikwit-Sud","Kamonia","1h","Destination_Zone_Resident","Outside_Worker","ZoneGlobale","All_modes","237"
"2020-04-04","Kikwit-Sud","Kamonia","1h","Destination_Zone_Resident","Destination_Zone_Worker","ZoneGlobale","All_modes","223"
"2020-04-04","Kikwit-Sud","Kamonia","1h","Origin_Zone_Resident","Study_Zone_Worker","ZoneGlobale","All_modes","263"
"2020-04-04","Kikwit-Sud","Kamonia","1h","Origin_Zone_Resident","Origin_Zone_Worker","ZoneGlobale","All_modes","1013"
"2020-04-04","Kikwit-Sud","Kamonia","3h","Outside_Resident","Outside_Worker","ZoneGlobale","All_modes","240"
"2020-04-04","Kikwit-Sud","Kamonia","3h","Destination_Zone_Resident","Outside_Worker","ZoneGlobale","All_modes","237"
"2020-04-04","Kikwit-Sud","Kamonia","3h","Origin_Zone_Resident","Origin_Zone_Worker","ZoneGlobale","All_modes","716"
"2020-04-04","Kikwit-Sud","Kimpese","3h","Outside_Resident","Outside_Worker","ZoneGlobale","All_modes","30"
"2020-04-04","Kikwit-Sud","Kitangwa","1h","Outside_Resident","Outside_Worker","ZoneGlobale","All_modes","163"
"2020-04-04","Kikwit-Sud","Mokala","1h","Outside_Resident","Outside_Worker","ZoneGlobale","All_modes","234"
"2020-04-04","Kikwit-Sud","Vanga","1h","Outside_Resident","Outside_Worker","ZoneGlobale","All_modes","2241"
"2020-04-04","Kikwit-Sud","Vanga","1h","Outside_Resident","Study_Zone_Worker","ZoneGlobale","All_modes","244"
"2020-04-04","Kikwit-Sud","Vanga","1h","Outside_Resident","Origin_Zone_Worker","ZoneGlobale","All_modes","257"
"2020-04-04","Kikwit-Sud","Vanga","1h","Destination_Zone_Resident","Destination_Zone_Worker","ZoneGlobale","All_modes","858"
"2020-04-04","Kikwit-Sud","Vanga","1h","Study_Zone_Resident","Study_Zone_Worker","ZoneGlobale","All_modes","242"
"2020-04-04","Kikwit-Sud","Vanga","1h","Origin_Zone_Resident","Origin_Zone_Worker","ZoneGlobale","All_modes","2310"
"2020-04-04","Kikwit-Sud","Vanga","3h","Outside_Resident","Outside_Worker","ZoneGlobale","All_modes","1548"
"2020-04-04","Kikwit-Sud","Vanga","3h","Outside_Resident","Study_Zone_Worker","ZoneGlobale","All_modes","243"
"2020-04-04","Kikwit-Sud","Vanga","3h","Outside_Resident","Origin_Zone_Worker","ZoneGlobale","All_modes","261"
"2020-04-04","Kikwit-Sud","Vanga","3h","Destination_Zone_Resident","Destination_Zone_Worker","ZoneGlobale","All_modes","238"
"2020-04-04","Kikwit-Sud","Vanga","3h","Destination_Zone_Resident","Study_Zone_Worker","ZoneGlobale","All_modes","258"
"2020-04-04","Kikwit-Sud","Vanga","3h","Destination_Zone_Resident","Origin_Zone_Worker","ZoneGlobale","All_modes","240"
"2020-04-04","Kikwit-Sud","Vanga","3h","Study_Zone_Resident","Study_Zone_Worker","ZoneGlobale","All_modes","489"
"2020-04-04","Kikwit-Sud","Vanga","3h","Origin_Zone_Resident","Outside_Worker","ZoneGlobale","All_modes","253"
"2020-04-04","Kikwit-Sud","Vanga","3h","Origin_Zone_Resident","Destination_Zone_Worker","ZoneGlobale","All_modes","240"
"2020-04-04","Kikwit-Sud","Vanga","3h","Origin_Zone_Resident","Origin_Zone_Worker","ZoneGlobale","All_modes","1987"
"2020-04-04","Kilwa","Lubumbashi","1h","Outside_Resident","Outside_Worker","ZoneGlobale","All_modes","85"
"2020-04-04","Kilwa","Lubumbashi","1h","Outside_Resident","Origin_Zone_Worker","ZoneGlobale","All_modes","21"
"2020-04-04","Kilwa","Lubumbashi","1h","Study_Zone_Resident","Study_Zone_Worker","ZoneGlobale","All_modes","39"
"2020-04-04","Kilwa","Pweto","1h","Outside_Resident","Outside_Worker","ZoneGlobale","All_modes","201"
"2020-04-04","Kilwa","Pweto","1h","Outside_Resident","Destination_Zone_Worker","ZoneGlobale","All_modes","33"
"2020-04-04","Kilwa","Pweto","1h","Destination_Zone_Resident","Destination_Zone_Worker","ZoneGlobale","All_modes","171"
"2020-04-04","Kilwa","Pweto","1h","Origin_Zone_Resident","Origin_Zone_Worker","ZoneGlobale","All_modes","36"
"2020-04-04","Kilwa","Pweto","3h","Outside_Resident","Outside_Worker","ZoneGlobale","All_modes","192"
"2020-04-04","Kilwa","Pweto","3h","Outside_Resident","Destination_Zone_Worker","ZoneGlobale","All_modes","37"
"2020-04-04","Kilwa","Pweto","3h","Outside_Resident","Study_Zone_Worker","ZoneGlobale","All_modes","38"
"2020-04-04","Kilwa","Pweto","3h","Outside_Resident","Origin_Zone_Worker","ZoneGlobale","All_modes","51"
"2020-04-04","Kilwa","Pweto","3h","Destination_Zone_Resident","Outside_Worker","ZoneGlobale","All_modes","31"
"2020-04-04","Kilwa","Pweto","3h","Destination_Zone_Resident","Destination_Zone_Worker","ZoneGlobale","All_modes","192"
"2020-04-04","Kilwa","Pweto","3h","Origin_Zone_Resident","Outside_Worker","ZoneGlobale","All_modes","21"
"2020-04-04","Kimbanseke","Barumbu","1h","Outside_Resident","Outside_Worker","ZoneGlobale","All_modes","68"
"2020-04-04","Kimbanseke","Barumbu","1h","Outside_Resident","Origin_Zone_Worker","ZoneGlobale","All_modes","21"
"2020-04-04","Kimbanseke","Barumbu","1h","Study_Zone_Resident","Outside_Worker","ZoneGlobale","All_modes","21"
"2020-04-04","Kimbanseke","Barumbu","1h","Study_Zone_Resident","Destination_Zone_Worker","ZoneGlobale","All_modes","21"
"2020-04-04","Kimbanseke","Barumbu","1h","Study_Zone_Resident","Study_Zone_Worker","ZoneGlobale","All_modes","35"
"2020-04-04","Kimbanseke","Barumbu","1h","Origin_Zone_Resident","Outside_Worker","ZoneGlobale","All_modes","39"
"2020-04-04","Kimbanseke","Barumbu","1h","Origin_Zone_Resident","Destination_Zone_Worker","ZoneGlobale","All_modes","66"
"2020-04-04","Kimbanseke","Barumbu","1h","Origin_Zone_Resident","Study_Zone_Worker","ZoneGlobale","All_modes","25"
"2020-04-04","Kimbanseke","Barumbu","1h","Origin_Zone_Resident","Origin_Zone_Worker","ZoneGlobale","All_modes","146"
"2020-04-04","Kimbanseke","Barumbu","3h","Outside_Resident","Outside_Worker","ZoneGlobale","All_modes","138"
"2020-04-04","Kimbanseke","Barumbu","3h","Outside_Resident","Origin_Zone_Worker","ZoneGlobale","All_modes","36"
"2020-04-04","Kimbanseke","Barumbu","3h","Destination_Zone_Resident","Destination_Zone_Worker","ZoneGlobale","All_modes","37"
"2020-04-04","Kimbanseke","Barumbu","3h","Study_Zone_Resident","Study_Zone_Worker","ZoneGlobale","All_modes","34"
"2020-04-04","Kimbanseke","Barumbu","3h","Study_Zone_Resident","Origin_Zone_Worker","ZoneGlobale","All_modes","21"
"2020-04-04","Kimbanseke","Barumbu","3h","Origin_Zone_Resident","Outside_Worker","ZoneGlobale","All_modes","111"
"2020-04-04","Kimbanseke","Barumbu","3h","Origin_Zone_Resident","Destination_Zone_Worker","ZoneGlobale","All_modes","103"
"2020-04-04","Kimbanseke","Barumbu","3h","Origin_Zone_Resident","Study_Zone_Worker","ZoneGlobale","All_modes","53"
"2020-04-04","Kimbanseke","Barumbu","3h","Origin_Zone_Resident","Origin_Zone_Worker","ZoneGlobale","All_modes","280"
"2020-04-04","Kimbanseke","Binza Meteo","1h","Outside_Resident","Outside_Worker","ZoneGlobale","All_modes","89"
"2020-04-04","Kimbanseke","Binza Meteo","1h","Destination_Zone_Resident","Destination_Zone_Worker","ZoneGlobale","All_modes","34"
"2020-04-04","Kimbanseke","Binza Meteo","1h","Study_Zone_Resident","Destination_Zone_Worker","ZoneGlobale","All_modes","21"
"2020-04-04","Kimbanseke","Binza Meteo","1h","Study_Zone_Resident","Study_Zone_Worker","ZoneGlobale","All_modes","28"
"2020-04-04","Kimbanseke","Binza Meteo","1h","Origin_Zone_Resident","Destination_Zone_Worker","ZoneGlobale","All_modes","40"
"2020-04-04","Kimbanseke","Binza Meteo","1h","Origin_Zone_Resident","Study_Zone_Worker","ZoneGlobale","All_modes","21"
"2020-04-04","Kimbanseke","Binza Meteo","1h","Origin_Zone_Resident","Origin_Zone_Worker","ZoneGlobale","All_modes","76"
"2020-04-04","Kimbanseke","Binza Meteo","3h","Outside_Resident","Outside_Worker","ZoneGlobale","All_modes","103"
"2020-04-04","Kimbanseke","Binza Meteo","3h","Outside_Resident","Destination_Zone_Worker","ZoneGlobale","All_modes","21"
"2020-04-04","Kimbanseke","Binza Meteo","3h","Destination_Zone_Resident","Destination_Zone_Worker","ZoneGlobale","All_modes","76"
"2020-04-04","Kimbanseke","Binza Meteo","3h","Study_Zone_Resident","Outside_Worker","ZoneGlobale","All_modes","22"
"2020-04-04","Kimbanseke","Binza Meteo","3h","Study_Zone_Resident","Study_Zone_Worker","ZoneGlobale","All_modes","53"
"2020-04-04","Kimbanseke","Binza Meteo","3h","Origin_Zone_Resident","Destination_Zone_Worker","ZoneGlobale","All_modes","46"
"2020-04-04","Kimbanseke","Binza Meteo","3h","Origin_Zone_Resident","Study_Zone_Worker","ZoneGlobale","All_modes","43"
"2020-04-04","Kimbanseke","Binza Meteo","3h","Origin_Zone_Resident","Origin_Zone_Worker","ZoneGlobale","All_modes","117"
"2020-04-04","Kimbanseke","Binza Ozone","1h","Outside_Resident","Outside_Worker","ZoneGlobale","All_modes","22"
"2020-04-04","Kimbanseke","Binza Ozone","1h","Destination_Zone_Resident","Destination_Zone_Worker","ZoneGlobale","All_modes","33"
"2020-04-04","Kimbanseke","Binza Ozone","1h","Origin_Zone_Resident","Destination_Zone_Worker","ZoneGlobale","All_modes","21"
"2020-04-04","Kimbanseke","Binza Ozone","1h","Origin_Zone_Resident","Origin_Zone_Worker","ZoneGlobale","All_modes","41"
"2020-04-04","Kimbanseke","Binza Ozone","3h","Outside_Resident","Outside_Worker","ZoneGlobale","All_modes","42"
"2020-04-04","Kimbanseke","Binza Ozone","3h","Destination_Zone_Resident","Destination_Zone_Worker","ZoneGlobale","All_modes","54"
"2020-04-04","Kimbanseke","Binza Ozone","3h","Study_Zone_Resident","Study_Zone_Worker","ZoneGlobale","All_modes","40"
"2020-04-04","Kimbanseke","Binza Ozone","3h","Origin_Zone_Resident","Destination_Zone_Worker","ZoneGlobale","All_modes","21"
"2020-04-04","Kimbanseke","Binza Ozone","3h","Origin_Zone_Resident","Origin_Zone_Worker","ZoneGlobale","All_modes","83"
"2020-04-04","Kimbanseke","Boko","1h","Outside_Resident","Study_Zone_Worker","ZoneGlobale","All_modes","238"
"2020-04-04","Kimbanseke","Boko","1h","Origin_Zone_Resident","Origin_Zone_Worker","ZoneGlobale","All_modes","258"
"2020-04-04","Kimbanseke","Boko","3h","Study_Zone_Resident","Study_Zone_Worker","ZoneGlobale","All_modes","234"
"2020-04-04","Kimbanseke","Bolobo","1h","Outside_Resident","Outside_Worker","ZoneGlobale","All_modes","235"
"2020-04-04","Kimbanseke","Bumbu","1h","Outside_Resident","Outside_Worker","ZoneGlobale","All_modes","33"
"2020-04-04","Kimbanseke","Bumbu","1h","Destination_Zone_Resident","Destination_Zone_Worker","ZoneGlobale","All_modes","33"
"2020-04-04","Kimbanseke","Bumbu","1h","Study_Zone_Resident","Study_Zone_Worker","ZoneGlobale","All_modes","53"
"2020-04-04","Kimbanseke","Bumbu","1h","Origin_Zone_Resident","Origin_Zone_Worker","ZoneGlobale","All_modes","34"
"2020-04-04","Kimbanseke","Bumbu","3h","Outside_Resident","Outside_Worker","ZoneGlobale","All_modes","34"
"2020-04-04","Kimbanseke","Bumbu","3h","Destination_Zone_Resident","Destination_Zone_Worker","ZoneGlobale","All_modes","54"
"2020-04-04","Kimbanseke","Bumbu","3h","Study_Zone_Resident","Study_Zone_Worker","ZoneGlobale","All_modes","27"
"2020-04-04","Kimbanseke","Bumbu","3h","Origin_Zone_Resident","Origin_Zone_Worker","ZoneGlobale","All_modes","26"
"2020-04-04","Kimbanseke","Gombe","1h","Outside_Resident","Outside_Worker","ZoneGlobale","All_modes","236"
"2020-04-04","Kimbanseke","Gombe","1h","Outside_Resident","Destination_Zone_Worker","ZoneGlobale","All_modes","56"
"2020-04-04","Kimbanseke","Gombe","1h","Destination_Zone_Resident","Destination_Zone_Worker","ZoneGlobale","All_modes","35"
"2020-04-04","Kimbanseke","Gombe","1h","Study_Zone_Resident","Outside_Worker","ZoneGlobale","All_modes","22"
"2020-04-04","Kimbanseke","Gombe","1h","Study_Zone_Resident","Destination_Zone_Worker","ZoneGlobale","All_modes","72"
"2020-04-04","Kimbanseke","Gombe","1h","Study_Zone_Resident","Study_Zone_Worker","ZoneGlobale","All_modes","112"
"2020-04-04","Kimbanseke","Gombe","1h","Study_Zone_Resident","Origin_Zone_Worker","ZoneGlobale","All_modes","22"
"2020-04-04","Kimbanseke","Gombe","1h","Origin_Zone_Resident","Outside_Worker","ZoneGlobale","All_modes","35"
"2020-04-04","Kimbanseke","Gombe","1h","Origin_Zone_Resident","Destination_Zone_Worker","ZoneGlobale","All_modes","301"
"2020-04-04","Kimbanseke","Gombe","1h","Origin_Zone_Resident","Study_Zone_Worker","ZoneGlobale","All_modes","44"
"2020-04-04","Kimbanseke","Gombe","1h","Origin_Zone_Resident","Origin_Zone_Worker","ZoneGlobale","All_modes","491"
"2020-04-04","Kimbanseke","Gombe","3h","Outside_Resident","Outside_Worker","ZoneGlobale","All_modes","209"
"2020-04-04","Kimbanseke","Gombe","3h","Outside_Resident","Destination_Zone_Worker","ZoneGlobale","All_modes","49"
"2020-04-04","Kimbanseke","Gombe","3h","Outside_Resident","Study_Zone_Worker","ZoneGlobale","All_modes","40"
"2020-04-04","Kimbanseke","Gombe","3h","Outside_Resident","Origin_Zone_Worker","ZoneGlobale","All_modes","22"
"2020-04-04","Kimbanseke","Gombe","3h","Destination_Zone_Resident","Destination_Zone_Worker","ZoneGlobale","All_modes","66"
"2020-04-04","Kimbanseke","Gombe","3h","Study_Zone_Resident","Outside_Worker","ZoneGlobale","All_modes","50"
"2020-04-04","Kimbanseke","Gombe","3h","Study_Zone_Resident","Destination_Zone_Worker","ZoneGlobale","All_modes","130"
"2020-04-04","Kimbanseke","Gombe","3h","Study_Zone_Resident","Study_Zone_Worker","ZoneGlobale","All_modes","162"
"2020-04-04","Kimbanseke","Gombe","3h","Study_Zone_Resident","Origin_Zone_Worker","ZoneGlobale","All_modes","28"
"2020-04-04","Kimbanseke","Gombe","3h","Origin_Zone_Resident","Outside_Worker","ZoneGlobale","All_modes","139"
"2020-04-04","Kimbanseke","Gombe","3h","Origin_Zone_Resident","Destination_Zone_Worker","ZoneGlobale","All_modes","653"
"2020-04-04","Kimbanseke","Gombe","3h","Origin_Zone_Resident","Study_Zone_Worker","ZoneGlobale","All_modes","67"
"2020-04-04","Kimbanseke","Gombe","3h","Origin_Zone_Resident","Origin_Zone_Worker","ZoneGlobale","All_modes","705"
"2020-04-04","Kimbanseke","Kalamu I","1h","Outside_Resident","Outside_Worker","ZoneGlobale","All_modes","33"
"2020-04-04","Kimbanseke","Kalamu I","1h","Destination_Zone_Resident","Destination_Zone_Worker","ZoneGlobale","All_modes","56"
"2020-04-04","Kimbanseke","Kalamu I","1h","Study_Zone_Resident","Study_Zone_Worker","ZoneGlobale","All_modes","40"
"2020-04-04","Kimbanseke","Kalamu I","1h","Origin_Zone_Resident","Study_Zone_Worker","ZoneGlobale","All_modes","36"
"2020-04-04","Kimbanseke","Kalamu I","1h","Origin_Zone_Resident","Origin_Zone_Worker","ZoneGlobale","All_modes","74"
"2020-04-04","Kimbanseke","Kalamu I","3h","Outside_Resident","Outside_Worker","ZoneGlobale","All_modes","62"
"2020-04-04","Kimbanseke","Kalamu I","3h","Outside_Resident","Origin_Zone_Worker","ZoneGlobale","All_modes","21"
"2020-04-04","Kimbanseke","Kalamu I","3h","Destination_Zone_Resident","Destination_Zone_Worker","ZoneGlobale","All_modes","48"
"2020-04-04","Kimbanseke","Kalamu I","3h","Study_Zone_Resident","Study_Zone_Worker","ZoneGlobale","All_modes","33"
"2020-04-04","Kimbanseke","Kalamu I","3h","Origin_Zone_Resident","Destination_Zone_Worker","ZoneGlobale","All_modes","29"
"2020-04-04","Kimbanseke","Kalamu I","3h","Origin_Zone_Resident","Origin_Zone_Worker","ZoneGlobale","All_modes","152"
"2020-04-04","Kimbanseke","Kalamu II","1h","Outside_Resident","Outside_Worker","ZoneGlobale","All_modes","91"
"2020-04-04","Kimbanseke","Kalamu II","1h","Destination_Zone_Resident","Destination_Zone_Worker","ZoneGlobale","All_modes","47"
"2020-04-04","Kimbanseke","Kalamu II","1h","Destination_Zone_Resident","Study_Zone_Worker","ZoneGlobale","All_modes","21"
"2020-04-04","Kimbanseke","Kalamu II","1h","Study_Zone_Resident","Study_Zone_Worker","ZoneGlobale","All_modes","90"
"2020-04-04","Kimbanseke","Kalamu II","1h","Origin_Zone_Resident","Outside_Worker","ZoneGlobale","All_modes","21"
"2020-04-04","Kimbanseke","Kalamu II","1h","Origin_Zone_Resident","Destination_Zone_Worker","ZoneGlobale","All_modes","95"
"2020-04-04","Kimbanseke","Kalamu II","1h","Origin_Zone_Resident","Study_Zone_Worker","ZoneGlobale","All_modes","43"
"2020-04-04","Kimbanseke","Kalamu II","1h","Origin_Zone_Resident","Origin_Zone_Worker","ZoneGlobale","All_modes","193"
"2020-04-04","Kimbanseke","Kalamu II","3h","Outside_Resident","Outside_Worker","ZoneGlobale","All_modes","167"
"2020-04-04","Kimbanseke","Kalamu II","3h","Outside_Resident","Study_Zone_Worker","ZoneGlobale","All_modes","27"
"2020-04-04","Kimbanseke","Kalamu II","3h","Study_Zone_Resident","Outside_Worker","ZoneGlobale","All_modes","28"
"2020-04-04","Kimbanseke","Kalamu II","3h","Study_Zone_Resident","Study_Zone_Worker","ZoneGlobale","All_modes","92"
"2020-04-04","Kimbanseke","Kalamu II","3h","Origin_Zone_Resident","Outside_Worker","ZoneGlobale","All_modes","66"
"2020-04-04","Kimbanseke","Kalamu II","3h","Origin_Zone_Resident","Destination_Zone_Worker","ZoneGlobale","All_modes","101"
"2020-04-04","Kimbanseke","Kalamu II","3h","Origin_Zone_Resident","Study_Zone_Worker","ZoneGlobale","All_modes","76"
"2020-04-04","Kimbanseke","Kalamu II","3h","Origin_Zone_Resident","Origin_Zone_Worker","ZoneGlobale","All_modes","402"
"2020-04-04","Kimbanseke","Kasa-Vubu","1h","Outside_Resident","Outside_Worker","ZoneGlobale","All_modes","41"
"2020-04-04","Kimbanseke","Kasa-Vubu","1h","Destination_Zone_Resident","Destination_Zone_Worker","ZoneGlobale","All_modes","41"
"2020-04-04","Kimbanseke","Kasa-Vubu","1h","Study_Zone_Resident","Study_Zone_Worker","ZoneGlobale","All_modes","105"
"2020-04-04","Kimbanseke","Kasa-Vubu","1h","Origin_Zone_Resident","Destination_Zone_Worker","ZoneGlobale","All_modes","49"
"2020-04-04","Kimbanseke","Kasa-Vubu","1h","Origin_Zone_Resident","Origin_Zone_Worker","ZoneGlobale","All_modes","154"
"2020-04-04","Kimbanseke","Kasa-Vubu","3h","Outside_Resident","Outside_Worker","ZoneGlobale","All_modes","126"
"2020-04-04","Kimbanseke","Kasa-Vubu","3h","Destination_Zone_Resident","Destination_Zone_Worker","ZoneGlobale","All_modes","34"
"2020-04-04","Kimbanseke","Kasa-Vubu","3h","Study_Zone_Resident","Study_Zone_Worker","ZoneGlobale","All_modes","71"
"2020-04-04","Kimbanseke","Kasa-Vubu","3h","Study_Zone_Resident","Origin_Zone_Worker","ZoneGlobale","All_modes","21"
"2020-04-04","Kimbanseke","Kasa-Vubu","3h","Origin_Zone_Resident","Outside_Worker","ZoneGlobale","All_modes","92"
"2020-04-04","Kimbanseke","Kasa-Vubu","3h","Origin_Zone_Resident","Destination_Zone_Worker","ZoneGlobale","All_modes","101"
"2020-04-04","Kimbanseke","Kasa-Vubu","3h","Origin_Zone_Resident","Study_Zone_Worker","ZoneGlobale","All_modes","71"
"2020-04-04","Kimbanseke","Kasa-Vubu","3h","Origin_Zone_Resident","Origin_Zone_Worker","ZoneGlobale","All_modes","223"
"2020-04-04","Kimbanseke","Kikimi","1h","Outside_Resident","Outside_Worker","ZoneGlobale","All_modes","2431"
"2020-04-04","Kimbanseke","Kikimi","1h","Outside_Resident","Destination_Zone_Worker","ZoneGlobale","All_modes","442"
"2020-04-04","Kimbanseke","Kikimi","1h","Outside_Resident","Study_Zone_Worker","ZoneGlobale","All_modes","128"
"2020-04-04","Kimbanseke","Kikimi","1h","Outside_Resident","Origin_Zone_Worker","ZoneGlobale","All_modes","315"
"2020-04-04","Kimbanseke","Kikimi","1h","Destination_Zone_Resident","Outside_Worker","ZoneGlobale","All_modes","381"
"2020-04-04","Kimbanseke","Kikimi","1h","Destination_Zone_Resident","Destination_Zone_Worker","ZoneGlobale","All_modes","4935"
"2020-04-04","Kimbanseke","Kikimi","1h","Destination_Zone_Resident","Study_Zone_Worker","ZoneGlobale","All_modes","283"
"2020-04-04","Kimbanseke","Kikimi","1h","Destination_Zone_Resident","Origin_Zone_Worker","ZoneGlobale","All_modes","941"
"2020-04-04","Kimbanseke","Kikimi","1h","Study_Zone_Resident","Outside_Worker","ZoneGlobale","All_modes","67"
"2020-04-04","Kimbanseke","Kikimi","1h","Study_Zone_Resident","Destination_Zone_Worker","ZoneGlobale","All_modes","92"
"2020-04-04","Kimbanseke","Kikimi","1h","Study_Zone_Resident","Study_Zone_Worker","ZoneGlobale","All_modes","699"
"2020-04-04","Kimbanseke","Kikimi","1h","Study_Zone_Resident","Origin_Zone_Worker","ZoneGlobale","All_modes","88"
"2020-04-04","Kimbanseke","Kikimi","1h","Origin_Zone_Resident","Outside_Worker","ZoneGlobale","All_modes","273"
"2020-04-04","Kimbanseke","Kikimi","1h","Origin_Zone_Resident","Destination_Zone_Worker","ZoneGlobale","All_modes","940"
"2020-04-04","Kimbanseke","Kikimi","1h","Origin_Zone_Resident","Study_Zone_Worker","ZoneGlobale","All_modes","180"
"2020-04-04","Kimbanseke","Kikimi","1h","Origin_Zone_Resident","Origin_Zone_Worker","ZoneGlobale","All_modes","4658"
"2020-04-04","Kimbanseke","Kikimi","3h","Outside_Resident","Outside_Worker","ZoneGlobale","All_modes","2555"
"2020-04-04","Kimbanseke","Kikimi","3h","Outside_Resident","Destination_Zone_Worker","ZoneGlobale","All_modes","608"
"2020-04-04","Kimbanseke","Kikimi","3h","Outside_Resident","Study_Zone_Worker","ZoneGlobale","All_modes","92"
"2020-04-04","Kimbanseke","Kikimi","3h","Outside_Resident","Origin_Zone_Worker","ZoneGlobale","All_modes","524"
"2020-04-04","Kimbanseke","Kikimi","3h","Destination_Zone_Resident","Outside_Worker","ZoneGlobale","All_modes","483"
"2020-04-04","Kimbanseke","Kikimi","3h","Destination_Zone_Resident","Destination_Zone_Worker","ZoneGlobale","All_modes","4191"
"2020-04-04","Kimbanseke","Kikimi","3h","Destination_Zone_Resident","Study_Zone_Worker","ZoneGlobale","All_modes","240"
"2020-04-04","Kimbanseke","Kikimi","3h","Destination_Zone_Resident","Origin_Zone_Worker","ZoneGlobale","All_modes","936"
"2020-04-04","Kimbanseke","Kikimi","3h","Study_Zone_Resident","Outside_Worker","ZoneGlobale","All_modes","66"
"2020-04-04","Kimbanseke","Kikimi","3h","Study_Zone_Resident","Destination_Zone_Worker","ZoneGlobale","All_modes","48"
"2020-04-04","Kimbanseke","Kikimi","3h","Study_Zone_Resident","Study_Zone_Worker","ZoneGlobale","All_modes","411"
"2020-04-04","Kimbanseke","Kikimi","3h","Study_Zone_Resident","Origin_Zone_Worker","ZoneGlobale","All_modes","42"
"2020-04-04","Kimbanseke","Kikimi","3h","Origin_Zone_Resident","Outside_Worker","ZoneGlobale","All_modes","387"
"2020-04-04","Kimbanseke","Kikimi","3h","Origin_Zone_Resident","Destination_Zone_Worker","ZoneGlobale","All_modes","916"
"2020-04-04","Kimbanseke","Kikimi","3h","Origin_Zone_Resident","Study_Zone_Worker","ZoneGlobale","All_modes","288"
"2020-04-04","Kimbanseke","Kikimi","3h","Origin_Zone_Resident","Origin_Zone_Worker","ZoneGlobale","All_modes","4919"
"2020-04-04","Kimbanseke","Kingabwa","1h","Outside_Resident","Outside_Worker","ZoneGlobale","All_modes","147"
"2020-04-04","Kimbanseke","Kingabwa","1h","Outside_Resident","Origin_Zone_Worker","ZoneGlobale","All_modes","42"
"2020-04-04","Kimbanseke","Kingabwa","1h","Destination_Zone_Resident","Destination_Zone_Worker","ZoneGlobale","All_modes","89"
"2020-04-04","Kimbanseke","Kingabwa","1h","Destination_Zone_Resident","Study_Zone_Worker","ZoneGlobale","All_modes","28"
"2020-04-04","Kimbanseke","Kingabwa","1h","Study_Zone_Resident","Outside_Worker","ZoneGlobale","All_modes","21"
"2020-04-04","Kimbanseke","Kingabwa","1h","Study_Zone_Resident","Destination_Zone_Worker","ZoneGlobale","All_modes","28"
"2020-04-04","Kimbanseke","Kingabwa","1h","Study_Zone_Resident","Study_Zone_Worker","ZoneGlobale","All_modes","158"
"2020-04-04","Kimbanseke","Kingabwa","1h","Origin_Zone_Resident","Outside_Worker","ZoneGlobale","All_modes","50"
"2020-04-04","Kimbanseke","Kingabwa","1h","Origin_Zone_Resident","Destination_Zone_Worker","ZoneGlobale","All_modes","132"
"2020-04-04","Kimbanseke","Kingabwa","1h","Origin_Zone_Resident","Study_Zone_Worker","ZoneGlobale","All_modes","80"
"2020-04-04","Kimbanseke","Kingabwa","1h","Origin_Zone_Resident","Origin_Zone_Worker","ZoneGlobale","All_modes","277"
"2020-04-04","Kimbanseke","Kingabwa","3h","Outside_Resident","Outside_Worker","ZoneGlobale","All_modes","233"
"2020-04-04","Kimbanseke","Kingabwa","3h","Outside_Resident","Destination_Zone_Worker","ZoneGlobale","All_modes","27"
"2020-04-04","Kimbanseke","Kingabwa","3h","Outside_Resident","Study_Zone_Worker","ZoneGlobale","All_modes","47"
"2020-04-04","Kimbanseke","Kingabwa","3h","Outside_Resident","Origin_Zone_Worker","ZoneGlobale","All_modes","62"
"2020-04-04","Kimbanseke","Kingabwa","3h","Destination_Zone_Resident","Destination_Zone_Worker","ZoneGlobale","All_modes","138"
"2020-04-04","Kimbanseke","Kingabwa","3h","Study_Zone_Resident","Destination_Zone_Worker","ZoneGlobale","All_modes","72"
"2020-04-04","Kimbanseke","Kingabwa","3h","Study_Zone_Resident","Study_Zone_Worker","ZoneGlobale","All_modes","133"
"2020-04-04","Kimbanseke","Kingabwa","3h","Origin_Zone_Resident","Outside_Worker","ZoneGlobale","All_modes","169"
"2020-04-04","Kimbanseke","Kingabwa","3h","Origin_Zone_Resident","Destination_Zone_Worker","ZoneGlobale","All_modes","223"
"2020-04-04","Kimbanseke","Kingabwa","3h","Origin_Zone_Resident","Study_Zone_Worker","ZoneGlobale","All_modes","135"
"2020-04-04","Kimbanseke","Kingabwa","3h","Origin_Zone_Resident","Origin_Zone_Worker","ZoneGlobale","All_modes","514"
"2020-04-04","Kimbanseke","Kinshasa","1h","Outside_Resident","Outside_Worker","ZoneGlobale","All_modes","136"
"2020-04-04","Kimbanseke","Kinshasa","1h","Destination_Zone_Resident","Destination_Zone_Worker","ZoneGlobale","All_modes","48"
"2020-04-04","Kimbanseke","Kinshasa","1h","Study_Zone_Resident","Study_Zone_Worker","ZoneGlobale","All_modes","34"
"2020-04-04","Kimbanseke","Kinshasa","1h","Origin_Zone_Resident","Outside_Worker","ZoneGlobale","All_modes","21"
"2020-04-04","Kimbanseke","Kinshasa","1h","Origin_Zone_Resident","Destination_Zone_Worker","ZoneGlobale","All_modes","58"
"2020-04-04","Kimbanseke","Kinshasa","1h","Origin_Zone_Resident","Study_Zone_Worker","ZoneGlobale","All_modes","37"
"2020-04-04","Kimbanseke","Kinshasa","1h","Origin_Zone_Resident","Origin_Zone_Worker","ZoneGlobale","All_modes","155"
"2020-04-04","Kimbanseke","Kinshasa","3h","Outside_Resident","Outside_Worker","ZoneGlobale","All_modes","174"
"2020-04-04","Kimbanseke","Kinshasa","3h","Outside_Resident","Study_Zone_Worker","ZoneGlobale","All_modes","29"
"2020-04-04","Kimbanseke","Kinshasa","3h","Destination_Zone_Resident","Destination_Zone_Worker","ZoneGlobale","All_modes","42"
"2020-04-04","Kimbanseke","Kinshasa","3h","Study_Zone_Resident","Destination_Zone_Worker","ZoneGlobale","All_modes","21"
"2020-04-04","Kimbanseke","Kinshasa","3h","Study_Zone_Resident","Study_Zone_Worker","ZoneGlobale","All_modes","81"
"2020-04-04","Kimbanseke","Kinshasa","3h","Origin_Zone_Resident","Outside_Worker","ZoneGlobale","All_modes","65"
"2020-04-04","Kimbanseke","Kinshasa","3h","Origin_Zone_Resident","Destination_Zone_Worker","ZoneGlobale","All_modes","156"
"2020-04-04","Kimbanseke","Kinshasa","3h","Origin_Zone_Resident","Study_Zone_Worker","ZoneGlobale","All_modes","74"
"2020-04-04","Kimbanseke","Kinshasa","3h","Origin_Zone_Resident","Origin_Zone_Worker","ZoneGlobale","All_modes","271"
"2020-04-04","Kimbanseke","Kintambo","1h","Study_Zone_Resident","Study_Zone_Worker","ZoneGlobale","All_modes","46"
"2020-04-04","Kimbanseke","Kintambo","1h","Origin_Zone_Resident","Destination_Zone_Worker","ZoneGlobale","All_modes","21"
"2020-04-04","Kimbanseke","Kintambo","3h","Outside_Resident","Outside_Worker","ZoneGlobale","All_modes","26"
"2020-04-04","Kimbanseke","Kintambo","3h","Destination_Zone_Resident","Destination_Zone_Worker","ZoneGlobale","All_modes","26"
"2020-04-04","Kimbanseke","Kintambo","3h","Origin_Zone_Resident","Destination_Zone_Worker","ZoneGlobale","All_modes","22"
"2020-04-04","Kimbanseke","Kisantu","1h","Outside_Resident","Outside_Worker","ZoneGlobale","All_modes","265"
"2020-04-04","Kimbanseke","Kisenso","1h","Outside_Resident","Outside_Worker","ZoneGlobale","All_modes","893"
"2020-04-04","Kimbanseke","Kisenso","1h","Outside_Resident","Destination_Zone_Worker","ZoneGlobale","All_modes","205"
"2020-04-04","Kimbanseke","Kisenso","1h","Outside_Resident","Study_Zone_Worker","ZoneGlobale","All_modes","60"
"2020-04-04","Kimbanseke","Kisenso","1h","Outside_Resident","Origin_Zone_Worker","ZoneGlobale","All_modes","74"
"2020-04-04","Kimbanseke","Kisenso","1h","Destination_Zone_Resident","Outside_Worker","ZoneGlobale","All_modes","62"
"2020-04-04","Kimbanseke","Kisenso","1h","Destination_Zone_Resident","Destination_Zone_Worker","ZoneGlobale","All_modes","2035"
"2020-04-04","Kimbanseke","Kisenso","1h","Destination_Zone_Resident","Study_Zone_Worker","ZoneGlobale","All_modes","171"
"2020-04-04","Kimbanseke","Kisenso","1h","Destination_Zone_Resident","Origin_Zone_Worker","ZoneGlobale","All_modes","208"
"2020-04-04","Kimbanseke","Kisenso","1h","Study_Zone_Resident","Destination_Zone_Worker","ZoneGlobale","All_modes","41"
"2020-04-04","Kimbanseke","Kisenso","1h","Study_Zone_Resident","Study_Zone_Worker","ZoneGlobale","All_modes","243"
"2020-04-04","Kimbanseke","Kisenso","1h","Study_Zone_Resident","Origin_Zone_Worker","ZoneGlobale","All_modes","35"
"2020-04-04","Kimbanseke","Kisenso","1h","Origin_Zone_Resident","Outside_Worker","ZoneGlobale","All_modes","118"
"2020-04-04","Kimbanseke","Kisenso","1h","Origin_Zone_Resident","Destination_Zone_Worker","ZoneGlobale","All_modes","430"
"2020-04-04","Kimbanseke","Kisenso","1h","Origin_Zone_Resident","Study_Zone_Worker","ZoneGlobale","All_modes","189"
"2020-04-04","Kimbanseke","Kisenso","1h","Origin_Zone_Resident","Origin_Zone_Worker","ZoneGlobale","All_modes","1169"
"2020-04-04","Kimbanseke","Kisenso","3h","Outside_Resident","Outside_Worker","ZoneGlobale","All_modes","1021"
"2020-04-04","Kimbanseke","Kisenso","3h","Outside_Resident","Destination_Zone_Worker","ZoneGlobale","All_modes","203"
"2020-04-04","Kimbanseke","Kisenso","3h","Outside_Resident","Study_Zone_Worker","ZoneGlobale","All_modes","101"
"2020-04-04","Kimbanseke","Kisenso","3h","Outside_Resident","Origin_Zone_Worker","ZoneGlobale","All_modes","193"
"2020-04-04","Kimbanseke","Kisenso","3h","Destination_Zone_Resident","Outside_Worker","ZoneGlobale","All_modes","133"
"2020-04-04","Kimbanseke","Kisenso","3h","Destination_Zone_Resident","Destination_Zone_Worker","ZoneGlobale","All_modes","1588"
"2020-04-04","Kimbanseke","Kisenso","3h","Destination_Zone_Resident","Study_Zone_Worker","ZoneGlobale","All_modes","175"
"2020-04-04","Kimbanseke","Kisenso","3h","Destination_Zone_Resident","Origin_Zone_Worker","ZoneGlobale","All_modes","160"
"2020-04-04","Kimbanseke","Kisenso","3h","Study_Zone_Resident","Destination_Zone_Worker","ZoneGlobale","All_modes","79"
"2020-04-04","Kimbanseke","Kisenso","3h","Study_Zone_Resident","Study_Zone_Worker","ZoneGlobale","All_modes","257"
"2020-04-04","Kimbanseke","Kisenso","3h","Study_Zone_Resident","Origin_Zone_Worker","ZoneGlobale","All_modes","57"
"2020-04-04","Kimbanseke","Kisenso","3h","Origin_Zone_Resident","Outside_Worker","ZoneGlobale","All_modes","208"
"2020-04-04","Kimbanseke","Kisenso","3h","Origin_Zone_Resident","Destination_Zone_Worker","ZoneGlobale","All_modes","441"
"2020-04-04","Kimbanseke","Kisenso","3h","Origin_Zone_Resident","Study_Zone_Worker","ZoneGlobale","All_modes","159"
"2020-04-04","Kimbanseke","Kisenso","3h","Origin_Zone_Resident","Origin_Zone_Worker","ZoneGlobale","All_modes","1276"
"2020-04-04","Kimbanseke","Kokolo","1h","Outside_Resident","Outside_Worker","ZoneGlobale","All_modes","86"
"2020-04-04","Kimbanseke","Kokolo","1h","Destination_Zone_Resident","Destination_Zone_Worker","ZoneGlobale","All_modes","50"
"2020-04-04","Kimbanseke","Kokolo","1h","Study_Zone_Resident","Study_Zone_Worker","ZoneGlobale","All_modes","81"
"2020-04-04","Kimbanseke","Kokolo","1h","Origin_Zone_Resident","Origin_Zone_Worker","ZoneGlobale","All_modes","48"
"2020-04-04","Kimbanseke","Kokolo","3h","Outside_Resident","Outside_Worker","ZoneGlobale","All_modes","49"
"2020-04-04","Kimbanseke","Kokolo","3h","Destination_Zone_Resident","Destination_Zone_Worker","ZoneGlobale","All_modes","61"
"2020-04-04","Kimbanseke","Kokolo","3h","Study_Zone_Resident","Study_Zone_Worker","ZoneGlobale","All_modes","53"
"2020-04-04","Kimbanseke","Kokolo","3h","Origin_Zone_Resident","Destination_Zone_Worker","ZoneGlobale","All_modes","71"
"2020-04-04","Kimbanseke","Kokolo","3h","Origin_Zone_Resident","Origin_Zone_Worker","ZoneGlobale","All_modes","42"
"2020-04-04","Kimbanseke","Lemba","1h","Outside_Resident","Outside_Worker","ZoneGlobale","All_modes","460"
"2020-04-04","Kimbanseke","Lemba","1h","Outside_Resident","Destination_Zone_Worker","ZoneGlobale","All_modes","57"
"2020-04-04","Kimbanseke","Lemba","1h","Outside_Resident","Study_Zone_Worker","ZoneGlobale","All_modes","70"
"2020-04-04","Kimbanseke","Lemba","1h","Destination_Zone_Resident","Outside_Worker","ZoneGlobale","All_modes","21"
"2020-04-04","Kimbanseke","Lemba","1h","Destination_Zone_Resident","Destination_Zone_Worker","ZoneGlobale","All_modes","242"
"2020-04-04","Kimbanseke","Lemba","1h","Study_Zone_Resident","Outside_Worker","ZoneGlobale","All_modes","28"
"2020-04-04","Kimbanseke","Lemba","1h","Study_Zone_Resident","Destination_Zone_Worker","ZoneGlobale","All_modes","29"
"2020-04-04","Kimbanseke","Lemba","1h","Study_Zone_Resident","Study_Zone_Worker","ZoneGlobale","All_modes","178"
"2020-04-04","Kimbanseke","Lemba","1h","Origin_Zone_Resident","Outside_Worker","ZoneGlobale","All_modes","28"
"2020-04-04","Kimbanseke","Lemba","1h","Origin_Zone_Resident","Destination_Zone_Worker","ZoneGlobale","All_modes","89"
"2020-04-04","Kimbanseke","Lemba","1h","Origin_Zone_Resident","Study_Zone_Worker","ZoneGlobale","All_modes","50"
"2020-04-04","Kimbanseke","Lemba","1h","Origin_Zone_Resident","Origin_Zone_Worker","ZoneGlobale","All_modes","402"
"2020-04-04","Kimbanseke","Lemba","3h","Outside_Resident","Outside_Worker","ZoneGlobale","All_modes","539"
"2020-04-04","Kimbanseke","Lemba","3h","Outside_Resident","Destination_Zone_Worker","ZoneGlobale","All_modes","42"
"2020-04-04","Kimbanseke","Lemba","3h","Outside_Resident","Study_Zone_Worker","ZoneGlobale","All_modes","28"
"2020-04-04","Kimbanseke","Lemba","3h","Outside_Resident","Origin_Zone_Worker","ZoneGlobale","All_modes","27"
"2020-04-04","Kimbanseke","Lemba","3h","Destination_Zone_Resident","Destination_Zone_Worker","ZoneGlobale","All_modes","202"
"2020-04-04","Kimbanseke","Lemba","3h","Destination_Zone_Resident","Study_Zone_Worker","ZoneGlobale","All_modes","28"
"2020-04-04","Kimbanseke","Lemba","3h","Study_Zone_Resident","Destination_Zone_Worker","ZoneGlobale","All_modes","28"
"2020-04-04","Kimbanseke","Lemba","3h","Study_Zone_Resident","Study_Zone_Worker","ZoneGlobale","All_modes","124"
"2020-04-04","Kimbanseke","Lemba","3h","Study_Zone_Resident","Origin_Zone_Worker","ZoneGlobale","All_modes","33"
"2020-04-04","Kimbanseke","Lemba","3h","Origin_Zone_Resident","Outside_Worker","ZoneGlobale","All_modes","108"
"2020-04-04","Kimbanseke","Lemba","3h","Origin_Zone_Resident","Destination_Zone_Worker","ZoneGlobale","All_modes","143"
"2020-04-04","Kimbanseke","Lemba","3h","Origin_Zone_Resident","Study_Zone_Worker","ZoneGlobale","All_modes","83"
"2020-04-04","Kimbanseke","Lemba","3h","Origin_Zone_Resident","Origin_Zone_Worker","ZoneGlobale","All_modes","448"
"2020-04-04","Kimbanseke","Limete","1h","Outside_Resident","Outside_Worker","ZoneGlobale","All_modes","161"
"2020-04-04","Kimbanseke","Limete","1h","Outside_Resident","Destination_Zone_Worker","ZoneGlobale","All_modes","43"
"2020-04-04","Kimbanseke","Limete","1h","Outside_Resident","Study_Zone_Worker","ZoneGlobale","All_modes","35"
"2020-04-04","Kimbanseke","Limete","1h","Outside_Resident","Origin_Zone_Worker","ZoneGlobale","All_modes","21"
"2020-04-04","Kimbanseke","Limete","1h","Destination_Zone_Resident","Outside_Worker","ZoneGlobale","All_modes","269"
"2020-04-04","Kimbanseke","Limete","1h","Destination_Zone_Resident","Destination_Zone_Worker","ZoneGlobale","All_modes","77"
"2020-04-04","Kimbanseke","Limete","1h","Study_Zone_Resident","Outside_Worker","ZoneGlobale","All_modes","21"
"2020-04-04","Kimbanseke","Limete","1h","Study_Zone_Resident","Destination_Zone_Worker","ZoneGlobale","All_modes","51"
"2020-04-04","Kimbanseke","Limete","1h","Study_Zone_Resident","Study_Zone_Worker","ZoneGlobale","All_modes","221"
"2020-04-04","Kimbanseke","Limete","1h","Origin_Zone_Resident","Outside_Worker","ZoneGlobale","All_modes","49"
"2020-04-04","Kimbanseke","Limete","1h","Origin_Zone_Resident","Destination_Zone_Worker","ZoneGlobale","All_modes","132"
"2020-04-04","Kimbanseke","Limete","1h","Origin_Zone_Resident","Study_Zone_Worker","ZoneGlobale","All_modes","49"
"2020-04-04","Kimbanseke","Limete","1h","Origin_Zone_Resident","Origin_Zone_Worker","ZoneGlobale","All_modes","423"
"2020-04-04","Kimbanseke","Limete","3h","Outside_Resident","Outside_Worker","ZoneGlobale","All_modes","334"
"2020-04-04","Kimbanseke","Limete","3h","Outside_Resident","Destination_Zone_Worker","ZoneGlobale","All_modes","21"
"2020-04-04","Kimbanseke","Limete","3h","Outside_Resident","Study_Zone_Worker","ZoneGlobale","All_modes","27"
"2020-04-04","Kimbanseke","Limete","3h","Outside_Resident","Origin_Zone_Worker","ZoneGlobale","All_modes","48"
"2020-04-04","Kimbanseke","Limete","3h","Destination_Zone_Resident","Destination_Zone_Worker","ZoneGlobale","All_modes","51"
"2020-04-04","Kimbanseke","Limete","3h","Study_Zone_Resident","Destination_Zone_Worker","ZoneGlobale","All_modes","58"
"2020-04-04","Kimbanseke","Limete","3h","Study_Zone_Resident","Study_Zone_Worker","ZoneGlobale","All_modes","188"
"2020-04-04","Kimbanseke","Limete","3h","Study_Zone_Resident","Origin_Zone_Worker","ZoneGlobale","All_modes","28"
"2020-04-04","Kimbanseke","Limete","3h","Origin_Zone_Resident","Outside_Worker","ZoneGlobale","All_modes","168"
"2020-04-04","Kimbanseke","Limete","3h","Origin_Zone_Resident","Destination_Zone_Worker","ZoneGlobale","All_modes","262"
"2020-04-04","Kimbanseke","Limete","3h","Origin_Zone_Resident","Study_Zone_Worker","ZoneGlobale","All_modes","141"
"2020-04-04","Kimbanseke","Limete","3h","Origin_Zone_Resident","Origin_Zone_Worker","ZoneGlobale","All_modes","686"
"2020-04-04","Kimbanseke","Makala","1h","Outside_Resident","Outside_Worker","ZoneGlobale","All_modes","49"
"2020-04-04","Kimbanseke","Makala","1h","Destination_Zone_Resident","Destination_Zone_Worker","ZoneGlobale","All_modes","34"
"2020-04-04","Kimbanseke","Makala","1h","Study_Zone_Resident","Study_Zone_Worker","ZoneGlobale","All_modes","40"
"2020-04-04","Kimbanseke","Makala","1h","Origin_Zone_Resident","Origin_Zone_Worker","ZoneGlobale","All_modes","90"
"2020-04-04","Kimbanseke","Makala","3h","Outside_Resident","Outside_Worker","ZoneGlobale","All_modes","48"
"2020-04-04","Kimbanseke","Makala","3h","Destination_Zone_Resident","Destination_Zone_Worker","ZoneGlobale","All_modes","65"
"2020-04-04","Kimbanseke","Makala","3h","Study_Zone_Resident","Study_Zone_Worker","ZoneGlobale","All_modes","35"
"2020-04-04","Kimbanseke","Makala","3h","Origin_Zone_Resident","Origin_Zone_Worker","ZoneGlobale","All_modes","89"
"2020-04-04","Kimbanseke","Maluku I","1h","Outside_Resident","Outside_Worker","ZoneGlobale","All_modes","126"
"2020-04-04","Kimbanseke","Maluku I","1h","Destination_Zone_Resident","Origin_Zone_Worker","ZoneGlobale","All_modes","21"
"2020-04-04","Kimbanseke","Maluku I","1h","Study_Zone_Resident","Outside_Worker","ZoneGlobale","All_modes","232"
"2020-04-04","Kimbanseke","Maluku I","1h","Study_Zone_Resident","Study_Zone_Worker","ZoneGlobale","All_modes","110"
"2020-04-04","Kimbanseke","Maluku I","1h","Origin_Zone_Resident","Destination_Zone_Worker","ZoneGlobale","All_modes","36"
"2020-04-04","Kimbanseke","Maluku I","1h","Origin_Zone_Resident","Origin_Zone_Worker","ZoneGlobale","All_modes","255"
"2020-04-04","Kimbanseke","Maluku I","3h","Outside_Resident","Outside_Worker","ZoneGlobale","All_modes","160"
"2020-04-04","Kimbanseke","Maluku I","3h","Outside_Resident","Destination_Zone_Worker","ZoneGlobale","All_modes","40"
"2020-04-04","Kimbanseke","Maluku I","3h","Study_Zone_Resident","Study_Zone_Worker","ZoneGlobale","All_modes","83"
"2020-04-04","Kimbanseke","Maluku I","3h","Origin_Zone_Resident","Destination_Zone_Worker","ZoneGlobale","All_modes","44"
"2020-04-04","Kimbanseke","Maluku I","3h","Origin_Zone_Resident","Study_Zone_Worker","ZoneGlobale","All_modes","42"
"2020-04-04","Kimbanseke","Maluku I","3h","Origin_Zone_Resident","Origin_Zone_Worker","ZoneGlobale","All_modes","343"
"2020-04-04","Kimbanseke","Masa","1h","Study_Zone_Resident","Study_Zone_Worker","ZoneGlobale","All_modes","40"
"2020-04-04","Kimbanseke","Masa","1h","Origin_Zone_Resident","Origin_Zone_Worker","ZoneGlobale","All_modes","28"
"2020-04-04","Kimbanseke","Masa","3h","Origin_Zone_Resident","Origin_Zone_Worker","ZoneGlobale","All_modes","21"
"2020-04-04","Kimbanseke","Masina I","1h","Outside_Resident","Outside_Worker","ZoneGlobale","All_modes","897"
"2020-04-04","Kimbanseke","Masina I","1h","Outside_Resident","Destination_Zone_Worker","ZoneGlobale","All_modes","200"
"2020-04-04","Kimbanseke","Masina I","1h","Outside_Resident","Study_Zone_Worker","ZoneGlobale","All_modes","66"
"2020-04-04","Kimbanseke","Masina I","1h","Outside_Resident","Origin_Zone_Worker","ZoneGlobale","All_modes","154"
"2020-04-04","Kimbanseke","Masina I","1h","Destination_Zone_Resident","Outside_Worker","ZoneGlobale","All_modes","102"
"2020-04-04","Kimbanseke","Masina I","1h","Destination_Zone_Resident","Destination_Zone_Worker","ZoneGlobale","All_modes","1886"
"2020-04-04","Kimbanseke","Masina I","1h","Destination_Zone_Resident","Study_Zone_Worker","ZoneGlobale","All_modes","99"
"2020-04-04","Kimbanseke","Masina I","1h","Destination_Zone_Resident","Origin_Zone_Worker","ZoneGlobale","All_modes","286"
"2020-04-04","Kimbanseke","Masina I","1h","Study_Zone_Resident","Outside_Worker","ZoneGlobale","All_modes","54"
"2020-04-04","Kimbanseke","Masina I","1h","Study_Zone_Resident","Destination_Zone_Worker","ZoneGlobale","All_modes","136"
"2020-04-04","Kimbanseke","Masina I","1h","Study_Zone_Resident","Study_Zone_Worker","ZoneGlobale","All_modes","572"
"2020-04-04","Kimbanseke","Masina I","1h","Study_Zone_Resident","Origin_Zone_Worker","ZoneGlobale","All_modes","129"
"2020-04-04","Kimbanseke","Masina I","1h","Origin_Zone_Resident","Outside_Worker","ZoneGlobale","All_modes","56"
"2020-04-04","Kimbanseke","Masina I","1h","Origin_Zone_Resident","Destination_Zone_Worker","ZoneGlobale","All_modes","452"
"2020-04-04","Kimbanseke","Masina I","1h","Origin_Zone_Resident","Study_Zone_Worker","ZoneGlobale","All_modes","79"
"2020-04-04","Kimbanseke","Masina I","1h","Origin_Zone_Resident","Origin_Zone_Worker","ZoneGlobale","All_modes","1769"
"2020-04-04","Kimbanseke","Masina I","3h","Outside_Resident","Outside_Worker","ZoneGlobale","All_modes","1345"
"2020-04-04","Kimbanseke","Masina I","3h","Outside_Resident","Destination_Zone_Worker","ZoneGlobale","All_modes","164"
"2020-04-04","Kimbanseke","Masina I","3h","Outside_Resident","Study_Zone_Worker","ZoneGlobale","All_modes","81"
"2020-04-04","Kimbanseke","Masina I","3h","Outside_Resident","Origin_Zone_Worker","ZoneGlobale","All_modes","145"
"2020-04-04","Kimbanseke","Masina I","3h","Destination_Zone_Resident","Outside_Worker","ZoneGlobale","All_modes","90"
"2020-04-04","Kimbanseke","Masina I","3h","Destination_Zone_Resident","Destination_Zone_Worker","ZoneGlobale","All_modes","1531"
"2020-04-04","Kimbanseke","Masina I","3h","Destination_Zone_Resident","Study_Zone_Worker","ZoneGlobale","All_modes","84"
"2020-04-04","Kimbanseke","Masina I","3h","Destination_Zone_Resident","Origin_Zone_Worker","ZoneGlobale","All_modes","293"
"2020-04-04","Kimbanseke","Masina I","3h","Study_Zone_Resident","Outside_Worker","ZoneGlobale","All_modes","53"
"2020-04-04","Kimbanseke","Masina I","3h","Study_Zone_Resident","Destination_Zone_Worker","ZoneGlobale","All_modes","92"
"2020-04-04","Kimbanseke","Masina I","3h","Study_Zone_Resident","Study_Zone_Worker","ZoneGlobale","All_modes","342"
"2020-04-04","Kimbanseke","Masina I","3h","Study_Zone_Resident","Origin_Zone_Worker","ZoneGlobale","All_modes","57"
"2020-04-04","Kimbanseke","Masina I","3h","Origin_Zone_Resident","Outside_Worker","ZoneGlobale","All_modes","233"
"2020-04-04","Kimbanseke","Masina I","3h","Origin_Zone_Resident","Destination_Zone_Worker","ZoneGlobale","All_modes","547"
"2020-04-04","Kimbanseke","Masina I","3h","Origin_Zone_Resident","Study_Zone_Worker","ZoneGlobale","All_modes","51"
"2020-04-04","Kimbanseke","Masina I","3h","Origin_Zone_Resident","Origin_Zone_Worker","ZoneGlobale","All_modes","1873"
"2020-04-04","Kimbanseke","Masina II","1h","Outside_Resident","Outside_Worker","ZoneGlobale","All_modes","1809"
"2020-04-04","Kimbanseke","Masina II","1h","Outside_Resident","Destination_Zone_Worker","ZoneGlobale","All_modes","194"
"2020-04-04","Kimbanseke","Masina II","1h","Outside_Resident","Study_Zone_Worker","ZoneGlobale","All_modes","81"
"2020-04-04","Kimbanseke","Masina II","1h","Outside_Resident","Origin_Zone_Worker","ZoneGlobale","All_modes","174"
"2020-04-04","Kimbanseke","Masina II","1h","Destination_Zone_Resident","Outside_Worker","ZoneGlobale","All_modes","114"
"2020-04-04","Kimbanseke","Masina II","1h","Destination_Zone_Resident","Destination_Zone_Worker","ZoneGlobale","All_modes","1619"
"2020-04-04","Kimbanseke","Masina II","1h","Destination_Zone_Resident","Study_Zone_Worker","ZoneGlobale","All_modes","172"
"2020-04-04","Kimbanseke","Masina II","1h","Destination_Zone_Resident","Origin_Zone_Worker","ZoneGlobale","All_modes","133"
"2020-04-04","Kimbanseke","Masina II","1h","Study_Zone_Resident","Outside_Worker","ZoneGlobale","All_modes","55"
"2020-04-04","Kimbanseke","Masina II","1h","Study_Zone_Resident","Destination_Zone_Worker","ZoneGlobale","All_modes","272"
"2020-04-04","Kimbanseke","Masina II","1h","Study_Zone_Resident","Study_Zone_Worker","ZoneGlobale","All_modes","773"
"2020-04-04","Kimbanseke","Masina II","1h","Study_Zone_Resident","Origin_Zone_Worker","ZoneGlobale","All_modes","83"
"2020-04-04","Kimbanseke","Masina II","1h","Origin_Zone_Resident","Outside_Worker","ZoneGlobale","All_modes","193"
"2020-04-04","Kimbanseke","Masina II","1h","Origin_Zone_Resident","Destination_Zone_Worker","ZoneGlobale","All_modes","653"
"2020-04-04","Kimbanseke","Masina II","1h","Origin_Zone_Resident","Study_Zone_Worker","ZoneGlobale","All_modes","194"
"2020-04-04","Kimbanseke","Masina II","1h","Origin_Zone_Resident","Origin_Zone_Worker","ZoneGlobale","All_modes","2110"
"2020-04-04","Kimbanseke","Masina II","3h","Outside_Resident","Outside_Worker","ZoneGlobale","All_modes","1416"
"2020-04-04","Kimbanseke","Masina II","3h","Outside_Resident","Destination_Zone_Worker","ZoneGlobale","All_modes","203"
"2020-04-04","Kimbanseke","Masina II","3h","Outside_Resident","Study_Zone_Worker","ZoneGlobale","All_modes","355"
"2020-04-04","Kimbanseke","Masina II","3h","Outside_Resident","Origin_Zone_Worker","ZoneGlobale","All_modes","217"
"2020-04-04","Kimbanseke","Masina II","3h","Destination_Zone_Resident","Outside_Worker","ZoneGlobale","All_modes","62"
"2020-04-04","Kimbanseke","Masina II","3h","Destination_Zone_Resident","Destination_Zone_Worker","ZoneGlobale","All_modes","1332"
"2020-04-04","Kimbanseke","Masina II","3h","Destination_Zone_Resident","Study_Zone_Worker","ZoneGlobale","All_modes","87"
"2020-04-04","Kimbanseke","Masina II","3h","Destination_Zone_Resident","Origin_Zone_Worker","ZoneGlobale","All_modes","191"
"2020-04-04","Kimbanseke","Masina II","3h","Study_Zone_Resident","Outside_Worker","ZoneGlobale","All_modes","86"
"2020-04-04","Kimbanseke","Masina II","3h","Study_Zone_Resident","Destination_Zone_Worker","ZoneGlobale","All_modes","175"
"2020-04-04","Kimbanseke","Masina II","3h","Study_Zone_Resident","Study_Zone_Worker","ZoneGlobale","All_modes","574"
"2020-04-04","Kimbanseke","Masina II","3h","Study_Zone_Resident","Origin_Zone_Worker","ZoneGlobale","All_modes","88"
"2020-04-04","Kimbanseke","Masina II","3h","Origin_Zone_Resident","Outside_Worker","ZoneGlobale","All_modes","264"
"2020-04-04","Kimbanseke","Masina II","3h","Origin_Zone_Resident","Destination_Zone_Worker","ZoneGlobale","All_modes","956"
"2020-04-04","Kimbanseke","Masina II","3h","Origin_Zone_Resident","Study_Zone_Worker","ZoneGlobale","All_modes","320"
"2020-04-04","Kimbanseke","Masina II","3h","Origin_Zone_Resident","Origin_Zone_Worker","ZoneGlobale","All_modes","2556"
"2020-04-04","Kimbanseke","Matete","1h","Outside_Resident","Outside_Worker","ZoneGlobale","All_modes","128"
"2020-04-04","Kimbanseke","Matete","1h","Outside_Resident","Study_Zone_Worker","ZoneGlobale","All_modes","32"
"2020-04-04","Kimbanseke","Matete","1h","Destination_Zone_Resident","Destination_Zone_Worker","ZoneGlobale","All_modes","83"
"2020-04-04","Kimbanseke","Matete","1h","Destination_Zone_Resident","Origin_Zone_Worker","ZoneGlobale","All_modes","33"
"2020-04-04","Kimbanseke","Matete","1h","Study_Zone_Resident","Outside_Worker","ZoneGlobale","All_modes","42"
"2020-04-04","Kimbanseke","Matete","1h","Study_Zone_Resident","Destination_Zone_Worker","ZoneGlobale","All_modes","62"
"2020-04-04","Kimbanseke","Matete","1h","Study_Zone_Resident","Study_Zone_Worker","ZoneGlobale","All_modes","155"
"2020-04-04","Kimbanseke","Matete","1h","Origin_Zone_Resident","Outside_Worker","ZoneGlobale","All_modes","42"
"2020-04-04","Kimbanseke","Matete","1h","Origin_Zone_Resident","Destination_Zone_Worker","ZoneGlobale","All_modes","57"
"2020-04-04","Kimbanseke","Matete","1h","Origin_Zone_Resident","Study_Zone_Worker","ZoneGlobale","All_modes","79"
"2020-04-04","Kimbanseke","Matete","1h","Origin_Zone_Resident","Origin_Zone_Worker","ZoneGlobale","All_modes","184"
"2020-04-04","Kimbanseke","Matete","3h","Outside_Resident","Outside_Worker","ZoneGlobale","All_modes","188"
"2020-04-04","Kimbanseke","Matete","3h","Outside_Resident","Destination_Zone_Worker","ZoneGlobale","All_modes","27"
"2020-04-04","Kimbanseke","Matete","3h","Outside_Resident","Study_Zone_Worker","ZoneGlobale","All_modes","48"
"2020-04-04","Kimbanseke","Matete","3h","Outside_Resident","Origin_Zone_Worker","ZoneGlobale","All_modes","26"
"2020-04-04","Kimbanseke","Matete","3h","Destination_Zone_Resident","Destination_Zone_Worker","ZoneGlobale","All_modes","81"
"2020-04-04","Kimbanseke","Matete","3h","Destination_Zone_Resident","Origin_Zone_Worker","ZoneGlobale","All_modes","34"
"2020-04-04","Kimbanseke","Matete","3h","Study_Zone_Resident","Destination_Zone_Worker","ZoneGlobale","All_modes","35"
"2020-04-04","Kimbanseke","Matete","3h","Study_Zone_Resident","Study_Zone_Worker","ZoneGlobale","All_modes","114"
"2020-04-04","Kimbanseke","Matete","3h","Origin_Zone_Resident","Outside_Worker","ZoneGlobale","All_modes","92"
"2020-04-04","Kimbanseke","Matete","3h","Origin_Zone_Resident","Destination_Zone_Worker","ZoneGlobale","All_modes","109"
"2020-04-04","Kimbanseke","Matete","3h","Origin_Zone_Resident","Study_Zone_Worker","ZoneGlobale","All_modes","83"
"2020-04-04","Kimbanseke","Matete","3h","Origin_Zone_Resident","Origin_Zone_Worker","ZoneGlobale","All_modes","417"
"2020-04-04","Kimbanseke","Mont Ngafula I","1h","Outside_Resident","Outside_Worker","ZoneGlobale","All_modes","476"
"2020-04-04","Kimbanseke","Mont Ngafula I","1h","Outside_Resident","Destination_Zone_Worker","ZoneGlobale","All_modes","100"
"2020-04-04","Kimbanseke","Mont Ngafula I","1h","Outside_Resident","Study_Zone_Worker","ZoneGlobale","All_modes","62"
"2020-04-04","Kimbanseke","Mont Ngafula I","1h","Outside_Resident","Origin_Zone_Worker","ZoneGlobale","All_modes","26"
"2020-04-04","Kimbanseke","Mont Ngafula I","1h","Destination_Zone_Resident","Outside_Worker","ZoneGlobale","All_modes","35"
"2020-04-04","Kimbanseke","Mont Ngafula I","1h","Destination_Zone_Resident","Destination_Zone_Worker","ZoneGlobale","All_modes","669"
"2020-04-04","Kimbanseke","Mont Ngafula I","1h","Destination_Zone_Resident","Study_Zone_Worker","ZoneGlobale","All_modes","36"
"2020-04-04","Kimbanseke","Mont Ngafula I","1h","Destination_Zone_Resident","Origin_Zone_Worker","ZoneGlobale","All_modes","83"
"2020-04-04","Kimbanseke","Mont Ngafula I","1h","Study_Zone_Resident","Destination_Zone_Worker","ZoneGlobale","All_modes","72"
"2020-04-04","Kimbanseke","Mont Ngafula I","1h","Study_Zone_Resident","Study_Zone_Worker","ZoneGlobale","All_modes","258"
"2020-04-04","Kimbanseke","Mont Ngafula I","1h","Study_Zone_Resident","Origin_Zone_Worker","ZoneGlobale","All_modes","34"
"2020-04-04","Kimbanseke","Mont Ngafula I","1h","Origin_Zone_Resident","Outside_Worker","ZoneGlobale","All_modes","70"
"2020-04-04","Kimbanseke","Mont Ngafula I","1h","Origin_Zone_Resident","Destination_Zone_Worker","ZoneGlobale","All_modes","173"
"2020-04-04","Kimbanseke","Mont Ngafula I","1h","Origin_Zone_Resident","Study_Zone_Worker","ZoneGlobale","All_modes","36"
"2020-04-04","Kimbanseke","Mont Ngafula I","1h","Origin_Zone_Resident","Origin_Zone_Worker","ZoneGlobale","All_modes","615"
"2020-04-04","Kimbanseke","Mont Ngafula I","3h","Outside_Resident","Outside_Worker","ZoneGlobale","All_modes","614"
"2020-04-04","Kimbanseke","Mont Ngafula I","3h","Outside_Resident","Destination_Zone_Worker","ZoneGlobale","All_modes","106"
"2020-04-04","Kimbanseke","Mont Ngafula I","3h","Outside_Resident","Study_Zone_Worker","ZoneGlobale","All_modes","69"
"2020-04-04","Kimbanseke","Mont Ngafula I","3h","Outside_Resident","Origin_Zone_Worker","ZoneGlobale","All_modes","68"
"2020-04-04","Kimbanseke","Mont Ngafula I","3h","Destination_Zone_Resident","Outside_Worker","ZoneGlobale","All_modes","65"
"2020-04-04","Kimbanseke","Mont Ngafula I","3h","Destination_Zone_Resident","Destination_Zone_Worker","ZoneGlobale","All_modes","578"
"2020-04-04","Kimbanseke","Mont Ngafula I","3h","Destination_Zone_Resident","Study_Zone_Worker","ZoneGlobale","All_modes","30"
"2020-04-04","Kimbanseke","Mont Ngafula I","3h","Destination_Zone_Resident","Origin_Zone_Worker","ZoneGlobale","All_modes","56"
"2020-04-04","Kimbanseke","Mont Ngafula I","3h","Study_Zone_Resident","Destination_Zone_Worker","ZoneGlobale","All_modes","58"
"2020-04-04","Kimbanseke","Mont Ngafula I","3h","Study_Zone_Resident","Study_Zone_Worker","ZoneGlobale","All_modes","192"
"2020-04-04","Kimbanseke","Mont Ngafula I","3h","Study_Zone_Resident","Origin_Zone_Worker","ZoneGlobale","All_modes","33"
"2020-04-04","Kimbanseke","Mont Ngafula I","3h","Origin_Zone_Resident","Outside_Worker","ZoneGlobale","All_modes","87"
"2020-04-04","Kimbanseke","Mont Ngafula I","3h","Origin_Zone_Resident","Destination_Zone_Worker","ZoneGlobale","All_modes","198"
"2020-04-04","Kimbanseke","Mont Ngafula I","3h","Origin_Zone_Resident","Study_Zone_Worker","ZoneGlobale","All_modes","94"
"2020-04-04","Kimbanseke","Mont Ngafula I","3h","Origin_Zone_Resident","Origin_Zone_Worker","ZoneGlobale","All_modes","813"
"2020-04-04","Kimbanseke","Mont Ngafula II","1h","Study_Zone_Resident","Study_Zone_Worker","ZoneGlobale","All_modes","21"
"2020-04-04","Kimbanseke","Mont Ngafula II","3h","Outside_Resident","Outside_Worker","ZoneGlobale","All_modes","40"
"2020-04-04","Kimbanseke","Mont Ngafula II","3h","Study_Zone_Resident","Study_Zone_Worker","ZoneGlobale","All_modes","27"
"2020-04-04","Kimbanseke","Mont Ngafula II","3h","Origin_Zone_Resident","Origin_Zone_Worker","ZoneGlobale","All_modes","26"
"2020-04-04","Kimbanseke","Ndjili","1h","Outside_Resident","Outside_Worker","ZoneGlobale","All_modes","2441"
"2020-04-04","Kimbanseke","Ndjili","1h","Outside_Resident","Destination_Zone_Worker","ZoneGlobale","All_modes","534"
"2020-04-04","Kimbanseke","Ndjili","1h","Outside_Resident","Study_Zone_Worker","ZoneGlobale","All_modes","161"
"2020-04-04","Kimbanseke","Ndjili","1h","Outside_Resident","Origin_Zone_Worker","ZoneGlobale","All_modes","485"
"2020-04-04","Kimbanseke","Ndjili","1h","Destination_Zone_Resident","Outside_Worker","ZoneGlobale","All_modes","292"
"2020-04-04","Kimbanseke","Ndjili","1h","Destination_Zone_Resident","Destination_Zone_Worker","ZoneGlobale","All_modes","6356"
"2020-04-04","Kimbanseke","Ndjili","1h","Destination_Zone_Resident","Study_Zone_Worker","ZoneGlobale","All_modes","207"
"2020-04-04","Kimbanseke","Ndjili","1h","Destination_Zone_Resident","Origin_Zone_Worker","ZoneGlobale","All_modes","778"
"2020-04-04","Kimbanseke","Ndjili","1h","Study_Zone_Resident","Outside_Worker","ZoneGlobale","All_modes","62"
"2020-04-04","Kimbanseke","Ndjili","1h","Study_Zone_Resident","Destination_Zone_Worker","ZoneGlobale","All_modes","314"
"2020-04-04","Kimbanseke","Ndjili","1h","Study_Zone_Resident","Study_Zone_Worker","ZoneGlobale","All_modes","1287"
"2020-04-04","Kimbanseke","Ndjili","1h","Study_Zone_Resident","Origin_Zone_Worker","ZoneGlobale","All_modes","170"
"2020-04-04","Kimbanseke","Ndjili","1h","Origin_Zone_Resident","Outside_Worker","ZoneGlobale","All_modes","390"
"2020-04-04","Kimbanseke","Ndjili","1h","Origin_Zone_Resident","Destination_Zone_Worker","ZoneGlobale","All_modes","2437"
"2020-04-04","Kimbanseke","Ndjili","1h","Origin_Zone_Resident","Study_Zone_Worker","ZoneGlobale","All_modes","340"
"2020-04-04","Kimbanseke","Ndjili","1h","Origin_Zone_Resident","Origin_Zone_Worker","ZoneGlobale","All_modes","7445"
"2020-04-04","Kimbanseke","Ndjili","3h","Outside_Resident","Outside_Worker","ZoneGlobale","All_modes","2989"
"2020-04-04","Kimbanseke","Ndjili","3h","Outside_Resident","Destination_Zone_Worker","ZoneGlobale","All_modes","516"
"2020-04-04","Kimbanseke","Ndjili","3h","Outside_Resident","Study_Zone_Worker","ZoneGlobale","All_modes","192"
"2020-04-04","Kimbanseke","Ndjili","3h","Outside_Resident","Origin_Zone_Worker","ZoneGlobale","All_modes","594"
"2020-04-04","Kimbanseke","Ndjili","3h","Destination_Zone_Resident","Outside_Worker","ZoneGlobale","All_modes","225"
"2020-04-04","Kimbanseke","Ndjili","3h","Destination_Zone_Resident","Destination_Zone_Worker","ZoneGlobale","All_modes","4996"
"2020-04-04","Kimbanseke","Ndjili","3h","Destination_Zone_Resident","Study_Zone_Worker","ZoneGlobale","All_modes","211"
"2020-04-04","Kimbanseke","Ndjili","3h","Destination_Zone_Resident","Origin_Zone_Worker","ZoneGlobale","All_modes","732"
"2020-04-04","Kimbanseke","Ndjili","3h","Study_Zone_Resident","Outside_Worker","ZoneGlobale","All_modes","102"
"2020-04-04","Kimbanseke","Ndjili","3h","Study_Zone_Resident","Destination_Zone_Worker","ZoneGlobale","All_modes","278"
"2020-04-04","Kimbanseke","Ndjili","3h","Study_Zone_Resident","Study_Zone_Worker","ZoneGlobale","All_modes","729"
"2020-04-04","Kimbanseke","Ndjili","3h","Study_Zone_Resident","Origin_Zone_Worker","ZoneGlobale","All_modes","126"
"2020-04-04","Kimbanseke","Ndjili","3h","Origin_Zone_Resident","Outside_Worker","ZoneGlobale","All_modes","643"
"2020-04-04","Kimbanseke","Ndjili","3h","Origin_Zone_Resident","Destination_Zone_Worker","ZoneGlobale","All_modes","2843"
"2020-04-04","Kimbanseke","Ndjili","3h","Origin_Zone_Resident","Study_Zone_Worker","ZoneGlobale","All_modes","375"
"2020-04-04","Kimbanseke","Ndjili","3h","Origin_Zone_Resident","Origin_Zone_Worker","ZoneGlobale","All_modes","7973"
"2020-04-04","Kimbanseke","Ngiri-Ngiri","1h","Outside_Resident","Outside_Worker","ZoneGlobale","All_modes","57"
"2020-04-04","Kimbanseke","Ngiri-Ngiri","1h","Destination_Zone_Resident","Destination_Zone_Worker","ZoneGlobale","All_modes","35"
"2020-04-04","Kimbanseke","Ngiri-Ngiri","1h","Study_Zone_Resident","Study_Zone_Worker","ZoneGlobale","All_modes","27"
"2020-04-04","Kimbanseke","Ngiri-Ngiri","1h","Origin_Zone_Resident","Study_Zone_Worker","ZoneGlobale","All_modes","35"
"2020-04-04","Kimbanseke","Ngiri-Ngiri","1h","Origin_Zone_Resident","Origin_Zone_Worker","ZoneGlobale","All_modes","78"
"2020-04-04","Kimbanseke","Ngiri-Ngiri","3h","Outside_Resident","Outside_Worker","ZoneGlobale","All_modes","69"
"2020-04-04","Kimbanseke","Ngiri-Ngiri","3h","Destination_Zone_Resident","Destination_Zone_Worker","ZoneGlobale","All_modes","55"
"2020-04-04","Kimbanseke","Ngiri-Ngiri","3h","Study_Zone_Resident","Study_Zone_Worker","ZoneGlobale","All_modes","62"
"2020-04-04","Kimbanseke","Ngiri-Ngiri","3h","Origin_Zone_Resident","Outside_Worker","ZoneGlobale","All_modes","49"
"2020-04-04","Kimbanseke","Ngiri-Ngiri","3h","Origin_Zone_Resident","Study_Zone_Worker","ZoneGlobale","All_modes","27"
"2020-04-04","Kimbanseke","Ngiri-Ngiri","3h","Origin_Zone_Resident","Origin_Zone_Worker","ZoneGlobale","All_modes","109"
"2020-04-04","Kimbanseke","Nsele","1h","Outside_Resident","Outside_Worker","ZoneGlobale","All_modes","986"
"2020-04-04","Kimbanseke","Nsele","1h","Outside_Resident","Destination_Zone_Worker","ZoneGlobale","All_modes","142"
"2020-04-04","Kimbanseke","Nsele","1h","Outside_Resident","Study_Zone_Worker","ZoneGlobale","All_modes","75"
"2020-04-04","Kimbanseke","Nsele","1h","Outside_Resident","Origin_Zone_Worker","ZoneGlobale","All_modes","57"
"2020-04-04","Kimbanseke","Nsele","1h","Destination_Zone_Resident","Outside_Worker","ZoneGlobale","All_modes","69"
"2020-04-04","Kimbanseke","Nsele","1h","Destination_Zone_Resident","Destination_Zone_Worker","ZoneGlobale","All_modes","864"
"2020-04-04","Kimbanseke","Nsele","1h","Destination_Zone_Resident","Study_Zone_Worker","ZoneGlobale","All_modes","104"
"2020-04-04","Kimbanseke","Nsele","1h","Destination_Zone_Resident","Origin_Zone_Worker","ZoneGlobale","All_modes","62"
"2020-04-04","Kimbanseke","Nsele","1h","Study_Zone_Resident","Outside_Worker","ZoneGlobale","All_modes","48"
"2020-04-04","Kimbanseke","Nsele","1h","Study_Zone_Resident","Destination_Zone_Worker","ZoneGlobale","All_modes","150"
"2020-04-04","Kimbanseke","Nsele","1h","Study_Zone_Resident","Study_Zone_Worker","ZoneGlobale","All_modes","722"
"2020-04-04","Kimbanseke","Nsele","1h","Study_Zone_Resident","Origin_Zone_Worker","ZoneGlobale","All_modes","96"
"2020-04-04","Kimbanseke","Nsele","1h","Origin_Zone_Resident","Outside_Worker","ZoneGlobale","All_modes","79"
"2020-04-04","Kimbanseke","Nsele","1h","Origin_Zone_Resident","Destination_Zone_Worker","ZoneGlobale","All_modes","198"
"2020-04-04","Kimbanseke","Nsele","1h","Origin_Zone_Resident","Study_Zone_Worker","ZoneGlobale","All_modes","114"
"2020-04-04","Kimbanseke","Nsele","1h","Origin_Zone_Resident","Origin_Zone_Worker","ZoneGlobale","All_modes","1176"
"2020-04-04","Kimbanseke","Nsele","3h","Outside_Resident","Outside_Worker","ZoneGlobale","All_modes","705"
"2020-04-04","Kimbanseke","Nsele","3h","Outside_Resident","Destination_Zone_Worker","ZoneGlobale","All_modes","96"
"2020-04-04","Kimbanseke","Nsele","3h","Outside_Resident","Study_Zone_Worker","ZoneGlobale","All_modes","73"
"2020-04-04","Kimbanseke","Nsele","3h","Outside_Resident","Origin_Zone_Worker","ZoneGlobale","All_modes","99"
"2020-04-04","Kimbanseke","Nsele","3h","Destination_Zone_Resident","Outside_Worker","ZoneGlobale","All_modes","90"
"2020-04-04","Kimbanseke","Nsele","3h","Destination_Zone_Resident","Destination_Zone_Worker","ZoneGlobale","All_modes","948"
"2020-04-04","Kimbanseke","Nsele","3h","Destination_Zone_Resident","Study_Zone_Worker","ZoneGlobale","All_modes","92"
"2020-04-04","Kimbanseke","Nsele","3h","Destination_Zone_Resident","Origin_Zone_Worker","ZoneGlobale","All_modes","68"
"2020-04-04","Kimbanseke","Nsele","3h","Study_Zone_Resident","Outside_Worker","ZoneGlobale","All_modes","64"
"2020-04-04","Kimbanseke","Nsele","3h","Study_Zone_Resident","Destination_Zone_Worker","ZoneGlobale","All_modes","115"
"2020-04-04","Kimbanseke","Nsele","3h","Study_Zone_Resident","Study_Zone_Worker","ZoneGlobale","All_modes","544"
"2020-04-04","Kimbanseke","Nsele","3h","Study_Zone_Resident","Origin_Zone_Worker","ZoneGlobale","All_modes","65"
"2020-04-04","Kimbanseke","Nsele","3h","Origin_Zone_Resident","Outside_Worker","ZoneGlobale","All_modes","166"
"2020-04-04","Kimbanseke","Nsele","3h","Origin_Zone_Resident","Destination_Zone_Worker","ZoneGlobale","All_modes","279"
"2020-04-04","Kimbanseke","Nsele","3h","Origin_Zone_Resident","Study_Zone_Worker","ZoneGlobale","All_modes","208"
"2020-04-04","Kimbanseke","Nsele","3h","Origin_Zone_Resident","Origin_Zone_Worker","ZoneGlobale","All_modes","1550"
"2020-04-04","Kimbanseke","Police","1h","Outside_Resident","Outside_Worker","ZoneGlobale","All_modes","28"
"2020-04-04","Kimbanseke","Police","1h","Destination_Zone_Resident","Destination_Zone_Worker","ZoneGlobale","All_modes","28"
"2020-04-04","Kimbanseke","Police","1h","Study_Zone_Resident","Study_Zone_Worker","ZoneGlobale","All_modes","32"
"2020-04-04","Kimbanseke","Police","1h","Origin_Zone_Resident","Origin_Zone_Worker","ZoneGlobale","All_modes","57"
"2020-04-04","Kimbanseke","Police","3h","Outside_Resident","Outside_Worker","ZoneGlobale","All_modes","26"
"2020-04-04","Kimbanseke","Police","3h","Destination_Zone_Resident","Destination_Zone_Worker","ZoneGlobale","All_modes","27"
"2020-04-04","Kimbanseke","Police","3h","Origin_Zone_Resident","Outside_Worker","ZoneGlobale","All_modes","36"
"2020-04-04","Kimbanseke","Police","3h","Origin_Zone_Resident","Destination_Zone_Worker","ZoneGlobale","All_modes","30"
"2020-04-04","Kimbanseke","Police","3h","Origin_Zone_Resident","Study_Zone_Worker","ZoneGlobale","All_modes","23"
"2020-04-04","Kimbanseke","Police","3h","Origin_Zone_Resident","Origin_Zone_Worker","ZoneGlobale","All_modes","76"
"2020-04-04","Kimbanseke","Selembao","1h","Outside_Resident","Outside_Worker","ZoneGlobale","All_modes","61"
"2020-04-04","Kimbanseke","Selembao","1h","Study_Zone_Resident","Study_Zone_Worker","ZoneGlobale","All_modes","27"
"2020-04-04","Kimbanseke","Selembao","1h","Origin_Zone_Resident","Outside_Worker","ZoneGlobale","All_modes","22"
"2020-04-04","Kimbanseke","Selembao","1h","Origin_Zone_Resident","Origin_Zone_Worker","ZoneGlobale","All_modes","43"
"2020-04-04","Kimbanseke","Selembao","3h","Outside_Resident","Outside_Worker","ZoneGlobale","All_modes","62"
"2020-04-04","Kimbanseke","Selembao","3h","Study_Zone_Resident","Study_Zone_Worker","ZoneGlobale","All_modes","33"
"2020-04-04","Kimbanseke","Selembao","3h","Origin_Zone_Resident","Outside_Worker","ZoneGlobale","All_modes","21"
"2020-04-04","Kimbanseke","Selembao","3h","Origin_Zone_Resident","Origin_Zone_Worker","ZoneGlobale","All_modes","95"
"2020-04-04","Kimbanseke","Sona-Bata","1h","Outside_Resident","Outside_Worker","ZoneGlobale","All_modes","64"
"2020-04-04","Kimbanseke","Sona-Bata","1h","Destination_Zone_Resident","Destination_Zone_Worker","ZoneGlobale","All_modes","51"
"2020-04-04","Kimbanseke","Sona-Bata","1h","Study_Zone_Resident","Study_Zone_Worker","ZoneGlobale","All_modes","33"
"2020-04-04","Kimbanseke","Sona-Bata","1h","Study_Zone_Resident","Origin_Zone_Worker","ZoneGlobale","All_modes","21"
"2020-04-04","Kimbanseke","Sona-Bata","1h","Origin_Zone_Resident","Origin_Zone_Worker","ZoneGlobale","All_modes","135"
"2020-04-04","Kimbanseke","Sona-Bata","3h","Outside_Resident","Outside_Worker","ZoneGlobale","All_modes","55"
"2020-04-04","Kimbanseke","Sona-Bata","3h","Destination_Zone_Resident","Destination_Zone_Worker","ZoneGlobale","All_modes","29"
"2020-04-04","Kimbanseke","Sona-Bata","3h","Origin_Zone_Resident","Origin_Zone_Worker","ZoneGlobale","All_modes","183"
"2020-04-04","Kimpangu","Kimpese","1h","Outside_Resident","Outside_Worker","ZoneGlobale","All_modes","238"
"2020-04-04","Kimpangu","Kimpese","1h","Destination_Zone_Resident","Outside_Worker","ZoneGlobale","All_modes","31"
"2020-04-04","Kimpangu","Kimpese","1h","Destination_Zone_Resident","Destination_Zone_Worker","ZoneGlobale","All_modes","129"
"2020-04-04","Kimpangu","Kimpese","1h","Destination_Zone_Resident","Origin_Zone_Worker","ZoneGlobale","All_modes","25"
"2020-04-04","Kimpangu","Kimpese","1h","Origin_Zone_Resident","Outside_Worker","ZoneGlobale","All_modes","47"
"2020-04-04","Kimpangu","Kimpese","1h","Origin_Zone_Resident","Origin_Zone_Worker","ZoneGlobale","All_modes","65"
"2020-04-04","Kimpangu","Kimpese","3h","Outside_Resident","Outside_Worker","ZoneGlobale","All_modes","259"
"2020-04-04","Kimpangu","Kimpese","3h","Outside_Resident","Destination_Zone_Worker","ZoneGlobale","All_modes","38"
"2020-04-04","Kimpangu","Kimpese","3h","Outside_Resident","Origin_Zone_Worker","ZoneGlobale","All_modes","56"
"2020-04-04","Kimpangu","Kimpese","3h","Destination_Zone_Resident","Destination_Zone_Worker","ZoneGlobale","All_modes","97"
"2020-04-04","Kimpangu","Kimpese","3h","Destination_Zone_Resident","Origin_Zone_Worker","ZoneGlobale","All_modes","33"
"2020-04-04","Kimpangu","Kimpese","3h","Study_Zone_Resident","Study_Zone_Worker","ZoneGlobale","All_modes","25"
"2020-04-04","Kimpangu","Kimpese","3h","Origin_Zone_Resident","Outside_Worker","ZoneGlobale","All_modes","39"
"2020-04-04","Kimpangu","Kimpese","3h","Origin_Zone_Resident","Origin_Zone_Worker","ZoneGlobale","All_modes","101"
"2020-04-04","Kimpangu","Kwilu-Ngongo","1h","Outside_Resident","Outside_Worker","ZoneGlobale","All_modes","193"
"2020-04-04","Kimpangu","Kwilu-Ngongo","1h","Outside_Resident","Origin_Zone_Worker","ZoneGlobale","All_modes","33"
"2020-04-04","Kimpangu","Kwilu-Ngongo","1h","Destination_Zone_Resident","Destination_Zone_Worker","ZoneGlobale","All_modes","125"
"2020-04-04","Kimpangu","Kwilu-Ngongo","1h","Origin_Zone_Resident","Origin_Zone_Worker","ZoneGlobale","All_modes","83"
"2020-04-04","Kimpangu","Kwilu-Ngongo","3h","Outside_Resident","Outside_Worker","ZoneGlobale","All_modes","127"
"2020-04-04","Kimpangu","Kwilu-Ngongo","3h","Outside_Resident","Origin_Zone_Worker","ZoneGlobale","All_modes","31"
"2020-04-04","Kimpangu","Kwilu-Ngongo","3h","Destination_Zone_Resident","Destination_Zone_Worker","ZoneGlobale","All_modes","103"
"2020-04-04","Kimpangu","Kwilu-Ngongo","3h","Origin_Zone_Resident","Origin_Zone_Worker","ZoneGlobale","All_modes","114"
"2020-04-04","Kimpangu","Ngidinga","1h","Outside_Resident","Outside_Worker","ZoneGlobale","All_modes","40"
"2020-04-04","Kimpangu","Ngidinga","1h","Destination_Zone_Resident","Destination_Zone_Worker","ZoneGlobale","All_modes","24"
"2020-04-04","Kimpangu","Ngidinga","3h","Outside_Resident","Outside_Worker","ZoneGlobale","All_modes","64"
"2020-04-04","Kimpangu","Ngidinga","3h","Origin_Zone_Resident","Outside_Worker","ZoneGlobale","All_modes","33"
"2020-04-04","Kimpangu","Ngidinga","3h","Origin_Zone_Resident","Origin_Zone_Worker","ZoneGlobale","All_modes","48"
"2020-04-04","Kimpese","Boko-Kivulu","1h","Outside_Resident","Outside_Worker","ZoneGlobale","All_modes","72"
"2020-04-04","Kimpese","Boko-Kivulu","1h","Destination_Zone_Resident","Destination_Zone_Worker","ZoneGlobale","All_modes","32"
"2020-04-04","Kimpese","Boko-Kivulu","1h","Study_Zone_Resident","Study_Zone_Worker","ZoneGlobale","All_modes","142"
"2020-04-04","Kimpese","Boko-Kivulu","1h","Origin_Zone_Resident","Origin_Zone_Worker","ZoneGlobale","All_modes","47"
"2020-04-04","Kimpese","Boko-Kivulu","3h","Outside_Resident","Outside_Worker","ZoneGlobale","All_modes","23"
"2020-04-04","Kimpese","Boko-Kivulu","3h","Destination_Zone_Resident","Destination_Zone_Worker","ZoneGlobale","All_modes","31"
"2020-04-04","Kimpese","Boko-Kivulu","3h","Study_Zone_Resident","Study_Zone_Worker","ZoneGlobale","All_modes","79"
"2020-04-04","Kimpese","Boko-Kivulu","3h","Origin_Zone_Resident","Origin_Zone_Worker","ZoneGlobale","All_modes","94"
"2020-04-04","Kimpese","Inga","1h","Origin_Zone_Resident","Origin_Zone_Worker","ZoneGlobale","All_modes","21"
"2020-04-04","Kimpese","Kimpangu","1h","Outside_Resident","Outside_Worker","ZoneGlobale","All_modes","194"
"2020-04-04","Kimpese","Kimpangu","1h","Destination_Zone_Resident","Destination_Zone_Worker","ZoneGlobale","All_modes","74"
"2020-04-04","Kimpese","Kimpangu","1h","Origin_Zone_Resident","Outside_Worker","ZoneGlobale","All_modes","54"
"2020-04-04","Kimpese","Kimpangu","1h","Origin_Zone_Resident","Destination_Zone_Worker","ZoneGlobale","All_modes","60"
"2020-04-04","Kimpese","Kimpangu","1h","Origin_Zone_Resident","Origin_Zone_Worker","ZoneGlobale","All_modes","91"
"2020-04-04","Kimpese","Kimpangu","3h","Outside_Resident","Outside_Worker","ZoneGlobale","All_modes","267"
"2020-04-04","Kimpese","Kimpangu","3h","Outside_Resident","Destination_Zone_Worker","ZoneGlobale","All_modes","22"
"2020-04-04","Kimpese","Kimpangu","3h","Outside_Resident","Origin_Zone_Worker","ZoneGlobale","All_modes","23"
"2020-04-04","Kimpese","Kimpangu","3h","Destination_Zone_Resident","Outside_Worker","ZoneGlobale","All_modes","34"
"2020-04-04","Kimpese","Kimpangu","3h","Destination_Zone_Resident","Destination_Zone_Worker","ZoneGlobale","All_modes","88"
"2020-04-04","Kimpese","Kimpangu","3h","Origin_Zone_Resident","Outside_Worker","ZoneGlobale","All_modes","65"
"2020-04-04","Kimpese","Kimpangu","3h","Origin_Zone_Resident","Destination_Zone_Worker","ZoneGlobale","All_modes","59"
"2020-04-04","Kimpese","Kimpangu","3h","Origin_Zone_Resident","Origin_Zone_Worker","ZoneGlobale","All_modes","138"
"2020-04-04","Kimpese","Kisantu","1h","Study_Zone_Resident","Study_Zone_Worker","ZoneGlobale","All_modes","23"
"2020-04-04","Kimpese","Kisantu","1h","Origin_Zone_Resident","Origin_Zone_Worker","ZoneGlobale","All_modes","24"
"2020-04-04","Kimpese","Kisantu","3h","Study_Zone_Resident","Study_Zone_Worker","ZoneGlobale","All_modes","22"
"2020-04-04","Kimpese","Kwilu-Ngongo","1h","Outside_Resident","Outside_Worker","ZoneGlobale","All_modes","799"
"2020-04-04","Kimpese","Kwilu-Ngongo","1h","Outside_Resident","Destination_Zone_Worker","ZoneGlobale","All_modes","94"
"2020-04-04","Kimpese","Kwilu-Ngongo","1h","Outside_Resident","Study_Zone_Worker","ZoneGlobale","All_modes","54"
"2020-04-04","Kimpese","Kwilu-Ngongo","1h","Outside_Resident","Origin_Zone_Worker","ZoneGlobale","All_modes","70"
"2020-04-04","Kimpese","Kwilu-Ngongo","1h","Destination_Zone_Resident","Outside_Worker","ZoneGlobale","All_modes","79"
"2020-04-04","Kimpese","Kwilu-Ngongo","1h","Destination_Zone_Resident","Destination_Zone_Worker","ZoneGlobale","All_modes","1480"
"2020-04-04","Kimpese","Kwilu-Ngongo","1h","Destination_Zone_Resident","Study_Zone_Worker","ZoneGlobale","All_modes","30"
"2020-04-04","Kimpese","Kwilu-Ngongo","1h","Destination_Zone_Resident","Origin_Zone_Worker","ZoneGlobale","All_modes","245"
"2020-04-04","Kimpese","Kwilu-Ngongo","1h","Study_Zone_Resident","Study_Zone_Worker","ZoneGlobale","All_modes","329"
"2020-04-04","Kimpese","Kwilu-Ngongo","1h","Origin_Zone_Resident","Outside_Worker","ZoneGlobale","All_modes","67"
"2020-04-04","Kimpese","Kwilu-Ngongo","1h","Origin_Zone_Resident","Destination_Zone_Worker","ZoneGlobale","All_modes","521"
"2020-04-04","Kimpese","Kwilu-Ngongo","1h","Origin_Zone_Resident","Origin_Zone_Worker","ZoneGlobale","All_modes","1551"
"2020-04-04","Kimpese","Kwilu-Ngongo","3h","Outside_Resident","Outside_Worker","ZoneGlobale","All_modes","617"
"2020-04-04","Kimpese","Kwilu-Ngongo","3h","Outside_Resident","Destination_Zone_Worker","ZoneGlobale","All_modes","117"
"2020-04-04","Kimpese","Kwilu-Ngongo","3h","Outside_Resident","Origin_Zone_Worker","ZoneGlobale","All_modes","55"
"2020-04-04","Kimpese","Kwilu-Ngongo","3h","Destination_Zone_Resident","Outside_Worker","ZoneGlobale","All_modes","104"
"2020-04-04","Kimpese","Kwilu-Ngongo","3h","Destination_Zone_Resident","Destination_Zone_Worker","ZoneGlobale","All_modes","1372"
"2020-04-04","Kimpese","Kwilu-Ngongo","3h","Destination_Zone_Resident","Origin_Zone_Worker","ZoneGlobale","All_modes","246"
"2020-04-04","Kimpese","Kwilu-Ngongo","3h","Study_Zone_Resident","Study_Zone_Worker","ZoneGlobale","All_modes","122"
"2020-04-04","Kimpese","Kwilu-Ngongo","3h","Origin_Zone_Resident","Outside_Worker","ZoneGlobale","All_modes","108"
"2020-04-04","Kimpese","Kwilu-Ngongo","3h","Origin_Zone_Resident","Destination_Zone_Worker","ZoneGlobale","All_modes","503"
"2020-04-04","Kimpese","Kwilu-Ngongo","3h","Origin_Zone_Resident","Study_Zone_Worker","ZoneGlobale","All_modes","24"
"2020-04-04","Kimpese","Kwilu-Ngongo","3h","Origin_Zone_Resident","Origin_Zone_Worker","ZoneGlobale","All_modes","1274"
"2020-04-04","Kimpese","Luozi","1h","Outside_Resident","Outside_Worker","ZoneGlobale","All_modes","612"
"2020-04-04","Kimpese","Luozi","1h","Outside_Resident","Destination_Zone_Worker","ZoneGlobale","All_modes","142"
"2020-04-04","Kimpese","Luozi","1h","Outside_Resident","Study_Zone_Worker","ZoneGlobale","All_modes","41"
"2020-04-04","Kimpese","Luozi","1h","Destination_Zone_Resident","Outside_Worker","ZoneGlobale","All_modes","127"
"2020-04-04","Kimpese","Luozi","1h","Destination_Zone_Resident","Destination_Zone_Worker","ZoneGlobale","All_modes","911"
"2020-04-04","Kimpese","Luozi","1h","Destination_Zone_Resident","Study_Zone_Worker","ZoneGlobale","All_modes","31"
"2020-04-04","Kimpese","Luozi","1h","Destination_Zone_Resident","Origin_Zone_Worker","ZoneGlobale","All_modes","71"
"2020-04-04","Kimpese","Luozi","1h","Study_Zone_Resident","Destination_Zone_Worker","ZoneGlobale","All_modes","34"
"2020-04-04","Kimpese","Luozi","1h","Study_Zone_Resident","Study_Zone_Worker","ZoneGlobale","All_modes","122"
"2020-04-04","Kimpese","Luozi","1h","Study_Zone_Resident","Origin_Zone_Worker","ZoneGlobale","All_modes","32"
"2020-04-04","Kimpese","Luozi","1h","Origin_Zone_Resident","Outside_Worker","ZoneGlobale","All_modes","80"
"2020-04-04","Kimpese","Luozi","1h","Origin_Zone_Resident","Destination_Zone_Worker","ZoneGlobale","All_modes","365"
"2020-04-04","Kimpese","Luozi","1h","Origin_Zone_Resident","Origin_Zone_Worker","ZoneGlobale","All_modes","440"
"2020-04-04","Kimpese","Luozi","3h","Outside_Resident","Outside_Worker","ZoneGlobale","All_modes","691"
"2020-04-04","Kimpese","Luozi","3h","Outside_Resident","Destination_Zone_Worker","ZoneGlobale","All_modes","117"
"2020-04-04","Kimpese","Luozi","3h","Outside_Resident","Study_Zone_Worker","ZoneGlobale","All_modes","25"
"2020-04-04","Kimpese","Luozi","3h","Outside_Resident","Origin_Zone_Worker","ZoneGlobale","All_modes","101"
"2020-04-04","Kimpese","Luozi","3h","Destination_Zone_Resident","Outside_Worker","ZoneGlobale","All_modes","144"
"2020-04-04","Kimpese","Luozi","3h","Destination_Zone_Resident","Destination_Zone_Worker","ZoneGlobale","All_modes","823"
"2020-04-04","Kimpese","Luozi","3h","Destination_Zone_Resident","Study_Zone_Worker","ZoneGlobale","All_modes","38"
"2020-04-04","Kimpese","Luozi","3h","Destination_Zone_Resident","Origin_Zone_Worker","ZoneGlobale","All_modes","96"
"2020-04-04","Kimpese","Luozi","3h","Study_Zone_Resident","Destination_Zone_Worker","ZoneGlobale","All_modes","41"
"2020-04-04","Kimpese","Luozi","3h","Study_Zone_Resident","Study_Zone_Worker","ZoneGlobale","All_modes","79"
"2020-04-04","Kimpese","Luozi","3h","Origin_Zone_Resident","Outside_Worker","ZoneGlobale","All_modes","115"
"2020-04-04","Kimpese","Luozi","3h","Origin_Zone_Resident","Destination_Zone_Worker","ZoneGlobale","All_modes","305"
"2020-04-04","Kimpese","Luozi","3h","Origin_Zone_Resident","Study_Zone_Worker","ZoneGlobale","All_modes","24"
"2020-04-04","Kimpese","Luozi","3h","Origin_Zone_Resident","Origin_Zone_Worker","ZoneGlobale","All_modes","503"
"2020-04-04","Kimpese","Mangembo","1h","Outside_Resident","Outside_Worker","ZoneGlobale","All_modes","153"
"2020-04-04","Kimpese","Mangembo","1h","Outside_Resident","Origin_Zone_Worker","ZoneGlobale","All_modes","23"
"2020-04-04","Kimpese","Mangembo","1h","Destination_Zone_Resident","Destination_Zone_Worker","ZoneGlobale","All_modes","23"
"2020-04-04","Kimpese","Mangembo","1h","Destination_Zone_Resident","Study_Zone_Worker","ZoneGlobale","All_modes","46"
"2020-04-04","Kimpese","Mangembo","1h","Study_Zone_Resident","Study_Zone_Worker","ZoneGlobale","All_modes","94"
"2020-04-04","Kimpese","Mangembo","1h","Study_Zone_Resident","Origin_Zone_Worker","ZoneGlobale","All_modes","23"
"2020-04-04","Kimpese","Mangembo","1h","Origin_Zone_Resident","Outside_Worker","ZoneGlobale","All_modes","23"
"2020-04-04","Kimpese","Mangembo","1h","Origin_Zone_Resident","Origin_Zone_Worker","ZoneGlobale","All_modes","91"
"2020-04-04","Kimpese","Mangembo","3h","Outside_Resident","Outside_Worker","ZoneGlobale","All_modes","162"
"2020-04-04","Kimpese","Mangembo","3h","Outside_Resident","Origin_Zone_Worker","ZoneGlobale","All_modes","44"
"2020-04-04","Kimpese","Mangembo","3h","Destination_Zone_Resident","Destination_Zone_Worker","ZoneGlobale","All_modes","33"
"2020-04-04","Kimpese","Mangembo","3h","Destination_Zone_Resident","Origin_Zone_Worker","ZoneGlobale","All_modes","26"
"2020-04-04","Kimpese","Mangembo","3h","Study_Zone_Resident","Study_Zone_Worker","ZoneGlobale","All_modes","72"
"2020-04-04","Kimpese","Mangembo","3h","Origin_Zone_Resident","Outside_Worker","ZoneGlobale","All_modes","33"
"2020-04-04","Kimpese","Mangembo","3h","Origin_Zone_Resident","Study_Zone_Worker","ZoneGlobale","All_modes","72"
"2020-04-04","Kimpese","Mangembo","3h","Origin_Zone_Resident","Origin_Zone_Worker","ZoneGlobale","All_modes","63"
"2020-04-04","Kimpese","Masa","1h","Outside_Resident","Outside_Worker","ZoneGlobale","All_modes","53"
"2020-04-04","Kimpese","Masa","1h","Origin_Zone_Resident","Origin_Zone_Worker","ZoneGlobale","All_modes","22"
"2020-04-04","Kimpese","Masa","3h","Outside_Resident","Outside_Worker","ZoneGlobale","All_modes","49"
"2020-04-04","Kimpese","Masa","3h","Outside_Resident","Study_Zone_Worker","ZoneGlobale","All_modes","21"
"2020-04-04","Kimpese","Masa","3h","Origin_Zone_Resident","Origin_Zone_Worker","ZoneGlobale","All_modes","21"
"2020-04-04","Kimpese","Matadi","1h","Outside_Resident","Outside_Worker","ZoneGlobale","All_modes","84"
"2020-04-04","Kimpese","Matadi","1h","Destination_Zone_Resident","Destination_Zone_Worker","ZoneGlobale","All_modes","68"
"2020-04-04","Kimpese","Matadi","1h","Study_Zone_Resident","Study_Zone_Worker","ZoneGlobale","All_modes","77"
"2020-04-04","Kimpese","Matadi","1h","Origin_Zone_Resident","Origin_Zone_Worker","ZoneGlobale","All_modes","70"
"2020-04-04","Kimpese","Matadi","3h","Outside_Resident","Outside_Worker","ZoneGlobale","All_modes","42"
"2020-04-04","Kimpese","Matadi","3h","Outside_Resident","Destination_Zone_Worker","ZoneGlobale","All_modes","23"
"2020-04-04","Kimpese","Matadi","3h","Destination_Zone_Resident","Destination_Zone_Worker","ZoneGlobale","All_modes","65"
"2020-04-04","Kimpese","Matadi","3h","Study_Zone_Resident","Study_Zone_Worker","ZoneGlobale","All_modes","23"
"2020-04-04","Kimpese","Matadi","3h","Origin_Zone_Resident","Origin_Zone_Worker","ZoneGlobale","All_modes","97"
"2020-04-04","Kimpese","Mbanza-Ngungu","1h","Outside_Resident","Outside_Worker","ZoneGlobale","All_modes","62"
"2020-04-04","Kimpese","Mbanza-Ngungu","1h","Destination_Zone_Resident","Destination_Zone_Worker","ZoneGlobale","All_modes","180"
"2020-04-04","Kimpese","Mbanza-Ngungu","1h","Destination_Zone_Resident","Study_Zone_Worker","ZoneGlobale","All_modes","24"
"2020-04-04","Kimpese","Mbanza-Ngungu","1h","Origin_Zone_Resident","Outside_Worker","ZoneGlobale","All_modes","29"
"2020-04-04","Kimpese","Mbanza-Ngungu","1h","Origin_Zone_Resident","Destination_Zone_Worker","ZoneGlobale","All_modes","22"
"2020-04-04","Kimpese","Mbanza-Ngungu","1h","Origin_Zone_Resident","Origin_Zone_Worker","ZoneGlobale","All_modes","88"
"2020-04-04","Kimpese","Mbanza-Ngungu","3h","Outside_Resident","Outside_Worker","ZoneGlobale","All_modes","55"
"2020-04-04","Kimpese","Mbanza-Ngungu","3h","Outside_Resident","Origin_Zone_Worker","ZoneGlobale","All_modes","33"
"2020-04-04","Kimpese","Mbanza-Ngungu","3h","Destination_Zone_Resident","Destination_Zone_Worker","ZoneGlobale","All_modes","137"
"2020-04-04","Kimpese","Mbanza-Ngungu","3h","Study_Zone_Resident","Study_Zone_Worker","ZoneGlobale","All_modes","31"
"2020-04-04","Kimpese","Mbanza-Ngungu","3h","Origin_Zone_Resident","Outside_Worker","ZoneGlobale","All_modes","30"
"2020-04-04","Kimpese","Mbanza-Ngungu","3h","Origin_Zone_Resident","Destination_Zone_Worker","ZoneGlobale","All_modes","25"
"2020-04-04","Kimpese","Mbanza-Ngungu","3h","Origin_Zone_Resident","Origin_Zone_Worker","ZoneGlobale","All_modes","97"
"2020-04-04","Kimpese","Mont Ngafula I","1h","Outside_Resident","Outside_Worker","ZoneGlobale","All_modes","52"
"2020-04-04","Kimpese","Mont Ngafula I","1h","Study_Zone_Resident","Study_Zone_Worker","ZoneGlobale","All_modes","32"
"2020-04-04","Kimpese","Mont Ngafula I","3h","Study_Zone_Resident","Study_Zone_Worker","ZoneGlobale","All_modes","40"
"2020-04-04","Kimpese","Mont Ngafula I","3h","Origin_Zone_Resident","Origin_Zone_Worker","ZoneGlobale","All_modes","27"
"2020-04-04","Kimpese","Nsona-Mpangu","1h","Outside_Resident","Outside_Worker","ZoneGlobale","All_modes","243"
"2020-04-04","Kimpese","Nsona-Mpangu","1h","Outside_Resident","Destination_Zone_Worker","ZoneGlobale","All_modes","48"
"2020-04-04","Kimpese","Nsona-Mpangu","1h","Outside_Resident","Study_Zone_Worker","ZoneGlobale","All_modes","46"
"2020-04-04","Kimpese","Nsona-Mpangu","1h","Destination_Zone_Resident","Destination_Zone_Worker","ZoneGlobale","All_modes","141"
"2020-04-04","Kimpese","Nsona-Mpangu","1h","Study_Zone_Resident","Destination_Zone_Worker","ZoneGlobale","All_modes","38"
"2020-04-04","Kimpese","Nsona-Mpangu","1h","Study_Zone_Resident","Study_Zone_Worker","ZoneGlobale","All_modes","342"
"2020-04-04","Kimpese","Nsona-Mpangu","1h","Origin_Zone_Resident","Outside_Worker","ZoneGlobale","All_modes","25"
"2020-04-04","Kimpese","Nsona-Mpangu","1h","Origin_Zone_Resident","Destination_Zone_Worker","ZoneGlobale","All_modes","51"
"2020-04-04","Kimpese","Nsona-Mpangu","1h","Origin_Zone_Resident","Origin_Zone_Worker","ZoneGlobale","All_modes","506"
"2020-04-04","Kimpese","Nsona-Mpangu","3h","Outside_Resident","Outside_Worker","ZoneGlobale","All_modes","186"
"2020-04-04","Kimpese","Nsona-Mpangu","3h","Outside_Resident","Destination_Zone_Worker","ZoneGlobale","All_modes","68"
"2020-04-04","Kimpese","Nsona-Mpangu","3h","Destination_Zone_Resident","Destination_Zone_Worker","ZoneGlobale","All_modes","181"
"2020-04-04","Kimpese","Nsona-Mpangu","3h","Study_Zone_Resident","Destination_Zone_Worker","ZoneGlobale","All_modes","23"
"2020-04-04","Kimpese","Nsona-Mpangu","3h","Study_Zone_Resident","Study_Zone_Worker","ZoneGlobale","All_modes","31"
"2020-04-04","Kimpese","Nsona-Mpangu","3h","Origin_Zone_Resident","Outside_Worker","ZoneGlobale","All_modes","51"
"2020-04-04","Kimpese","Nsona-Mpangu","3h","Origin_Zone_Resident","Destination_Zone_Worker","ZoneGlobale","All_modes","68"
"2020-04-04","Kimpese","Nsona-Mpangu","3h","Origin_Zone_Resident","Origin_Zone_Worker","ZoneGlobale","All_modes","430"
"2020-04-04","Kimpese","Sona-Bata","3h","Outside_Resident","Outside_Worker","ZoneGlobale","All_modes","22"
"2020-04-04","Kinda","Baka","1h","Outside_Resident","Outside_Worker","ZoneGlobale","All_modes","289"
"2020-04-04","Kinda","Baka","1h","Outside_Resident","Destination_Zone_Worker","ZoneGlobale","All_modes","100"
"2020-04-04","Kinda","Baka","1h","Outside_Resident","Study_Zone_Worker","ZoneGlobale","All_modes","52"
"2020-04-04","Kinda","Baka","1h","Outside_Resident","Origin_Zone_Worker","ZoneGlobale","All_modes","168"
"2020-04-04","Kinda","Baka","1h","Destination_Zone_Resident","Destination_Zone_Worker","ZoneGlobale","All_modes","272"
"2020-04-04","Kinda","Baka","1h","Destination_Zone_Resident","Origin_Zone_Worker","ZoneGlobale","All_modes","196"
"2020-04-04","Kinda","Baka","1h","Study_Zone_Resident","Study_Zone_Worker","ZoneGlobale","All_modes","156"
"2020-04-04","Kinda","Baka","1h","Study_Zone_Resident","Origin_Zone_Worker","ZoneGlobale","All_modes","35"
"2020-04-04","Kinda","Baka","1h","Origin_Zone_Resident","Destination_Zone_Worker","ZoneGlobale","All_modes","93"
"2020-04-04","Kinda","Baka","1h","Origin_Zone_Resident","Origin_Zone_Worker","ZoneGlobale","All_modes","210"
"2020-04-04","Kinda","Baka","3h","Outside_Resident","Outside_Worker","ZoneGlobale","All_modes","427"
"2020-04-04","Kinda","Baka","3h","Outside_Resident","Destination_Zone_Worker","ZoneGlobale","All_modes","227"
"2020-04-04","Kinda","Baka","3h","Outside_Resident","Study_Zone_Worker","ZoneGlobale","All_modes","91"
"2020-04-04","Kinda","Baka","3h","Outside_Resident","Origin_Zone_Worker","ZoneGlobale","All_modes","365"
"2020-04-04","Kinda","Baka","3h","Destination_Zone_Resident","Destination_Zone_Worker","ZoneGlobale","All_modes","292"
"2020-04-04","Kinda","Baka","3h","Destination_Zone_Resident","Study_Zone_Worker","ZoneGlobale","All_modes","24"
"2020-04-04","Kinda","Baka","3h","Destination_Zone_Resident","Origin_Zone_Worker","ZoneGlobale","All_modes","237"
"2020-04-04","Kinda","Baka","3h","Study_Zone_Resident","Destination_Zone_Worker","ZoneGlobale","All_modes","58"
"2020-04-04","Kinda","Baka","3h","Study_Zone_Resident","Study_Zone_Worker","ZoneGlobale","All_modes","80"
"2020-04-04","Kinda","Baka","3h","Study_Zone_Resident","Origin_Zone_Worker","ZoneGlobale","All_modes","35"
"2020-04-04","Kinda","Baka","3h","Origin_Zone_Resident","Outside_Worker","ZoneGlobale","All_modes","33"
"2020-04-04","Kinda","Baka","3h","Origin_Zone_Resident","Destination_Zone_Worker","ZoneGlobale","All_modes","89"
"2020-04-04","Kinda","Baka","3h","Origin_Zone_Resident","Origin_Zone_Worker","ZoneGlobale","All_modes","400"
"2020-04-04","Kinda","Bukama","1h","Outside_Resident","Outside_Worker","ZoneGlobale","All_modes","108"
"2020-04-04","Kinda","Bukama","1h","Destination_Zone_Resident","Destination_Zone_Worker","ZoneGlobale","All_modes","68"
"2020-04-04","Kinda","Bukama","3h","Outside_Resident","Outside_Worker","ZoneGlobale","All_modes","87"
"2020-04-04","Kinda","Bukama","3h","Outside_Resident","Destination_Zone_Worker","ZoneGlobale","All_modes","21"
"2020-04-04","Kinda","Bukama","3h","Outside_Resident","Origin_Zone_Worker","ZoneGlobale","All_modes","24"
"2020-04-04","Kinda","Bukama","3h","Destination_Zone_Resident","Destination_Zone_Worker","ZoneGlobale","All_modes","84"
"2020-04-04","Kinda","Bukama","3h","Origin_Zone_Resident","Origin_Zone_Worker","ZoneGlobale","All_modes","21"
"2020-04-04","Kinda","Kabongo","1h","Outside_Resident","Outside_Worker","ZoneGlobale","All_modes","37"
"2020-04-04","Kinda","Kamina","1h","Outside_Resident","Outside_Worker","ZoneGlobale","All_modes","1251"
"2020-04-04","Kinda","Kamina","1h","Outside_Resident","Destination_Zone_Worker","ZoneGlobale","All_modes","437"
"2020-04-04","Kinda","Kamina","1h","Outside_Resident","Study_Zone_Worker","ZoneGlobale","All_modes","108"
"2020-04-04","Kinda","Kamina","1h","Outside_Resident","Origin_Zone_Worker","ZoneGlobale","All_modes","472"
"2020-04-04","Kinda","Kamina","1h","Destination_Zone_Resident","Outside_Worker","ZoneGlobale","All_modes","120"
"2020-04-04","Kinda","Kamina","1h","Destination_Zone_Resident","Destination_Zone_Worker","ZoneGlobale","All_modes","1063"
"2020-04-04","Kinda","Kamina","1h","Destination_Zone_Resident","Origin_Zone_Worker","ZoneGlobale","All_modes","459"
"2020-04-04","Kinda","Kamina","1h","Study_Zone_Resident","Outside_Worker","ZoneGlobale","All_modes","33"
"2020-04-04","Kinda","Kamina","1h","Study_Zone_Resident","Study_Zone_Worker","ZoneGlobale","All_modes","322"
"2020-04-04","Kinda","Kamina","1h","Origin_Zone_Resident","Outside_Worker","ZoneGlobale","All_modes","34"
"2020-04-04","Kinda","Kamina","1h","Origin_Zone_Resident","Destination_Zone_Worker","ZoneGlobale","All_modes","207"
"2020-04-04","Kinda","Kamina","1h","Origin_Zone_Resident","Origin_Zone_Worker","ZoneGlobale","All_modes","1145"
"2020-04-04","Kinda","Kamina","3h","Outside_Resident","Outside_Worker","ZoneGlobale","All_modes","1667"
"2020-04-04","Kinda","Kamina","3h","Outside_Resident","Destination_Zone_Worker","ZoneGlobale","All_modes","734"
"2020-04-04","Kinda","Kamina","3h","Outside_Resident","Study_Zone_Worker","ZoneGlobale","All_modes","262"
"2020-04-04","Kinda","Kamina","3h","Outside_Resident","Origin_Zone_Worker","ZoneGlobale","All_modes","965"
"2020-04-04","Kinda","Kamina","3h","Destination_Zone_Resident","Outside_Worker","ZoneGlobale","All_modes","146"
"2020-04-04","Kinda","Kamina","3h","Destination_Zone_Resident","Destination_Zone_Worker","ZoneGlobale","All_modes","1445"
"2020-04-04","Kinda","Kamina","3h","Destination_Zone_Resident","Origin_Zone_Worker","ZoneGlobale","All_modes","759"
"2020-04-04","Kinda","Kamina","3h","Study_Zone_Resident","Outside_Worker","ZoneGlobale","All_modes","31"
"2020-04-04","Kinda","Kamina","3h","Study_Zone_Resident","Study_Zone_Worker","ZoneGlobale","All_modes","440"
"2020-04-04","Kinda","Kamina","3h","Study_Zone_Resident","Origin_Zone_Worker","ZoneGlobale","All_modes","96"
"2020-04-04","Kinda","Kamina","3h","Origin_Zone_Resident","Outside_Worker","ZoneGlobale","All_modes","78"
"2020-04-04","Kinda","Kamina","3h","Origin_Zone_Resident","Destination_Zone_Worker","ZoneGlobale","All_modes","255"
"2020-04-04","Kinda","Kamina","3h","Origin_Zone_Resident","Origin_Zone_Worker","ZoneGlobale","All_modes","2127"
"2020-04-04","Kinda","Kaniama","1h","Outside_Resident","Outside_Worker","ZoneGlobale","All_modes","37"
"2020-04-04","Kinda","Lualaba","3h","Destination_Zone_Resident","Destination_Zone_Worker","ZoneGlobale","All_modes","24"
"2020-04-04","Kinda","Lubudi","1h","Outside_Resident","Outside_Worker","ZoneGlobale","All_modes","199"
"2020-04-04","Kinda","Luputa","1h","Outside_Resident","Outside_Worker","ZoneGlobale","All_modes","21"
"2020-04-04","Kinda","Luputa","1h","Outside_Resident","Study_Zone_Worker","ZoneGlobale","All_modes","21"
"2020-04-04","Kindu","Ibanda","3h","Destination_Zone_Resident","Destination_Zone_Worker","ZoneGlobale","All_modes","224"
"2020-04-04","Kindu","Idjwi","1h","Study_Zone_Resident","Study_Zone_Worker","ZoneGlobale","All_modes","249"
"2020-04-04","Kindu","Kabare","3h","Study_Zone_Resident","Study_Zone_Worker","ZoneGlobale","All_modes","206"
"2020-04-04","Kindu","Kalima","1h","Outside_Resident","Outside_Worker","ZoneGlobale","All_modes","476"
"2020-04-04","Kindu","Kalima","1h","Outside_Resident","Origin_Zone_Worker","ZoneGlobale","All_modes","265"
"2020-04-04","Kindu","Kalima","1h","Destination_Zone_Resident","Destination_Zone_Worker","ZoneGlobale","All_modes","446"
"2020-04-04","Kindu","Kalima","1h","Destination_Zone_Resident","Origin_Zone_Worker","ZoneGlobale","All_modes","238"
"2020-04-04","Kindu","Kalima","1h","Origin_Zone_Resident","Origin_Zone_Worker","ZoneGlobale","All_modes","208"
"2020-04-04","Kindu","Kalima","3h","Outside_Resident","Origin_Zone_Worker","ZoneGlobale","All_modes","265"
"2020-04-04","Kindu","Kalima","3h","Destination_Zone_Resident","Destination_Zone_Worker","ZoneGlobale","All_modes","207"
"2020-04-04","Kindu","Kalima","3h","Origin_Zone_Resident","Origin_Zone_Worker","ZoneGlobale","All_modes","752"
"2020-04-04","Kindu","Lubao","1h","Origin_Zone_Resident","Origin_Zone_Worker","ZoneGlobale","All_modes","225"
"2020-04-04","Kingabwa","Barumbu","1h","Outside_Resident","Outside_Worker","ZoneGlobale","All_modes","322"
"2020-04-04","Kingabwa","Barumbu","1h","Outside_Resident","Destination_Zone_Worker","ZoneGlobale","All_modes","62"
"2020-04-04","Kingabwa","Barumbu","1h","Outside_Resident","Study_Zone_Worker","ZoneGlobale","All_modes","34"
"2020-04-04","Kingabwa","Barumbu","1h","Outside_Resident","Origin_Zone_Worker","ZoneGlobale","All_modes","56"
"2020-04-04","Kingabwa","Barumbu","1h","Destination_Zone_Resident","Destination_Zone_Worker","ZoneGlobale","All_modes","262"
"2020-04-04","Kingabwa","Barumbu","1h","Destination_Zone_Resident","Origin_Zone_Worker","ZoneGlobale","All_modes","57"
"2020-04-04","Kingabwa","Barumbu","1h","Study_Zone_Resident","Outside_Worker","ZoneGlobale","All_modes","33"
"2020-04-04","Kingabwa","Barumbu","1h","Study_Zone_Resident","Destination_Zone_Worker","ZoneGlobale","All_modes","76"
"2020-04-04","Kingabwa","Barumbu","1h","Study_Zone_Resident","Study_Zone_Worker","ZoneGlobale","All_modes","290"
"2020-04-04","Kingabwa","Barumbu","1h","Study_Zone_Resident","Origin_Zone_Worker","ZoneGlobale","All_modes","73"
"2020-04-04","Kingabwa","Barumbu","1h","Origin_Zone_Resident","Outside_Worker","ZoneGlobale","All_modes","59"
"2020-04-04","Kingabwa","Barumbu","1h","Origin_Zone_Resident","Destination_Zone_Worker","ZoneGlobale","All_modes","252"
"2020-04-04","Kingabwa","Barumbu","1h","Origin_Zone_Resident","Study_Zone_Worker","ZoneGlobale","All_modes","100"
"2020-04-04","Kingabwa","Barumbu","1h","Origin_Zone_Resident","Origin_Zone_Worker","ZoneGlobale","All_modes","543"
"2020-04-04","Kingabwa","Barumbu","3h","Outside_Resident","Outside_Worker","ZoneGlobale","All_modes","363"
"2020-04-04","Kingabwa","Barumbu","3h","Outside_Resident","Destination_Zone_Worker","ZoneGlobale","All_modes","27"
"2020-04-04","Kingabwa","Barumbu","3h","Outside_Resident","Study_Zone_Worker","ZoneGlobale","All_modes","42"
"2020-04-04","Kingabwa","Barumbu","3h","Outside_Resident","Origin_Zone_Worker","ZoneGlobale","All_modes","111"
"2020-04-04","Kingabwa","Barumbu","3h","Destination_Zone_Resident","Destination_Zone_Worker","ZoneGlobale","All_modes","218"
"2020-04-04","Kingabwa","Barumbu","3h","Destination_Zone_Resident","Origin_Zone_Worker","ZoneGlobale","All_modes","68"
"2020-04-04","Kingabwa","Barumbu","3h","Study_Zone_Resident","Destination_Zone_Worker","ZoneGlobale","All_modes","69"
"2020-04-04","Kingabwa","Barumbu","3h","Study_Zone_Resident","Study_Zone_Worker","ZoneGlobale","All_modes","174"
"2020-04-04","Kingabwa","Barumbu","3h","Study_Zone_Resident","Origin_Zone_Worker","ZoneGlobale","All_modes","40"
"2020-04-04","Kingabwa","Barumbu","3h","Origin_Zone_Resident","Outside_Worker","ZoneGlobale","All_modes","104"
"2020-04-04","Kingabwa","Barumbu","3h","Origin_Zone_Resident","Destination_Zone_Worker","ZoneGlobale","All_modes","276"
"2020-04-04","Kingabwa","Barumbu","3h","Origin_Zone_Resident","Study_Zone_Worker","ZoneGlobale","All_modes","124"
"2020-04-04","Kingabwa","Barumbu","3h","Origin_Zone_Resident","Origin_Zone_Worker","ZoneGlobale","All_modes","652"
"2020-04-04","Kingabwa","Binza Meteo","1h","Outside_Resident","Outside_Worker","ZoneGlobale","All_modes","201"
"2020-04-04","Kingabwa","Binza Meteo","1h","Outside_Resident","Destination_Zone_Worker","ZoneGlobale","All_modes","27"
"2020-04-04","Kingabwa","Binza Meteo","1h","Outside_Resident","Study_Zone_Worker","ZoneGlobale","All_modes","28"
"2020-04-04","Kingabwa","Binza Meteo","1h","Outside_Resident","Origin_Zone_Worker","ZoneGlobale","All_modes","35"
"2020-04-04","Kingabwa","Binza Meteo","1h","Destination_Zone_Resident","Destination_Zone_Worker","ZoneGlobale","All_modes","207"
"2020-04-04","Kingabwa","Binza Meteo","1h","Destination_Zone_Resident","Origin_Zone_Worker","ZoneGlobale","All_modes","27"
"2020-04-04","Kingabwa","Binza Meteo","1h","Study_Zone_Resident","Destination_Zone_Worker","ZoneGlobale","All_modes","35"
"2020-04-04","Kingabwa","Binza Meteo","1h","Study_Zone_Resident","Study_Zone_Worker","ZoneGlobale","All_modes","88"
"2020-04-04","Kingabwa","Binza Meteo","1h","Study_Zone_Resident","Origin_Zone_Worker","ZoneGlobale","All_modes","21"
"2020-04-04","Kingabwa","Binza Meteo","1h","Origin_Zone_Resident","Outside_Worker","ZoneGlobale","All_modes","22"
"2020-04-04","Kingabwa","Binza Meteo","1h","Origin_Zone_Resident","Destination_Zone_Worker","ZoneGlobale","All_modes","42"
"2020-04-04","Kingabwa","Binza Meteo","1h","Origin_Zone_Resident","Study_Zone_Worker","ZoneGlobale","All_modes","43"
"2020-04-04","Kingabwa","Binza Meteo","1h","Origin_Zone_Resident","Origin_Zone_Worker","ZoneGlobale","All_modes","175"
"2020-04-04","Kingabwa","Binza Meteo","3h","Outside_Resident","Outside_Worker","ZoneGlobale","All_modes","486"
"2020-04-04","Kingabwa","Binza Meteo","3h","Destination_Zone_Resident","Destination_Zone_Worker","ZoneGlobale","All_modes","196"
"2020-04-04","Kingabwa","Binza Meteo","3h","Destination_Zone_Resident","Origin_Zone_Worker","ZoneGlobale","All_modes","40"
"2020-04-04","Kingabwa","Binza Meteo","3h","Study_Zone_Resident","Destination_Zone_Worker","ZoneGlobale","All_modes","42"
"2020-04-04","Kingabwa","Binza Meteo","3h","Study_Zone_Resident","Study_Zone_Worker","ZoneGlobale","All_modes","83"
"2020-04-04","Kingabwa","Binza Meteo","3h","Origin_Zone_Resident","Destination_Zone_Worker","ZoneGlobale","All_modes","42"
"2020-04-04","Kingabwa","Binza Meteo","3h","Origin_Zone_Resident","Study_Zone_Worker","ZoneGlobale","All_modes","69"
"2020-04-04","Kingabwa","Binza Meteo","3h","Origin_Zone_Resident","Origin_Zone_Worker","ZoneGlobale","All_modes","244"
"2020-04-04","Kingabwa","Binza Ozone","1h","Outside_Resident","Outside_Worker","ZoneGlobale","All_modes","159"
"2020-04-04","Kingabwa","Binza Ozone","1h","Destination_Zone_Resident","Destination_Zone_Worker","ZoneGlobale","All_modes","117"
"2020-04-04","Kingabwa","Binza Ozone","1h","Study_Zone_Resident","Study_Zone_Worker","ZoneGlobale","All_modes","89"
"2020-04-04","Kingabwa","Binza Ozone","1h","Origin_Zone_Resident","Origin_Zone_Worker","ZoneGlobale","All_modes","63"
"2020-04-04","Kingabwa","Binza Ozone","3h","Outside_Resident","Outside_Worker","ZoneGlobale","All_modes","134"
"2020-04-04","Kingabwa","Binza Ozone","3h","Outside_Resident","Origin_Zone_Worker","ZoneGlobale","All_modes","48"
"2020-04-04","Kingabwa","Binza Ozone","3h","Destination_Zone_Resident","Destination_Zone_Worker","ZoneGlobale","All_modes","101"
"2020-04-04","Kingabwa","Binza Ozone","3h","Destination_Zone_Resident","Origin_Zone_Worker","ZoneGlobale","All_modes","40"
"2020-04-04","Kingabwa","Binza Ozone","3h","Study_Zone_Resident","Study_Zone_Worker","ZoneGlobale","All_modes","35"
"2020-04-04","Kingabwa","Binza Ozone","3h","Origin_Zone_Resident","Destination_Zone_Worker","ZoneGlobale","All_modes","36"
"2020-04-04","Kingabwa","Binza Ozone","3h","Origin_Zone_Resident","Origin_Zone_Worker","ZoneGlobale","All_modes","91"
"2020-04-04","Kingabwa","Bolobo","1h","Outside_Resident","Outside_Worker","ZoneGlobale","All_modes","253"
"2020-04-04","Kingabwa","Bumbu","1h","Outside_Resident","Outside_Worker","ZoneGlobale","All_modes","52"
"2020-04-04","Kingabwa","Bumbu","1h","Outside_Resident","Origin_Zone_Worker","ZoneGlobale","All_modes","22"
"2020-04-04","Kingabwa","Bumbu","1h","Destination_Zone_Resident","Destination_Zone_Worker","ZoneGlobale","All_modes","55"
"2020-04-04","Kingabwa","Bumbu","1h","Study_Zone_Resident","Study_Zone_Worker","ZoneGlobale","All_modes","62"
"2020-04-04","Kingabwa","Bumbu","1h","Origin_Zone_Resident","Origin_Zone_Worker","ZoneGlobale","All_modes","26"
"2020-04-04","Kingabwa","Bumbu","3h","Outside_Resident","Outside_Worker","ZoneGlobale","All_modes","98"
"2020-04-04","Kingabwa","Bumbu","3h","Outside_Resident","Destination_Zone_Worker","ZoneGlobale","All_modes","21"
"2020-04-04","Kingabwa","Bumbu","3h","Outside_Resident","Origin_Zone_Worker","ZoneGlobale","All_modes","21"
"2020-04-04","Kingabwa","Bumbu","3h","Destination_Zone_Resident","Outside_Worker","ZoneGlobale","All_modes","21"
"2020-04-04","Kingabwa","Bumbu","3h","Destination_Zone_Resident","Destination_Zone_Worker","ZoneGlobale","All_modes","69"
"2020-04-04","Kingabwa","Bumbu","3h","Destination_Zone_Resident","Origin_Zone_Worker","ZoneGlobale","All_modes","50"
"2020-04-04","Kingabwa","Bumbu","3h","Study_Zone_Resident","Study_Zone_Worker","ZoneGlobale","All_modes","37"
"2020-04-04","Kingabwa","Bumbu","3h","Origin_Zone_Resident","Origin_Zone_Worker","ZoneGlobale","All_modes","40"
"2020-04-04","Kingabwa","Gombe","1h","Outside_Resident","Outside_Worker","ZoneGlobale","All_modes","576"
"2020-04-04","Kingabwa","Gombe","1h","Outside_Resident","Destination_Zone_Worker","ZoneGlobale","All_modes","125"
"2020-04-04","Kingabwa","Gombe","1h","Outside_Resident","Study_Zone_Worker","ZoneGlobale","All_modes","57"
"2020-04-04","Kingabwa","Gombe","1h","Outside_Resident","Origin_Zone_Worker","ZoneGlobale","All_modes","77"
"2020-04-04","Kingabwa","Gombe","1h","Destination_Zone_Resident","Destination_Zone_Worker","ZoneGlobale","All_modes","142"
"2020-04-04","Kingabwa","Gombe","1h","Destination_Zone_Resident","Origin_Zone_Worker","ZoneGlobale","All_modes","32"
"2020-04-04","Kingabwa","Gombe","1h","Study_Zone_Resident","Outside_Worker","ZoneGlobale","All_modes","54"
"2020-04-04","Kingabwa","Gombe","1h","Study_Zone_Resident","Destination_Zone_Worker","ZoneGlobale","All_modes","338"
"2020-04-04","Kingabwa","Gombe","1h","Study_Zone_Resident","Study_Zone_Worker","ZoneGlobale","All_modes","479"
"2020-04-04","Kingabwa","Gombe","1h","Study_Zone_Resident","Origin_Zone_Worker","ZoneGlobale","All_modes","157"
"2020-04-04","Kingabwa","Gombe","1h","Origin_Zone_Resident","Outside_Worker","ZoneGlobale","All_modes","157"
"2020-04-04","Kingabwa","Gombe","1h","Origin_Zone_Resident","Destination_Zone_Worker","ZoneGlobale","All_modes","555"
"2020-04-04","Kingabwa","Gombe","1h","Origin_Zone_Resident","Study_Zone_Worker","ZoneGlobale","All_modes","156"
"2020-04-04","Kingabwa","Gombe","1h","Origin_Zone_Resident","Origin_Zone_Worker","ZoneGlobale","All_modes","865"
"2020-04-04","Kingabwa","Gombe","3h","Outside_Resident","Outside_Worker","ZoneGlobale","All_modes","896"
"2020-04-04","Kingabwa","Gombe","3h","Outside_Resident","Destination_Zone_Worker","ZoneGlobale","All_modes","132"
"2020-04-04","Kingabwa","Gombe","3h","Outside_Resident","Study_Zone_Worker","ZoneGlobale","All_modes","101"
"2020-04-04","Kingabwa","Gombe","3h","Outside_Resident","Origin_Zone_Worker","ZoneGlobale","All_modes","58"
"2020-04-04","Kingabwa","Gombe","3h","Destination_Zone_Resident","Outside_Worker","ZoneGlobale","All_modes","60"
"2020-04-04","Kingabwa","Gombe","3h","Destination_Zone_Resident","Destination_Zone_Worker","ZoneGlobale","All_modes","134"
"2020-04-04","Kingabwa","Gombe","3h","Study_Zone_Resident","Outside_Worker","ZoneGlobale","All_modes","73"
"2020-04-04","Kingabwa","Gombe","3h","Study_Zone_Resident","Destination_Zone_Worker","ZoneGlobale","All_modes","201"
"2020-04-04","Kingabwa","Gombe","3h","Study_Zone_Resident","Study_Zone_Worker","ZoneGlobale","All_modes","226"
"2020-04-04","Kingabwa","Gombe","3h","Study_Zone_Resident","Origin_Zone_Worker","ZoneGlobale","All_modes","47"
"2020-04-04","Kingabwa","Gombe","3h","Origin_Zone_Resident","Outside_Worker","ZoneGlobale","All_modes","160"
"2020-04-04","Kingabwa","Gombe","3h","Origin_Zone_Resident","Destination_Zone_Worker","ZoneGlobale","All_modes","756"
"2020-04-04","Kingabwa","Gombe","3h","Origin_Zone_Resident","Study_Zone_Worker","ZoneGlobale","All_modes","167"
"2020-04-04","Kingabwa","Gombe","3h","Origin_Zone_Resident","Origin_Zone_Worker","ZoneGlobale","All_modes","1052"
"2020-04-04","Kingabwa","Kalamu I","1h","Outside_Resident","Outside_Worker","ZoneGlobale","All_modes","89"
"2020-04-04","Kingabwa","Kalamu I","1h","Outside_Resident","Study_Zone_Worker","ZoneGlobale","All_modes","35"
"2020-04-04","Kingabwa","Kalamu I","1h","Outside_Resident","Origin_Zone_Worker","ZoneGlobale","All_modes","27"
"2020-04-04","Kingabwa","Kalamu I","1h","Destination_Zone_Resident","Destination_Zone_Worker","ZoneGlobale","All_modes","125"
"2020-04-04","Kingabwa","Kalamu I","1h","Study_Zone_Resident","Outside_Worker","ZoneGlobale","All_modes","25"
"2020-04-04","Kingabwa","Kalamu I","1h","Study_Zone_Resident","Destination_Zone_Worker","ZoneGlobale","All_modes","47"
"2020-04-04","Kingabwa","Kalamu I","1h","Study_Zone_Resident","Study_Zone_Worker","ZoneGlobale","All_modes","74"
"2020-04-04","Kingabwa","Kalamu I","1h","Study_Zone_Resident","Origin_Zone_Worker","ZoneGlobale","All_modes","33"
"2020-04-04","Kingabwa","Kalamu I","1h","Origin_Zone_Resident","Origin_Zone_Worker","ZoneGlobale","All_modes","138"
"2020-04-04","Kingabwa","Kalamu I","3h","Outside_Resident","Outside_Worker","ZoneGlobale","All_modes","250"
"2020-04-04","Kingabwa","Kalamu I","3h","Outside_Resident","Origin_Zone_Worker","ZoneGlobale","All_modes","27"
"2020-04-04","Kingabwa","Kalamu I","3h","Destination_Zone_Resident","Destination_Zone_Worker","ZoneGlobale","All_modes","83"
"2020-04-04","Kingabwa","Kalamu I","3h","Destination_Zone_Resident","Origin_Zone_Worker","ZoneGlobale","All_modes","41"
"2020-04-04","Kingabwa","Kalamu I","3h","Study_Zone_Resident","Study_Zone_Worker","ZoneGlobale","All_modes","33"
"2020-04-04","Kingabwa","Kalamu I","3h","Origin_Zone_Resident","Outside_Worker","ZoneGlobale","All_modes","27"
"2020-04-04","Kingabwa","Kalamu I","3h","Origin_Zone_Resident","Destination_Zone_Worker","ZoneGlobale","All_modes","42"
"2020-04-04","Kingabwa","Kalamu I","3h","Origin_Zone_Resident","Origin_Zone_Worker","ZoneGlobale","All_modes","232"
"2020-04-04","Kingabwa","Kalamu II","1h","Outside_Resident","Outside_Worker","ZoneGlobale","All_modes","122"
"2020-04-04","Kingabwa","Kalamu II","1h","Outside_Resident","Origin_Zone_Worker","ZoneGlobale","All_modes","27"
"2020-04-04","Kingabwa","Kalamu II","1h","Destination_Zone_Resident","Destination_Zone_Worker","ZoneGlobale","All_modes","91"
"2020-04-04","Kingabwa","Kalamu II","1h","Destination_Zone_Resident","Study_Zone_Worker","ZoneGlobale","All_modes","22"
"2020-04-04","Kingabwa","Kalamu II","1h","Destination_Zone_Resident","Origin_Zone_Worker","ZoneGlobale","All_modes","21"
"2020-04-04","Kingabwa","Kalamu II","1h","Study_Zone_Resident","Destination_Zone_Worker","ZoneGlobale","All_modes","34"
"2020-04-04","Kingabwa","Kalamu II","1h","Study_Zone_Resident","Study_Zone_Worker","ZoneGlobale","All_modes","174"
"2020-04-04","Kingabwa","Kalamu II","1h","Study_Zone_Resident","Origin_Zone_Worker","ZoneGlobale","All_modes","88"
"2020-04-04","Kingabwa","Kalamu II","1h","Origin_Zone_Resident","Outside_Worker","ZoneGlobale","All_modes","29"
"2020-04-04","Kingabwa","Kalamu II","1h","Origin_Zone_Resident","Destination_Zone_Worker","ZoneGlobale","All_modes","34"
"2020-04-04","Kingabwa","Kalamu II","1h","Origin_Zone_Resident","Study_Zone_Worker","ZoneGlobale","All_modes","35"
"2020-04-04","Kingabwa","Kalamu II","1h","Origin_Zone_Resident","Origin_Zone_Worker","ZoneGlobale","All_modes","309"
"2020-04-04","Kingabwa","Kalamu II","3h","Outside_Resident","Outside_Worker","ZoneGlobale","All_modes","121"
"2020-04-04","Kingabwa","Kalamu II","3h","Outside_Resident","Study_Zone_Worker","ZoneGlobale","All_modes","34"
"2020-04-04","Kingabwa","Kalamu II","3h","Outside_Resident","Origin_Zone_Worker","ZoneGlobale","All_modes","32"
"2020-04-04","Kingabwa","Kalamu II","3h","Destination_Zone_Resident","Destination_Zone_Worker","ZoneGlobale","All_modes","110"
"2020-04-04","Kingabwa","Kalamu II","3h","Destination_Zone_Resident","Origin_Zone_Worker","ZoneGlobale","All_modes","27"
"2020-04-04","Kingabwa","Kalamu II","3h","Study_Zone_Resident","Study_Zone_Worker","ZoneGlobale","All_modes","127"
"2020-04-04","Kingabwa","Kalamu II","3h","Study_Zone_Resident","Origin_Zone_Worker","ZoneGlobale","All_modes","69"
"2020-04-04","Kingabwa","Kalamu II","3h","Origin_Zone_Resident","Outside_Worker","ZoneGlobale","All_modes","46"
"2020-04-04","Kingabwa","Kalamu II","3h","Origin_Zone_Resident","Destination_Zone_Worker","ZoneGlobale","All_modes","57"
"2020-04-04","Kingabwa","Kalamu II","3h","Origin_Zone_Resident","Study_Zone_Worker","ZoneGlobale","All_modes","69"
"2020-04-04","Kingabwa","Kalamu II","3h","Origin_Zone_Resident","Origin_Zone_Worker","ZoneGlobale","All_modes","420"
"2020-04-04","Kingabwa","Kasa-Vubu","1h","Outside_Resident","Outside_Worker","ZoneGlobale","All_modes","250"
"2020-04-04","Kingabwa","Kasa-Vubu","1h","Outside_Resident","Study_Zone_Worker","ZoneGlobale","All_modes","30"
"2020-04-04","Kingabwa","Kasa-Vubu","1h","Destination_Zone_Resident","Destination_Zone_Worker","ZoneGlobale","All_modes","40"
"2020-04-04","Kingabwa","Kasa-Vubu","1h","Study_Zone_Resident","Destination_Zone_Worker","ZoneGlobale","All_modes","27"
"2020-04-04","Kingabwa","Kasa-Vubu","1h","Study_Zone_Resident","Study_Zone_Worker","ZoneGlobale","All_modes","148"
"2020-04-04","Kingabwa","Kasa-Vubu","1h","Study_Zone_Resident","Origin_Zone_Worker","ZoneGlobale","All_modes","33"
"2020-04-04","Kingabwa","Kasa-Vubu","1h","Origin_Zone_Resident","Destination_Zone_Worker","ZoneGlobale","All_modes","50"
"2020-04-04","Kingabwa","Kasa-Vubu","1h","Origin_Zone_Resident","Study_Zone_Worker","ZoneGlobale","All_modes","61"
"2020-04-04","Kingabwa","Kasa-Vubu","1h","Origin_Zone_Resident","Origin_Zone_Worker","ZoneGlobale","All_modes","209"
"2020-04-04","Kingabwa","Kasa-Vubu","3h","Outside_Resident","Outside_Worker","ZoneGlobale","All_modes","124"
"2020-04-04","Kingabwa","Kasa-Vubu","3h","Outside_Resident","Study_Zone_Worker","ZoneGlobale","All_modes","37"
"2020-04-04","Kingabwa","Kasa-Vubu","3h","Destination_Zone_Resident","Destination_Zone_Worker","ZoneGlobale","All_modes","53"
"2020-04-04","Kingabwa","Kasa-Vubu","3h","Destination_Zone_Resident","Origin_Zone_Worker","ZoneGlobale","All_modes","27"
"2020-04-04","Kingabwa","Kasa-Vubu","3h","Study_Zone_Resident","Destination_Zone_Worker","ZoneGlobale","All_modes","33"
"2020-04-04","Kingabwa","Kasa-Vubu","3h","Study_Zone_Resident","Study_Zone_Worker","ZoneGlobale","All_modes","150"
"2020-04-04","Kingabwa","Kasa-Vubu","3h","Origin_Zone_Resident","Outside_Worker","ZoneGlobale","All_modes","21"
"2020-04-04","Kingabwa","Kasa-Vubu","3h","Origin_Zone_Resident","Destination_Zone_Worker","ZoneGlobale","All_modes","112"
"2020-04-04","Kingabwa","Kasa-Vubu","3h","Origin_Zone_Resident","Study_Zone_Worker","ZoneGlobale","All_modes","62"
"2020-04-04","Kingabwa","Kasa-Vubu","3h","Origin_Zone_Resident","Origin_Zone_Worker","ZoneGlobale","All_modes","272"
"2020-04-04","Kingabwa","Kikimi","1h","Outside_Resident","Outside_Worker","ZoneGlobale","All_modes","143"
"2020-04-04","Kingabwa","Kikimi","1h","Destination_Zone_Resident","Destination_Zone_Worker","ZoneGlobale","All_modes","143"
"2020-04-04","Kingabwa","Kikimi","1h","Destination_Zone_Resident","Origin_Zone_Worker","ZoneGlobale","All_modes","26"
"2020-04-04","Kingabwa","Kikimi","1h","Study_Zone_Resident","Study_Zone_Worker","ZoneGlobale","All_modes","54"
"2020-04-04","Kingabwa","Kikimi","1h","Origin_Zone_Resident","Origin_Zone_Worker","ZoneGlobale","All_modes","43"
"2020-04-04","Kingabwa","Kikimi","3h","Outside_Resident","Outside_Worker","ZoneGlobale","All_modes","181"
"2020-04-04","Kingabwa","Kikimi","3h","Outside_Resident","Destination_Zone_Worker","ZoneGlobale","All_modes","34"
"2020-04-04","Kingabwa","Kikimi","3h","Outside_Resident","Origin_Zone_Worker","ZoneGlobale","All_modes","33"
"2020-04-04","Kingabwa","Kikimi","3h","Destination_Zone_Resident","Outside_Worker","ZoneGlobale","All_modes","47"
"2020-04-04","Kingabwa","Kikimi","3h","Destination_Zone_Resident","Destination_Zone_Worker","ZoneGlobale","All_modes","114"
"2020-04-04","Kingabwa","Kikimi","3h","Destination_Zone_Resident","Study_Zone_Worker","ZoneGlobale","All_modes","25"
"2020-04-04","Kingabwa","Kikimi","3h","Destination_Zone_Resident","Origin_Zone_Worker","ZoneGlobale","All_modes","28"
"2020-04-04","Kingabwa","Kikimi","3h","Study_Zone_Resident","Study_Zone_Worker","ZoneGlobale","All_modes","54"
"2020-04-04","Kingabwa","Kikimi","3h","Study_Zone_Resident","Origin_Zone_Worker","ZoneGlobale","All_modes","21"
"2020-04-04","Kingabwa","Kikimi","3h","Origin_Zone_Resident","Origin_Zone_Worker","ZoneGlobale","All_modes","55"
"2020-04-04","Kingabwa","Kimbanseke","1h","Outside_Resident","Outside_Worker","ZoneGlobale","All_modes","171"
"2020-04-04","Kingabwa","Kimbanseke","1h","Outside_Resident","Destination_Zone_Worker","ZoneGlobale","All_modes","22"
"2020-04-04","Kingabwa","Kimbanseke","1h","Outside_Resident","Study_Zone_Worker","ZoneGlobale","All_modes","55"
"2020-04-04","Kingabwa","Kimbanseke","1h","Destination_Zone_Resident","Outside_Worker","ZoneGlobale","All_modes","42"
"2020-04-04","Kingabwa","Kimbanseke","1h","Destination_Zone_Resident","Destination_Zone_Worker","ZoneGlobale","All_modes","273"
"2020-04-04","Kingabwa","Kimbanseke","1h","Destination_Zone_Resident","Study_Zone_Worker","ZoneGlobale","All_modes","63"
"2020-04-04","Kingabwa","Kimbanseke","1h","Destination_Zone_Resident","Origin_Zone_Worker","ZoneGlobale","All_modes","86"
"2020-04-04","Kingabwa","Kimbanseke","1h","Study_Zone_Resident","Destination_Zone_Worker","ZoneGlobale","All_modes","34"
"2020-04-04","Kingabwa","Kimbanseke","1h","Study_Zone_Resident","Study_Zone_Worker","ZoneGlobale","All_modes","197"
"2020-04-04","Kingabwa","Kimbanseke","1h","Origin_Zone_Resident","Study_Zone_Worker","ZoneGlobale","All_modes","27"
"2020-04-04","Kingabwa","Kimbanseke","1h","Origin_Zone_Resident","Origin_Zone_Worker","ZoneGlobale","All_modes","181"
"2020-04-04","Kingabwa","Kimbanseke","3h","Outside_Resident","Outside_Worker","ZoneGlobale","All_modes","225"
"2020-04-04","Kingabwa","Kimbanseke","3h","Destination_Zone_Resident","Outside_Worker","ZoneGlobale","All_modes","33"
"2020-04-04","Kingabwa","Kimbanseke","3h","Destination_Zone_Resident","Destination_Zone_Worker","ZoneGlobale","All_modes","339"
"2020-04-04","Kingabwa","Kimbanseke","3h","Destination_Zone_Resident","Study_Zone_Worker","ZoneGlobale","All_modes","27"
"2020-04-04","Kingabwa","Kimbanseke","3h","Destination_Zone_Resident","Origin_Zone_Worker","ZoneGlobale","All_modes","115"
"2020-04-04","Kingabwa","Kimbanseke","3h","Study_Zone_Resident","Outside_Worker","ZoneGlobale","All_modes","27"
"2020-04-04","Kingabwa","Kimbanseke","3h","Study_Zone_Resident","Destination_Zone_Worker","ZoneGlobale","All_modes","49"
"2020-04-04","Kingabwa","Kimbanseke","3h","Study_Zone_Resident","Study_Zone_Worker","ZoneGlobale","All_modes","163"
"2020-04-04","Kingabwa","Kimbanseke","3h","Study_Zone_Resident","Origin_Zone_Worker","ZoneGlobale","All_modes","58"
"2020-04-04","Kingabwa","Kimbanseke","3h","Origin_Zone_Resident","Outside_Worker","ZoneGlobale","All_modes","26"
"2020-04-04","Kingabwa","Kimbanseke","3h","Origin_Zone_Resident","Study_Zone_Worker","ZoneGlobale","All_modes","28"
"2020-04-04","Kingabwa","Kimbanseke","3h","Origin_Zone_Resident","Origin_Zone_Worker","ZoneGlobale","All_modes","253"
"2020-04-04","Kingabwa","Kinshasa","1h","Outside_Resident","Outside_Worker","ZoneGlobale","All_modes","103"
"2020-04-04","Kingabwa","Kinshasa","1h","Destination_Zone_Resident","Destination_Zone_Worker","ZoneGlobale","All_modes","189"
"2020-04-04","Kingabwa","Kinshasa","1h","Destination_Zone_Resident","Study_Zone_Worker","ZoneGlobale","All_modes","21"
"2020-04-04","Kingabwa","Kinshasa","1h","Study_Zone_Resident","Outside_Worker","ZoneGlobale","All_modes","34"
"2020-04-04","Kingabwa","Kinshasa","1h","Study_Zone_Resident","Destination_Zone_Worker","ZoneGlobale","All_modes","35"
"2020-04-04","Kingabwa","Kinshasa","1h","Study_Zone_Resident","Study_Zone_Worker","ZoneGlobale","All_modes","142"
"2020-04-04","Kingabwa","Kinshasa","1h","Study_Zone_Resident","Origin_Zone_Worker","ZoneGlobale","All_modes","41"
"2020-04-04","Kingabwa","Kinshasa","1h","Origin_Zone_Resident","Destination_Zone_Worker","ZoneGlobale","All_modes","160"
"2020-04-04","Kingabwa","Kinshasa","1h","Origin_Zone_Resident","Study_Zone_Worker","ZoneGlobale","All_modes","77"
"2020-04-04","Kingabwa","Kinshasa","1h","Origin_Zone_Resident","Origin_Zone_Worker","ZoneGlobale","All_modes","232"
"2020-04-04","Kingabwa","Kinshasa","3h","Outside_Resident","Outside_Worker","ZoneGlobale","All_modes","148"
"2020-04-04","Kingabwa","Kinshasa","3h","Destination_Zone_Resident","Destination_Zone_Worker","ZoneGlobale","All_modes","138"
"2020-04-04","Kingabwa","Kinshasa","3h","Study_Zone_Resident","Destination_Zone_Worker","ZoneGlobale","All_modes","34"
"2020-04-04","Kingabwa","Kinshasa","3h","Study_Zone_Resident","Study_Zone_Worker","ZoneGlobale","All_modes","122"
"2020-04-04","Kingabwa","Kinshasa","3h","Study_Zone_Resident","Origin_Zone_Worker","ZoneGlobale","All_modes","53"
"2020-04-04","Kingabwa","Kinshasa","3h","Origin_Zone_Resident","Outside_Worker","ZoneGlobale","All_modes","27"
"2020-04-04","Kingabwa","Kinshasa","3h","Origin_Zone_Resident","Destination_Zone_Worker","ZoneGlobale","All_modes","229"
"2020-04-04","Kingabwa","Kinshasa","3h","Origin_Zone_Resident","Study_Zone_Worker","ZoneGlobale","All_modes","100"
"2020-04-04","Kingabwa","Kinshasa","3h","Origin_Zone_Resident","Origin_Zone_Worker","ZoneGlobale","All_modes","313"
"2020-04-04","Kingabwa","Kintambo","1h","Destination_Zone_Resident","Destination_Zone_Worker","ZoneGlobale","All_modes","34"
"2020-04-04","Kingabwa","Kintambo","1h","Study_Zone_Resident","Study_Zone_Worker","ZoneGlobale","All_modes","48"
"2020-04-04","Kingabwa","Kintambo","1h","Origin_Zone_Resident","Origin_Zone_Worker","ZoneGlobale","All_modes","40"
"2020-04-04","Kingabwa","Kintambo","3h","Outside_Resident","Outside_Worker","ZoneGlobale","All_modes","41"
"2020-04-04","Kingabwa","Kintambo","3h","Destination_Zone_Resident","Destination_Zone_Worker","ZoneGlobale","All_modes","27"
"2020-04-04","Kingabwa","Kintambo","3h","Study_Zone_Resident","Study_Zone_Worker","ZoneGlobale","All_modes","47"
"2020-04-04","Kingabwa","Kintambo","3h","Origin_Zone_Resident","Origin_Zone_Worker","ZoneGlobale","All_modes","68"
"2020-04-04","Kingabwa","Kisenso","1h","Outside_Resident","Outside_Worker","ZoneGlobale","All_modes","193"
"2020-04-04","Kingabwa","Kisenso","1h","Outside_Resident","Destination_Zone_Worker","ZoneGlobale","All_modes","79"
"2020-04-04","Kingabwa","Kisenso","1h","Destination_Zone_Resident","Outside_Worker","ZoneGlobale","All_modes","75"
"2020-04-04","Kingabwa","Kisenso","1h","Destination_Zone_Resident","Destination_Zone_Worker","ZoneGlobale","All_modes","417"
"2020-04-04","Kingabwa","Kisenso","1h","Destination_Zone_Resident","Study_Zone_Worker","ZoneGlobale","All_modes","40"
"2020-04-04","Kingabwa","Kisenso","1h","Destination_Zone_Resident","Origin_Zone_Worker","ZoneGlobale","All_modes","180"
"2020-04-04","Kingabwa","Kisenso","1h","Study_Zone_Resident","Destination_Zone_Worker","ZoneGlobale","All_modes","26"
"2020-04-04","Kingabwa","Kisenso","1h","Study_Zone_Resident","Study_Zone_Worker","ZoneGlobale","All_modes","142"
"2020-04-04","Kingabwa","Kisenso","1h","Study_Zone_Resident","Origin_Zone_Worker","ZoneGlobale","All_modes","27"
"2020-04-04","Kingabwa","Kisenso","1h","Origin_Zone_Resident","Destination_Zone_Worker","ZoneGlobale","All_modes","35"
"2020-04-04","Kingabwa","Kisenso","1h","Origin_Zone_Resident","Study_Zone_Worker","ZoneGlobale","All_modes","35"
"2020-04-04","Kingabwa","Kisenso","1h","Origin_Zone_Resident","Origin_Zone_Worker","ZoneGlobale","All_modes","129"
"2020-04-04","Kingabwa","Kisenso","3h","Outside_Resident","Outside_Worker","ZoneGlobale","All_modes","272"
"2020-04-04","Kingabwa","Kisenso","3h","Outside_Resident","Destination_Zone_Worker","ZoneGlobale","All_modes","63"
"2020-04-04","Kingabwa","Kisenso","3h","Outside_Resident","Study_Zone_Worker","ZoneGlobale","All_modes","36"
"2020-04-04","Kingabwa","Kisenso","3h","Outside_Resident","Origin_Zone_Worker","ZoneGlobale","All_modes","40"
"2020-04-04","Kingabwa","Kisenso","3h","Destination_Zone_Resident","Outside_Worker","ZoneGlobale","All_modes","64"
"2020-04-04","Kingabwa","Kisenso","3h","Destination_Zone_Resident","Destination_Zone_Worker","ZoneGlobale","All_modes","422"
"2020-04-04","Kingabwa","Kisenso","3h","Destination_Zone_Resident","Study_Zone_Worker","ZoneGlobale","All_modes","51"
"2020-04-04","Kingabwa","Kisenso","3h","Destination_Zone_Resident","Origin_Zone_Worker","ZoneGlobale","All_modes","250"
"2020-04-04","Kingabwa","Kisenso","3h","Study_Zone_Resident","Outside_Worker","ZoneGlobale","All_modes","27"
"2020-04-04","Kingabwa","Kisenso","3h","Study_Zone_Resident","Study_Zone_Worker","ZoneGlobale","All_modes","103"
"2020-04-04","Kingabwa","Kisenso","3h","Study_Zone_Resident","Origin_Zone_Worker","ZoneGlobale","All_modes","41"
"2020-04-04","Kingabwa","Kisenso","3h","Origin_Zone_Resident","Destination_Zone_Worker","ZoneGlobale","All_modes","42"
"2020-04-04","Kingabwa","Kisenso","3h","Origin_Zone_Resident","Study_Zone_Worker","ZoneGlobale","All_modes","29"
"2020-04-04","Kingabwa","Kisenso","3h","Origin_Zone_Resident","Origin_Zone_Worker","ZoneGlobale","All_modes","133"
"2020-04-04","Kingabwa","Kokolo","1h","Outside_Resident","Outside_Worker","ZoneGlobale","All_modes","47"
"2020-04-04","Kingabwa","Kokolo","1h","Outside_Resident","Destination_Zone_Worker","ZoneGlobale","All_modes","21"
"2020-04-04","Kingabwa","Kokolo","1h","Outside_Resident","Origin_Zone_Worker","ZoneGlobale","All_modes","21"
"2020-04-04","Kingabwa","Kokolo","1h","Destination_Zone_Resident","Destination_Zone_Worker","ZoneGlobale","All_modes","77"
"2020-04-04","Kingabwa","Kokolo","1h","Destination_Zone_Resident","Origin_Zone_Worker","ZoneGlobale","All_modes","28"
"2020-04-04","Kingabwa","Kokolo","1h","Study_Zone_Resident","Study_Zone_Worker","ZoneGlobale","All_modes","67"
"2020-04-04","Kingabwa","Kokolo","1h","Study_Zone_Resident","Origin_Zone_Worker","ZoneGlobale","All_modes","33"
"2020-04-04","Kingabwa","Kokolo","1h","Origin_Zone_Resident","Study_Zone_Worker","ZoneGlobale","All_modes","26"
"2020-04-04","Kingabwa","Kokolo","1h","Origin_Zone_Resident","Origin_Zone_Worker","ZoneGlobale","All_modes","116"
"2020-04-04","Kingabwa","Kokolo","3h","Outside_Resident","Outside_Worker","ZoneGlobale","All_modes","48"
"2020-04-04","Kingabwa","Kokolo","3h","Destination_Zone_Resident","Destination_Zone_Worker","ZoneGlobale","All_modes","70"
"2020-04-04","Kingabwa","Kokolo","3h","Destination_Zone_Resident","Origin_Zone_Worker","ZoneGlobale","All_modes","35"
"2020-04-04","Kingabwa","Kokolo","3h","Study_Zone_Resident","Origin_Zone_Worker","ZoneGlobale","All_modes","26"
"2020-04-04","Kingabwa","Kokolo","3h","Origin_Zone_Resident","Destination_Zone_Worker","ZoneGlobale","All_modes","28"
"2020-04-04","Kingabwa","Kokolo","3h","Origin_Zone_Resident","Study_Zone_Worker","ZoneGlobale","All_modes","33"
"2020-04-04","Kingabwa","Kokolo","3h","Origin_Zone_Resident","Origin_Zone_Worker","ZoneGlobale","All_modes","176"
"2020-04-04","Kingabwa","Lemba","1h","Outside_Resident","Outside_Worker","ZoneGlobale","All_modes","287"
"2020-04-04","Kingabwa","Lemba","1h","Outside_Resident","Destination_Zone_Worker","ZoneGlobale","All_modes","101"
"2020-04-04","Kingabwa","Lemba","1h","Outside_Resident","Study_Zone_Worker","ZoneGlobale","All_modes","41"
"2020-04-04","Kingabwa","Lemba","1h","Destination_Zone_Resident","Destination_Zone_Worker","ZoneGlobale","All_modes","553"
"2020-04-04","Kingabwa","Lemba","1h","Destination_Zone_Resident","Study_Zone_Worker","ZoneGlobale","All_modes","73"
"2020-04-04","Kingabwa","Lemba","1h","Destination_Zone_Resident","Origin_Zone_Worker","ZoneGlobale","All_modes","116"
"2020-04-04","Kingabwa","Lemba","1h","Study_Zone_Resident","Destination_Zone_Worker","ZoneGlobale","All_modes","69"
"2020-04-04","Kingabwa","Lemba","1h","Study_Zone_Resident","Study_Zone_Worker","ZoneGlobale","All_modes","485"
"2020-04-04","Kingabwa","Lemba","1h","Study_Zone_Resident","Origin_Zone_Worker","ZoneGlobale","All_modes","55"
"2020-04-04","Kingabwa","Lemba","1h","Origin_Zone_Resident","Outside_Worker","ZoneGlobale","All_modes","64"
"2020-04-04","Kingabwa","Lemba","1h","Origin_Zone_Resident","Destination_Zone_Worker","ZoneGlobale","All_modes","72"
"2020-04-04","Kingabwa","Lemba","1h","Origin_Zone_Resident","Study_Zone_Worker","ZoneGlobale","All_modes","48"
"2020-04-04","Kingabwa","Lemba","1h","Origin_Zone_Resident","Origin_Zone_Worker","ZoneGlobale","All_modes","403"
"2020-04-04","Kingabwa","Lemba","3h","Outside_Resident","Outside_Worker","ZoneGlobale","All_modes","319"
"2020-04-04","Kingabwa","Lemba","3h","Outside_Resident","Destination_Zone_Worker","ZoneGlobale","All_modes","87"
"2020-04-04","Kingabwa","Lemba","3h","Outside_Resident","Study_Zone_Worker","ZoneGlobale","All_modes","36"
"2020-04-04","Kingabwa","Lemba","3h","Outside_Resident","Origin_Zone_Worker","ZoneGlobale","All_modes","75"
"2020-04-04","Kingabwa","Lemba","3h","Destination_Zone_Resident","Outside_Worker","ZoneGlobale","All_modes","46"
"2020-04-04","Kingabwa","Lemba","3h","Destination_Zone_Resident","Destination_Zone_Worker","ZoneGlobale","All_modes","484"
"2020-04-04","Kingabwa","Lemba","3h","Destination_Zone_Resident","Study_Zone_Worker","ZoneGlobale","All_modes","42"
"2020-04-04","Kingabwa","Lemba","3h","Destination_Zone_Resident","Origin_Zone_Worker","ZoneGlobale","All_modes","94"
"2020-04-04","Kingabwa","Lemba","3h","Study_Zone_Resident","Outside_Worker","ZoneGlobale","All_modes","48"
"2020-04-04","Kingabwa","Lemba","3h","Study_Zone_Resident","Destination_Zone_Worker","ZoneGlobale","All_modes","65"
"2020-04-04","Kingabwa","Lemba","3h","Study_Zone_Resident","Study_Zone_Worker","ZoneGlobale","All_modes","213"
"2020-04-04","Kingabwa","Lemba","3h","Study_Zone_Resident","Origin_Zone_Worker","ZoneGlobale","All_modes","62"
"2020-04-04","Kingabwa","Lemba","3h","Origin_Zone_Resident","Outside_Worker","ZoneGlobale","All_modes","57"
"2020-04-04","Kingabwa","Lemba","3h","Origin_Zone_Resident","Destination_Zone_Worker","ZoneGlobale","All_modes","135"
"2020-04-04","Kingabwa","Lemba","3h","Origin_Zone_Resident","Study_Zone_Worker","ZoneGlobale","All_modes","83"
"2020-04-04","Kingabwa","Lemba","3h","Origin_Zone_Resident","Origin_Zone_Worker","ZoneGlobale","All_modes","445"
"2020-04-04","Kingabwa","Limete","1h","Outside_Resident","Outside_Worker","ZoneGlobale","All_modes","1226"
"2020-04-04","Kingabwa","Limete","1h","Outside_Resident","Destination_Zone_Worker","ZoneGlobale","All_modes","281"
"2020-04-04","Kingabwa","Limete","1h","Outside_Resident","Study_Zone_Worker","ZoneGlobale","All_modes","368"
"2020-04-04","Kingabwa","Limete","1h","Outside_Resident","Origin_Zone_Worker","ZoneGlobale","All_modes","215"
"2020-04-04","Kingabwa","Limete","1h","Destination_Zone_Resident","Outside_Worker","ZoneGlobale","All_modes","128"
"2020-04-04","Kingabwa","Limete","1h","Destination_Zone_Resident","Destination_Zone_Worker","ZoneGlobale","All_modes","2456"
"2020-04-04","Kingabwa","Limete","1h","Destination_Zone_Resident","Study_Zone_Worker","ZoneGlobale","All_modes","130"
"2020-04-04","Kingabwa","Limete","1h","Destination_Zone_Resident","Origin_Zone_Worker","ZoneGlobale","All_modes","299"
"2020-04-04","Kingabwa","Limete","1h","Study_Zone_Resident","Outside_Worker","ZoneGlobale","All_modes","186"
"2020-04-04","Kingabwa","Limete","1h","Study_Zone_Resident","Destination_Zone_Worker","ZoneGlobale","All_modes","391"
"2020-04-04","Kingabwa","Limete","1h","Study_Zone_Resident","Study_Zone_Worker","ZoneGlobale","All_modes","1012"
"2020-04-04","Kingabwa","Limete","1h","Study_Zone_Resident","Origin_Zone_Worker","ZoneGlobale","All_modes","181"
"2020-04-04","Kingabwa","Limete","1h","Origin_Zone_Resident","Outside_Worker","ZoneGlobale","All_modes","129"
"2020-04-04","Kingabwa","Limete","1h","Origin_Zone_Resident","Destination_Zone_Worker","ZoneGlobale","All_modes","1022"
"2020-04-04","Kingabwa","Limete","1h","Origin_Zone_Resident","Study_Zone_Worker","ZoneGlobale","All_modes","224"
"2020-04-04","Kingabwa","Limete","1h","Origin_Zone_Resident","Origin_Zone_Worker","ZoneGlobale","All_modes","2533"
"2020-04-04","Kingabwa","Limete","3h","Outside_Resident","Outside_Worker","ZoneGlobale","All_modes","1402"
"2020-04-04","Kingabwa","Limete","3h","Outside_Resident","Destination_Zone_Worker","ZoneGlobale","All_modes","263"
"2020-04-04","Kingabwa","Limete","3h","Outside_Resident","Study_Zone_Worker","ZoneGlobale","All_modes","325"
"2020-04-04","Kingabwa","Limete","3h","Outside_Resident","Origin_Zone_Worker","ZoneGlobale","All_modes","223"
"2020-04-04","Kingabwa","Limete","3h","Destination_Zone_Resident","Outside_Worker","ZoneGlobale","All_modes","40"
"2020-04-04","Kingabwa","Limete","3h","Destination_Zone_Resident","Destination_Zone_Worker","ZoneGlobale","All_modes","1801"
"2020-04-04","Kingabwa","Limete","3h","Destination_Zone_Resident","Study_Zone_Worker","ZoneGlobale","All_modes","133"
"2020-04-04","Kingabwa","Limete","3h","Destination_Zone_Resident","Origin_Zone_Worker","ZoneGlobale","All_modes","242"
"2020-04-04","Kingabwa","Limete","3h","Study_Zone_Resident","Outside_Worker","ZoneGlobale","All_modes","83"
"2020-04-04","Kingabwa","Limete","3h","Study_Zone_Resident","Destination_Zone_Worker","ZoneGlobale","All_modes","204"
"2020-04-04","Kingabwa","Limete","3h","Study_Zone_Resident","Study_Zone_Worker","ZoneGlobale","All_modes","548"
"2020-04-04","Kingabwa","Limete","3h","Study_Zone_Resident","Origin_Zone_Worker","ZoneGlobale","All_modes","210"
"2020-04-04","Kingabwa","Limete","3h","Origin_Zone_Resident","Outside_Worker","ZoneGlobale","All_modes","274"
"2020-04-04","Kingabwa","Limete","3h","Origin_Zone_Resident","Destination_Zone_Worker","ZoneGlobale","All_modes","1162"
"2020-04-04","Kingabwa","Limete","3h","Origin_Zone_Resident","Study_Zone_Worker","ZoneGlobale","All_modes","246"
"2020-04-04","Kingabwa","Limete","3h","Origin_Zone_Resident","Origin_Zone_Worker","ZoneGlobale","All_modes","2467"
"2020-04-04","Kingabwa","Makala","1h","Outside_Resident","Outside_Worker","ZoneGlobale","All_modes","71"
"2020-04-04","Kingabwa","Makala","1h","Outside_Resident","Destination_Zone_Worker","ZoneGlobale","All_modes","49"
"2020-04-04","Kingabwa","Makala","1h","Destination_Zone_Resident","Destination_Zone_Worker","ZoneGlobale","All_modes","59"
"2020-04-04","Kingabwa","Makala","1h","Destination_Zone_Resident","Origin_Zone_Worker","ZoneGlobale","All_modes","21"
"2020-04-04","Kingabwa","Makala","1h","Study_Zone_Resident","Study_Zone_Worker","ZoneGlobale","All_modes","32"
"2020-04-04","Kingabwa","Makala","3h","Outside_Resident","Outside_Worker","ZoneGlobale","All_modes","69"
"2020-04-04","Kingabwa","Makala","3h","Outside_Resident","Destination_Zone_Worker","ZoneGlobale","All_modes","35"
"2020-04-04","Kingabwa","Makala","3h","Destination_Zone_Resident","Destination_Zone_Worker","ZoneGlobale","All_modes","53"
"2020-04-04","Kingabwa","Makala","3h","Study_Zone_Resident","Study_Zone_Worker","ZoneGlobale","All_modes","68"
"2020-04-04","Kingabwa","Makala","3h","Origin_Zone_Resident","Study_Zone_Worker","ZoneGlobale","All_modes","21"
"2020-04-04","Kingabwa","Makala","3h","Origin_Zone_Resident","Origin_Zone_Worker","ZoneGlobale","All_modes","49"
"2020-04-04","Kingabwa","Maluku I","1h","Outside_Resident","Outside_Worker","ZoneGlobale","All_modes","64"
"2020-04-04","Kingabwa","Maluku I","1h","Destination_Zone_Resident","Destination_Zone_Worker","ZoneGlobale","All_modes","21"
"2020-04-04","Kingabwa","Maluku I","1h","Study_Zone_Resident","Study_Zone_Worker","ZoneGlobale","All_modes","160"
"2020-04-04","Kingabwa","Maluku I","1h","Study_Zone_Resident","Origin_Zone_Worker","ZoneGlobale","All_modes","28"
"2020-04-04","Kingabwa","Maluku I","1h","Origin_Zone_Resident","Origin_Zone_Worker","ZoneGlobale","All_modes","120"
"2020-04-04","Kingabwa","Maluku I","3h","Outside_Resident","Outside_Worker","ZoneGlobale","All_modes","101"
"2020-04-04","Kingabwa","Maluku I","3h","Destination_Zone_Resident","Destination_Zone_Worker","ZoneGlobale","All_modes","22"
"2020-04-04","Kingabwa","Maluku I","3h","Destination_Zone_Resident","Origin_Zone_Worker","ZoneGlobale","All_modes","21"
"2020-04-04","Kingabwa","Maluku I","3h","Study_Zone_Resident","Study_Zone_Worker","ZoneGlobale","All_modes","71"
"2020-04-04","Kingabwa","Maluku I","3h","Study_Zone_Resident","Origin_Zone_Worker","ZoneGlobale","All_modes","41"
"2020-04-04","Kingabwa","Maluku I","3h","Origin_Zone_Resident","Destination_Zone_Worker","ZoneGlobale","All_modes","42"
"2020-04-04","Kingabwa","Maluku I","3h","Origin_Zone_Resident","Study_Zone_Worker","ZoneGlobale","All_modes","57"
"2020-04-04","Kingabwa","Maluku I","3h","Origin_Zone_Resident","Origin_Zone_Worker","ZoneGlobale","All_modes","97"
"2020-04-04","Kingabwa","Masina I","1h","Outside_Resident","Outside_Worker","ZoneGlobale","All_modes","83"
"2020-04-04","Kingabwa","Masina I","1h","Outside_Resident","Study_Zone_Worker","ZoneGlobale","All_modes","21"
"2020-04-04","Kingabwa","Masina I","1h","Destination_Zone_Resident","Destination_Zone_Worker","ZoneGlobale","All_modes","146"
"2020-04-04","Kingabwa","Masina I","1h","Study_Zone_Resident","Destination_Zone_Worker","ZoneGlobale","All_modes","21"
"2020-04-04","Kingabwa","Masina I","1h","Study_Zone_Resident","Study_Zone_Worker","ZoneGlobale","All_modes","316"
"2020-04-04","Kingabwa","Masina I","1h","Origin_Zone_Resident","Study_Zone_Worker","ZoneGlobale","All_modes","27"
"2020-04-04","Kingabwa","Masina I","1h","Origin_Zone_Resident","Origin_Zone_Worker","ZoneGlobale","All_modes","69"
"2020-04-04","Kingabwa","Masina I","3h","Outside_Resident","Outside_Worker","ZoneGlobale","All_modes","90"
"2020-04-04","Kingabwa","Masina I","3h","Outside_Resident","Study_Zone_Worker","ZoneGlobale","All_modes","28"
"2020-04-04","Kingabwa","Masina I","3h","Destination_Zone_Resident","Destination_Zone_Worker","ZoneGlobale","All_modes","78"
"2020-04-04","Kingabwa","Masina I","3h","Study_Zone_Resident","Outside_Worker","ZoneGlobale","All_modes","250"
"2020-04-04","Kingabwa","Masina I","3h","Study_Zone_Resident","Study_Zone_Worker","ZoneGlobale","All_modes","41"
"2020-04-04","Kingabwa","Masina I","3h","Origin_Zone_Resident","Study_Zone_Worker","ZoneGlobale","All_modes","21"
"2020-04-04","Kingabwa","Masina I","3h","Origin_Zone_Resident","Origin_Zone_Worker","ZoneGlobale","All_modes","130"
"2020-04-04","Kingabwa","Masina II","1h","Outside_Resident","Outside_Worker","ZoneGlobale","All_modes","796"
"2020-04-04","Kingabwa","Masina II","1h","Outside_Resident","Destination_Zone_Worker","ZoneGlobale","All_modes","160"
"2020-04-04","Kingabwa","Masina II","1h","Outside_Resident","Study_Zone_Worker","ZoneGlobale","All_modes","73"
"2020-04-04","Kingabwa","Masina II","1h","Outside_Resident","Origin_Zone_Worker","ZoneGlobale","All_modes","114"
"2020-04-04","Kingabwa","Masina II","1h","Destination_Zone_Resident","Outside_Worker","ZoneGlobale","All_modes","165"
"2020-04-04","Kingabwa","Masina II","1h","Destination_Zone_Resident","Destination_Zone_Worker","ZoneGlobale","All_modes","2472"
"2020-04-04","Kingabwa","Masina II","1h","Destination_Zone_Resident","Study_Zone_Worker","ZoneGlobale","All_modes","175"
"2020-04-04","Kingabwa","Masina II","1h","Destination_Zone_Resident","Origin_Zone_Worker","ZoneGlobale","All_modes","495"
"2020-04-04","Kingabwa","Masina II","1h","Study_Zone_Resident","Outside_Worker","ZoneGlobale","All_modes","33"
"2020-04-04","Kingabwa","Masina II","1h","Study_Zone_Resident","Destination_Zone_Worker","ZoneGlobale","All_modes","166"
"2020-04-04","Kingabwa","Masina II","1h","Study_Zone_Resident","Study_Zone_Worker","ZoneGlobale","All_modes","553"
"2020-04-04","Kingabwa","Masina II","1h","Study_Zone_Resident","Origin_Zone_Worker","ZoneGlobale","All_modes","96"
"2020-04-04","Kingabwa","Masina II","1h","Origin_Zone_Resident","Outside_Worker","ZoneGlobale","All_modes","107"
"2020-04-04","Kingabwa","Masina II","1h","Origin_Zone_Resident","Destination_Zone_Worker","ZoneGlobale","All_modes","548"
"2020-04-04","Kingabwa","Masina II","1h","Origin_Zone_Resident","Study_Zone_Worker","ZoneGlobale","All_modes","82"
"2020-04-04","Kingabwa","Masina II","1h","Origin_Zone_Resident","Origin_Zone_Worker","ZoneGlobale","All_modes","1793"
"2020-04-04","Kingabwa","Masina II","3h","Outside_Resident","Outside_Worker","ZoneGlobale","All_modes","981"
"2020-04-04","Kingabwa","Masina II","3h","Outside_Resident","Destination_Zone_Worker","ZoneGlobale","All_modes","223"
"2020-04-04","Kingabwa","Masina II","3h","Outside_Resident","Study_Zone_Worker","ZoneGlobale","All_modes","115"
"2020-04-04","Kingabwa","Masina II","3h","Outside_Resident","Origin_Zone_Worker","ZoneGlobale","All_modes","200"
"2020-04-04","Kingabwa","Masina II","3h","Destination_Zone_Resident","Outside_Worker","ZoneGlobale","All_modes","140"
"2020-04-04","Kingabwa","Masina II","3h","Destination_Zone_Resident","Destination_Zone_Worker","ZoneGlobale","All_modes","2233"
"2020-04-04","Kingabwa","Masina II","3h","Destination_Zone_Resident","Study_Zone_Worker","ZoneGlobale","All_modes","146"
"2020-04-04","Kingabwa","Masina II","3h","Destination_Zone_Resident","Origin_Zone_Worker","ZoneGlobale","All_modes","362"
"2020-04-04","Kingabwa","Masina II","3h","Study_Zone_Resident","Outside_Worker","ZoneGlobale","All_modes","42"
"2020-04-04","Kingabwa","Masina II","3h","Study_Zone_Resident","Destination_Zone_Worker","ZoneGlobale","All_modes","83"
"2020-04-04","Kingabwa","Masina II","3h","Study_Zone_Resident","Study_Zone_Worker","ZoneGlobale","All_modes","371"
"2020-04-04","Kingabwa","Masina II","3h","Study_Zone_Resident","Origin_Zone_Worker","ZoneGlobale","All_modes","49"
"2020-04-04","Kingabwa","Masina II","3h","Origin_Zone_Resident","Outside_Worker","ZoneGlobale","All_modes","134"
"2020-04-04","Kingabwa","Masina II","3h","Origin_Zone_Resident","Destination_Zone_Worker","ZoneGlobale","All_modes","650"
"2020-04-04","Kingabwa","Masina II","3h","Origin_Zone_Resident","Study_Zone_Worker","ZoneGlobale","All_modes","136"
"2020-04-04","Kingabwa","Masina II","3h","Origin_Zone_Resident","Origin_Zone_Worker","ZoneGlobale","All_modes","2104"
"2020-04-04","Kingabwa","Matete","1h","Outside_Resident","Outside_Worker","ZoneGlobale","All_modes","364"
"2020-04-04","Kingabwa","Matete","1h","Outside_Resident","Destination_Zone_Worker","ZoneGlobale","All_modes","131"
"2020-04-04","Kingabwa","Matete","1h","Outside_Resident","Study_Zone_Worker","ZoneGlobale","All_modes","64"
"2020-04-04","Kingabwa","Matete","1h","Outside_Resident","Origin_Zone_Worker","ZoneGlobale","All_modes","84"
"2020-04-04","Kingabwa","Matete","1h","Destination_Zone_Resident","Outside_Worker","ZoneGlobale","All_modes","40"
"2020-04-04","Kingabwa","Matete","1h","Destination_Zone_Resident","Destination_Zone_Worker","ZoneGlobale","All_modes","1139"
"2020-04-04","Kingabwa","Matete","1h","Destination_Zone_Resident","Study_Zone_Worker","ZoneGlobale","All_modes","91"
"2020-04-04","Kingabwa","Matete","1h","Destination_Zone_Resident","Origin_Zone_Worker","ZoneGlobale","All_modes","299"
"2020-04-04","Kingabwa","Matete","1h","Study_Zone_Resident","Outside_Worker","ZoneGlobale","All_modes","27"
"2020-04-04","Kingabwa","Matete","1h","Study_Zone_Resident","Destination_Zone_Worker","ZoneGlobale","All_modes","89"
"2020-04-04","Kingabwa","Matete","1h","Study_Zone_Resident","Study_Zone_Worker","ZoneGlobale","All_modes","524"
"2020-04-04","Kingabwa","Matete","1h","Study_Zone_Resident","Origin_Zone_Worker","ZoneGlobale","All_modes","140"
"2020-04-04","Kingabwa","Matete","1h","Origin_Zone_Resident","Outside_Worker","ZoneGlobale","All_modes","41"
"2020-04-04","Kingabwa","Matete","1h","Origin_Zone_Resident","Destination_Zone_Worker","ZoneGlobale","All_modes","274"
"2020-04-04","Kingabwa","Matete","1h","Origin_Zone_Resident","Study_Zone_Worker","ZoneGlobale","All_modes","139"
"2020-04-04","Kingabwa","Matete","1h","Origin_Zone_Resident","Origin_Zone_Worker","ZoneGlobale","All_modes","1051"
"2020-04-04","Kingabwa","Matete","3h","Outside_Resident","Outside_Worker","ZoneGlobale","All_modes","502"
"2020-04-04","Kingabwa","Matete","3h","Outside_Resident","Destination_Zone_Worker","ZoneGlobale","All_modes","120"
"2020-04-04","Kingabwa","Matete","3h","Outside_Resident","Study_Zone_Worker","ZoneGlobale","All_modes","71"
"2020-04-04","Kingabwa","Matete","3h","Outside_Resident","Origin_Zone_Worker","ZoneGlobale","All_modes","101"
"2020-04-04","Kingabwa","Matete","3h","Destination_Zone_Resident","Outside_Worker","ZoneGlobale","All_modes","70"
"2020-04-04","Kingabwa","Matete","3h","Destination_Zone_Resident","Destination_Zone_Worker","ZoneGlobale","All_modes","1002"
"2020-04-04","Kingabwa","Matete","3h","Destination_Zone_Resident","Study_Zone_Worker","ZoneGlobale","All_modes","87"
"2020-04-04","Kingabwa","Matete","3h","Destination_Zone_Resident","Origin_Zone_Worker","ZoneGlobale","All_modes","276"
"2020-04-04","Kingabwa","Matete","3h","Study_Zone_Resident","Destination_Zone_Worker","ZoneGlobale","All_modes","102"
"2020-04-04","Kingabwa","Matete","3h","Study_Zone_Resident","Study_Zone_Worker","ZoneGlobale","All_modes","327"
"2020-04-04","Kingabwa","Matete","3h","Study_Zone_Resident","Origin_Zone_Worker","ZoneGlobale","All_modes","93"
"2020-04-04","Kingabwa","Matete","3h","Origin_Zone_Resident","Outside_Worker","ZoneGlobale","All_modes","56"
"2020-04-04","Kingabwa","Matete","3h","Origin_Zone_Resident","Destination_Zone_Worker","ZoneGlobale","All_modes","293"
"2020-04-04","Kingabwa","Matete","3h","Origin_Zone_Resident","Study_Zone_Worker","ZoneGlobale","All_modes","117"
"2020-04-04","Kingabwa","Matete","3h","Origin_Zone_Resident","Origin_Zone_Worker","ZoneGlobale","All_modes","1081"
"2020-04-04","Kingabwa","Mont Ngafula I","1h","Outside_Resident","Outside_Worker","ZoneGlobale","All_modes","132"
"2020-04-04","Kingabwa","Mont Ngafula I","1h","Destination_Zone_Resident","Destination_Zone_Worker","ZoneGlobale","All_modes","68"
"2020-04-04","Kingabwa","Mont Ngafula I","1h","Destination_Zone_Resident","Origin_Zone_Worker","ZoneGlobale","All_modes","55"
"2020-04-04","Kingabwa","Mont Ngafula I","1h","Study_Zone_Resident","Study_Zone_Worker","ZoneGlobale","All_modes","92"
"2020-04-04","Kingabwa","Mont Ngafula I","1h","Origin_Zone_Resident","Origin_Zone_Worker","ZoneGlobale","All_modes","86"
"2020-04-04","Kingabwa","Mont Ngafula I","3h","Outside_Resident","Outside_Worker","ZoneGlobale","All_modes","231"
"2020-04-04","Kingabwa","Mont Ngafula I","3h","Outside_Resident","Origin_Zone_Worker","ZoneGlobale","All_modes","33"
"2020-04-04","Kingabwa","Mont Ngafula I","3h","Destination_Zone_Resident","Destination_Zone_Worker","ZoneGlobale","All_modes","55"
"2020-04-04","Kingabwa","Mont Ngafula I","3h","Destination_Zone_Resident","Origin_Zone_Worker","ZoneGlobale","All_modes","47"
"2020-04-04","Kingabwa","Mont Ngafula I","3h","Study_Zone_Resident","Study_Zone_Worker","ZoneGlobale","All_modes","111"
"2020-04-04","Kingabwa","Mont Ngafula I","3h","Study_Zone_Resident","Origin_Zone_Worker","ZoneGlobale","All_modes","26"
"2020-04-04","Kingabwa","Mont Ngafula I","3h","Origin_Zone_Resident","Origin_Zone_Worker","ZoneGlobale","All_modes","148"
"2020-04-04","Kingabwa","Mont Ngafula II","1h","Destination_Zone_Resident","Destination_Zone_Worker","ZoneGlobale","All_modes","56"
"2020-04-04","Kingabwa","Mont Ngafula II","1h","Study_Zone_Resident","Study_Zone_Worker","ZoneGlobale","All_modes","27"
"2020-04-04","Kingabwa","Mont Ngafula II","1h","Origin_Zone_Resident","Origin_Zone_Worker","ZoneGlobale","All_modes","42"
"2020-04-04","Kingabwa","Mont Ngafula II","3h","Outside_Resident","Outside_Worker","ZoneGlobale","All_modes","68"
"2020-04-04","Kingabwa","Mont Ngafula II","3h","Outside_Resident","Study_Zone_Worker","ZoneGlobale","All_modes","26"
"2020-04-04","Kingabwa","Mont Ngafula II","3h","Destination_Zone_Resident","Destination_Zone_Worker","ZoneGlobale","All_modes","29"
"2020-04-04","Kingabwa","Mont Ngafula II","3h","Origin_Zone_Resident","Origin_Zone_Worker","ZoneGlobale","All_modes","54"
"2020-04-04","Kingabwa","Ndjili","1h","Outside_Resident","Outside_Worker","ZoneGlobale","All_modes","316"
"2020-04-04","Kingabwa","Ndjili","1h","Outside_Resident","Destination_Zone_Worker","ZoneGlobale","All_modes","40"
"2020-04-04","Kingabwa","Ndjili","1h","Outside_Resident","Study_Zone_Worker","ZoneGlobale","All_modes","90"
"2020-04-04","Kingabwa","Ndjili","1h","Destination_Zone_Resident","Outside_Worker","ZoneGlobale","All_modes","34"
"2020-04-04","Kingabwa","Ndjili","1h","Destination_Zone_Resident","Destination_Zone_Worker","ZoneGlobale","All_modes","674"
"2020-04-04","Kingabwa","Ndjili","1h","Destination_Zone_Resident","Study_Zone_Worker","ZoneGlobale","All_modes","128"
"2020-04-04","Kingabwa","Ndjili","1h","Destination_Zone_Resident","Origin_Zone_Worker","ZoneGlobale","All_modes","87"
"2020-04-04","Kingabwa","Ndjili","1h","Study_Zone_Resident","Outside_Worker","ZoneGlobale","All_modes","34"
"2020-04-04","Kingabwa","Ndjili","1h","Study_Zone_Resident","Destination_Zone_Worker","ZoneGlobale","All_modes","130"
"2020-04-04","Kingabwa","Ndjili","1h","Study_Zone_Resident","Study_Zone_Worker","ZoneGlobale","All_modes","468"
"2020-04-04","Kingabwa","Ndjili","1h","Study_Zone_Resident","Origin_Zone_Worker","ZoneGlobale","All_modes","60"
"2020-04-04","Kingabwa","Ndjili","1h","Origin_Zone_Resident","Destination_Zone_Worker","ZoneGlobale","All_modes","73"
"2020-04-04","Kingabwa","Ndjili","1h","Origin_Zone_Resident","Study_Zone_Worker","ZoneGlobale","All_modes","85"
"2020-04-04","Kingabwa","Ndjili","1h","Origin_Zone_Resident","Origin_Zone_Worker","ZoneGlobale","All_modes","291"
"2020-04-04","Kingabwa","Ndjili","3h","Outside_Resident","Outside_Worker","ZoneGlobale","All_modes","284"
"2020-04-04","Kingabwa","Ndjili","3h","Outside_Resident","Destination_Zone_Worker","ZoneGlobale","All_modes","61"
"2020-04-04","Kingabwa","Ndjili","3h","Outside_Resident","Origin_Zone_Worker","ZoneGlobale","All_modes","49"
"2020-04-04","Kingabwa","Ndjili","3h","Destination_Zone_Resident","Outside_Worker","ZoneGlobale","All_modes","26"
"2020-04-04","Kingabwa","Ndjili","3h","Destination_Zone_Resident","Destination_Zone_Worker","ZoneGlobale","All_modes","524"
"2020-04-04","Kingabwa","Ndjili","3h","Destination_Zone_Resident","Study_Zone_Worker","ZoneGlobale","All_modes","44"
"2020-04-04","Kingabwa","Ndjili","3h","Destination_Zone_Resident","Origin_Zone_Worker","ZoneGlobale","All_modes","113"
"2020-04-04","Kingabwa","Ndjili","3h","Study_Zone_Resident","Outside_Worker","ZoneGlobale","All_modes","28"
"2020-04-04","Kingabwa","Ndjili","3h","Study_Zone_Resident","Destination_Zone_Worker","ZoneGlobale","All_modes","97"
"2020-04-04","Kingabwa","Ndjili","3h","Study_Zone_Resident","Study_Zone_Worker","ZoneGlobale","All_modes","201"
"2020-04-04","Kingabwa","Ndjili","3h","Study_Zone_Resident","Origin_Zone_Worker","ZoneGlobale","All_modes","33"
"2020-04-04","Kingabwa","Ndjili","3h","Origin_Zone_Resident","Outside_Worker","ZoneGlobale","All_modes","27"
"2020-04-04","Kingabwa","Ndjili","3h","Origin_Zone_Resident","Destination_Zone_Worker","ZoneGlobale","All_modes","138"
"2020-04-04","Kingabwa","Ndjili","3h","Origin_Zone_Resident","Study_Zone_Worker","ZoneGlobale","All_modes","81"
"2020-04-04","Kingabwa","Ndjili","3h","Origin_Zone_Resident","Origin_Zone_Worker","ZoneGlobale","All_modes","322"
"2020-04-04","Kingabwa","Ngiri-Ngiri","1h","Outside_Resident","Outside_Worker","ZoneGlobale","All_modes","81"
"2020-04-04","Kingabwa","Ngiri-Ngiri","1h","Outside_Resident","Study_Zone_Worker","ZoneGlobale","All_modes","28"
"2020-04-04","Kingabwa","Ngiri-Ngiri","1h","Destination_Zone_Resident","Destination_Zone_Worker","ZoneGlobale","All_modes","96"
"2020-04-04","Kingabwa","Ngiri-Ngiri","1h","Study_Zone_Resident","Study_Zone_Worker","ZoneGlobale","All_modes","41"
"2020-04-04","Kingabwa","Ngiri-Ngiri","1h","Origin_Zone_Resident","Destination_Zone_Worker","ZoneGlobale","All_modes","22"
"2020-04-04","Kingabwa","Ngiri-Ngiri","1h","Origin_Zone_Resident","Study_Zone_Worker","ZoneGlobale","All_modes","28"
"2020-04-04","Kingabwa","Ngiri-Ngiri","1h","Origin_Zone_Resident","Origin_Zone_Worker","ZoneGlobale","All_modes","76"
"2020-04-04","Kingabwa","Ngiri-Ngiri","3h","Outside_Resident","Outside_Worker","ZoneGlobale","All_modes","42"
"2020-04-04","Kingabwa","Ngiri-Ngiri","3h","Destination_Zone_Resident","Destination_Zone_Worker","ZoneGlobale","All_modes","101"
"2020-04-04","Kingabwa","Ngiri-Ngiri","3h","Study_Zone_Resident","Study_Zone_Worker","ZoneGlobale","All_modes","43"
"2020-04-04","Kingabwa","Ngiri-Ngiri","3h","Origin_Zone_Resident","Destination_Zone_Worker","ZoneGlobale","All_modes","29"
"2020-04-04","Kingabwa","Ngiri-Ngiri","3h","Origin_Zone_Resident","Study_Zone_Worker","ZoneGlobale","All_modes","40"
"2020-04-04","Kingabwa","Ngiri-Ngiri","3h","Origin_Zone_Resident","Origin_Zone_Worker","ZoneGlobale","All_modes","104"
"2020-04-04","Kingabwa","Nsele","1h","Outside_Resident","Outside_Worker","ZoneGlobale","All_modes","569"
"2020-04-04","Kingabwa","Nsele","1h","Outside_Resident","Destination_Zone_Worker","ZoneGlobale","All_modes","91"
"2020-04-04","Kingabwa","Nsele","1h","Outside_Resident","Study_Zone_Worker","ZoneGlobale","All_modes","50"
"2020-04-04","Kingabwa","Nsele","1h","Outside_Resident","Origin_Zone_Worker","ZoneGlobale","All_modes","83"
"2020-04-04","Kingabwa","Nsele","1h","Destination_Zone_Resident","Outside_Worker","ZoneGlobale","All_modes","34"
"2020-04-04","Kingabwa","Nsele","1h","Destination_Zone_Resident","Destination_Zone_Worker","ZoneGlobale","All_modes","601"
"2020-04-04","Kingabwa","Nsele","1h","Destination_Zone_Resident","Study_Zone_Worker","ZoneGlobale","All_modes","100"
"2020-04-04","Kingabwa","Nsele","1h","Destination_Zone_Resident","Origin_Zone_Worker","ZoneGlobale","All_modes","163"
"2020-04-04","Kingabwa","Nsele","1h","Study_Zone_Resident","Outside_Worker","ZoneGlobale","All_modes","365"
"2020-04-04","Kingabwa","Nsele","1h","Study_Zone_Resident","Destination_Zone_Worker","ZoneGlobale","All_modes","157"
"2020-04-04","Kingabwa","Nsele","1h","Study_Zone_Resident","Study_Zone_Worker","ZoneGlobale","All_modes","722"
"2020-04-04","Kingabwa","Nsele","1h","Study_Zone_Resident","Origin_Zone_Worker","ZoneGlobale","All_modes","113"
"2020-04-04","Kingabwa","Nsele","1h","Origin_Zone_Resident","Outside_Worker","ZoneGlobale","All_modes","87"
"2020-04-04","Kingabwa","Nsele","1h","Origin_Zone_Resident","Destination_Zone_Worker","ZoneGlobale","All_modes","229"
"2020-04-04","Kingabwa","Nsele","1h","Origin_Zone_Resident","Study_Zone_Worker","ZoneGlobale","All_modes","208"
"2020-04-04","Kingabwa","Nsele","1h","Origin_Zone_Resident","Origin_Zone_Worker","ZoneGlobale","All_modes","1515"
"2020-04-04","Kingabwa","Nsele","3h","Outside_Resident","Outside_Worker","ZoneGlobale","All_modes","716"
"2020-04-04","Kingabwa","Nsele","3h","Outside_Resident","Destination_Zone_Worker","ZoneGlobale","All_modes","158"
"2020-04-04","Kingabwa","Nsele","3h","Outside_Resident","Study_Zone_Worker","ZoneGlobale","All_modes","98"
"2020-04-04","Kingabwa","Nsele","3h","Outside_Resident","Origin_Zone_Worker","ZoneGlobale","All_modes","185"
"2020-04-04","Kingabwa","Nsele","3h","Destination_Zone_Resident","Outside_Worker","ZoneGlobale","All_modes","54"
"2020-04-04","Kingabwa","Nsele","3h","Destination_Zone_Resident","Destination_Zone_Worker","ZoneGlobale","All_modes","550"
"2020-04-04","Kingabwa","Nsele","3h","Destination_Zone_Resident","Study_Zone_Worker","ZoneGlobale","All_modes","60"
"2020-04-04","Kingabwa","Nsele","3h","Destination_Zone_Resident","Origin_Zone_Worker","ZoneGlobale","All_modes","160"
"2020-04-04","Kingabwa","Nsele","3h","Study_Zone_Resident","Outside_Worker","ZoneGlobale","All_modes","48"
"2020-04-04","Kingabwa","Nsele","3h","Study_Zone_Resident","Destination_Zone_Worker","ZoneGlobale","All_modes","112"
"2020-04-04","Kingabwa","Nsele","3h","Study_Zone_Resident","Study_Zone_Worker","ZoneGlobale","All_modes","369"
"2020-04-04","Kingabwa","Nsele","3h","Study_Zone_Resident","Origin_Zone_Worker","ZoneGlobale","All_modes","110"
"2020-04-04","Kingabwa","Nsele","3h","Origin_Zone_Resident","Outside_Worker","ZoneGlobale","All_modes","110"
"2020-04-04","Kingabwa","Nsele","3h","Origin_Zone_Resident","Destination_Zone_Worker","ZoneGlobale","All_modes","281"
"2020-04-04","Kingabwa","Nsele","3h","Origin_Zone_Resident","Study_Zone_Worker","ZoneGlobale","All_modes","306"
"2020-04-04","Kingabwa","Nsele","3h","Origin_Zone_Resident","Origin_Zone_Worker","ZoneGlobale","All_modes","1911"
"2020-04-04","Kingabwa","Police","1h","Outside_Resident","Outside_Worker","ZoneGlobale","All_modes","27"
"2020-04-04","Kingabwa","Police","1h","Destination_Zone_Resident","Destination_Zone_Worker","ZoneGlobale","All_modes","33"
"2020-04-04","Kingabwa","Police","1h","Study_Zone_Resident","Study_Zone_Worker","ZoneGlobale","All_modes","89"
"2020-04-04","Kingabwa","Police","1h","Origin_Zone_Resident","Outside_Worker","ZoneGlobale","All_modes","30"
"2020-04-04","Kingabwa","Police","1h","Origin_Zone_Resident","Origin_Zone_Worker","ZoneGlobale","All_modes","95"
"2020-04-04","Kingabwa","Police","3h","Outside_Resident","Outside_Worker","ZoneGlobale","All_modes","31"
"2020-04-04","Kingabwa","Police","3h","Destination_Zone_Resident","Destination_Zone_Worker","ZoneGlobale","All_modes","47"
"2020-04-04","Kingabwa","Police","3h","Study_Zone_Resident","Study_Zone_Worker","ZoneGlobale","All_modes","21"
"2020-04-04","Kingabwa","Police","3h","Origin_Zone_Resident","Outside_Worker","ZoneGlobale","All_modes","36"
"2020-04-04","Kingabwa","Police","3h","Origin_Zone_Resident","Destination_Zone_Worker","ZoneGlobale","All_modes","43"
"2020-04-04","Kingabwa","Police","3h","Origin_Zone_Resident","Origin_Zone_Worker","ZoneGlobale","All_modes","128"
"2020-04-04","Kingabwa","Selembao","1h","Outside_Resident","Outside_Worker","ZoneGlobale","All_modes","21"
"2020-04-04","Kingabwa","Selembao","1h","Destination_Zone_Resident","Destination_Zone_Worker","ZoneGlobale","All_modes","33"
"2020-04-04","Kingabwa","Selembao","1h","Study_Zone_Resident","Study_Zone_Worker","ZoneGlobale","All_modes","41"
"2020-04-04","Kingabwa","Selembao","1h","Origin_Zone_Resident","Origin_Zone_Worker","ZoneGlobale","All_modes","34"
"2020-04-04","Kingabwa","Selembao","3h","Outside_Resident","Outside_Worker","ZoneGlobale","All_modes","83"
"2020-04-04","Kingabwa","Selembao","3h","Outside_Resident","Destination_Zone_Worker","ZoneGlobale","All_modes","21"
"2020-04-04","Kingabwa","Selembao","3h","Outside_Resident","Study_Zone_Worker","ZoneGlobale","All_modes","21"
"2020-04-04","Kingabwa","Selembao","3h","Destination_Zone_Resident","Destination_Zone_Worker","ZoneGlobale","All_modes","53"
"2020-04-04","Kingabwa","Selembao","3h","Destination_Zone_Resident","Origin_Zone_Worker","ZoneGlobale","All_modes","34"
"2020-04-04","Kingabwa","Selembao","3h","Study_Zone_Resident","Outside_Worker","ZoneGlobale","All_modes","21"
"2020-04-04","Kingabwa","Selembao","3h","Study_Zone_Resident","Study_Zone_Worker","ZoneGlobale","All_modes","27"
"2020-04-04","Kingabwa","Selembao","3h","Study_Zone_Resident","Origin_Zone_Worker","ZoneGlobale","All_modes","42"
"2020-04-04","Kingabwa","Selembao","3h","Origin_Zone_Resident","Origin_Zone_Worker","ZoneGlobale","All_modes","75"
"2020-04-04","Kingabwa","Sona-Bata","1h","Study_Zone_Resident","Study_Zone_Worker","ZoneGlobale","All_modes","67"
"2020-04-04","Kingabwa","Sona-Bata","1h","Origin_Zone_Resident","Study_Zone_Worker","ZoneGlobale","All_modes","39"
"2020-04-04","Kingabwa","Sona-Bata","1h","Origin_Zone_Resident","Origin_Zone_Worker","ZoneGlobale","All_modes","234"
"2020-04-04","Kingabwa","Sona-Bata","3h","Outside_Resident","Origin_Zone_Worker","ZoneGlobale","All_modes","43"
"2020-04-04","Kingabwa","Sona-Bata","3h","Destination_Zone_Resident","Destination_Zone_Worker","ZoneGlobale","All_modes","22"
"2020-04-04","Kingabwa","Sona-Bata","3h","Origin_Zone_Resident","Study_Zone_Worker","ZoneGlobale","All_modes","55"
"2020-04-04","Kingabwa","Sona-Bata","3h","Origin_Zone_Resident","Origin_Zone_Worker","ZoneGlobale","All_modes","212"
"2020-04-04","Kinkonzi","Vaku","1h","Destination_Zone_Resident","Destination_Zone_Worker","ZoneGlobale","All_modes","24"
"2020-04-04","Kinshasa","Barumbu","1h","Outside_Resident","Outside_Worker","ZoneGlobale","All_modes","1096"
"2020-04-04","Kinshasa","Barumbu","1h","Outside_Resident","Destination_Zone_Worker","ZoneGlobale","All_modes","133"
"2020-04-04","Kinshasa","Barumbu","1h","Outside_Resident","Study_Zone_Worker","ZoneGlobale","All_modes","106"
"2020-04-04","Kinshasa","Barumbu","1h","Outside_Resident","Origin_Zone_Worker","ZoneGlobale","All_modes","156"
"2020-04-04","Kinshasa","Barumbu","1h","Destination_Zone_Resident","Outside_Worker","ZoneGlobale","All_modes","127"
"2020-04-04","Kinshasa","Barumbu","1h","Destination_Zone_Resident","Destination_Zone_Worker","ZoneGlobale","All_modes","3521"
"2020-04-04","Kinshasa","Barumbu","1h","Destination_Zone_Resident","Study_Zone_Worker","ZoneGlobale","All_modes","219"
"2020-04-04","Kinshasa","Barumbu","1h","Destination_Zone_Resident","Origin_Zone_Worker","ZoneGlobale","All_modes","544"
"2020-04-04","Kinshasa","Barumbu","1h","Study_Zone_Resident","Outside_Worker","ZoneGlobale","All_modes","98"
"2020-04-04","Kinshasa","Barumbu","1h","Study_Zone_Resident","Destination_Zone_Worker","ZoneGlobale","All_modes","321"
"2020-04-04","Kinshasa","Barumbu","1h","Study_Zone_Resident","Study_Zone_Worker","ZoneGlobale","All_modes","860"
"2020-04-04","Kinshasa","Barumbu","1h","Study_Zone_Resident","Origin_Zone_Worker","ZoneGlobale","All_modes","326"
"2020-04-04","Kinshasa","Barumbu","1h","Origin_Zone_Resident","Outside_Worker","ZoneGlobale","All_modes","109"
"2020-04-04","Kinshasa","Barumbu","1h","Origin_Zone_Resident","Destination_Zone_Worker","ZoneGlobale","All_modes","895"
"2020-04-04","Kinshasa","Barumbu","1h","Origin_Zone_Resident","Study_Zone_Worker","ZoneGlobale","All_modes","134"
"2020-04-04","Kinshasa","Barumbu","1h","Origin_Zone_Resident","Origin_Zone_Worker","ZoneGlobale","All_modes","3773"
"2020-04-04","Kinshasa","Barumbu","3h","Outside_Resident","Outside_Worker","ZoneGlobale","All_modes","1173"
"2020-04-04","Kinshasa","Barumbu","3h","Outside_Resident","Destination_Zone_Worker","ZoneGlobale","All_modes","212"
"2020-04-04","Kinshasa","Barumbu","3h","Outside_Resident","Study_Zone_Worker","ZoneGlobale","All_modes","126"
"2020-04-04","Kinshasa","Barumbu","3h","Outside_Resident","Origin_Zone_Worker","ZoneGlobale","All_modes","241"
"2020-04-04","Kinshasa","Barumbu","3h","Destination_Zone_Resident","Outside_Worker","ZoneGlobale","All_modes","98"
"2020-04-04","Kinshasa","Barumbu","3h","Destination_Zone_Resident","Destination_Zone_Worker","ZoneGlobale","All_modes","2313"
"2020-04-04","Kinshasa","Barumbu","3h","Destination_Zone_Resident","Study_Zone_Worker","ZoneGlobale","All_modes","165"
"2020-04-04","Kinshasa","Barumbu","3h","Destination_Zone_Resident","Origin_Zone_Worker","ZoneGlobale","All_modes","406"
"2020-04-04","Kinshasa","Barumbu","3h","Study_Zone_Resident","Outside_Worker","ZoneGlobale","All_modes","87"
"2020-04-04","Kinshasa","Barumbu","3h","Study_Zone_Resident","Destination_Zone_Worker","ZoneGlobale","All_modes","133"
"2020-04-04","Kinshasa","Barumbu","3h","Study_Zone_Resident","Study_Zone_Worker","ZoneGlobale","All_modes","476"
"2020-04-04","Kinshasa","Barumbu","3h","Study_Zone_Resident","Origin_Zone_Worker","ZoneGlobale","All_modes","177"
"2020-04-04","Kinshasa","Barumbu","3h","Origin_Zone_Resident","Outside_Worker","ZoneGlobale","All_modes","207"
"2020-04-04","Kinshasa","Barumbu","3h","Origin_Zone_Resident","Destination_Zone_Worker","ZoneGlobale","All_modes","850"
"2020-04-04","Kinshasa","Barumbu","3h","Origin_Zone_Resident","Study_Zone_Worker","ZoneGlobale","All_modes","144"
"2020-04-04","Kinshasa","Barumbu","3h","Origin_Zone_Resident","Origin_Zone_Worker","ZoneGlobale","All_modes","3368"
"2020-04-04","Kinshasa","Binza Meteo","1h","Outside_Resident","Outside_Worker","ZoneGlobale","All_modes","132"
"2020-04-04","Kinshasa","Binza Meteo","1h","Outside_Resident","Destination_Zone_Worker","ZoneGlobale","All_modes","34"
"2020-04-04","Kinshasa","Binza Meteo","1h","Outside_Resident","Study_Zone_Worker","ZoneGlobale","All_modes","33"
"2020-04-04","Kinshasa","Binza Meteo","1h","Outside_Resident","Origin_Zone_Worker","ZoneGlobale","All_modes","35"
"2020-04-04","Kinshasa","Binza Meteo","1h","Destination_Zone_Resident","Outside_Worker","ZoneGlobale","All_modes","22"
"2020-04-04","Kinshasa","Binza Meteo","1h","Destination_Zone_Resident","Destination_Zone_Worker","ZoneGlobale","All_modes","294"
"2020-04-04","Kinshasa","Binza Meteo","1h","Destination_Zone_Resident","Study_Zone_Worker","ZoneGlobale","All_modes","27"
"2020-04-04","Kinshasa","Binza Meteo","1h","Destination_Zone_Resident","Origin_Zone_Worker","ZoneGlobale","All_modes","62"
"2020-04-04","Kinshasa","Binza Meteo","1h","Study_Zone_Resident","Destination_Zone_Worker","ZoneGlobale","All_modes","27"
"2020-04-04","Kinshasa","Binza Meteo","1h","Study_Zone_Resident","Study_Zone_Worker","ZoneGlobale","All_modes","184"
"2020-04-04","Kinshasa","Binza Meteo","1h","Study_Zone_Resident","Origin_Zone_Worker","ZoneGlobale","All_modes","40"
"2020-04-04","Kinshasa","Binza Meteo","1h","Origin_Zone_Resident","Destination_Zone_Worker","ZoneGlobale","All_modes","50"
"2020-04-04","Kinshasa","Binza Meteo","1h","Origin_Zone_Resident","Study_Zone_Worker","ZoneGlobale","All_modes","56"
"2020-04-04","Kinshasa","Binza Meteo","1h","Origin_Zone_Resident","Origin_Zone_Worker","ZoneGlobale","All_modes","299"
"2020-04-04","Kinshasa","Binza Meteo","3h","Outside_Resident","Outside_Worker","ZoneGlobale","All_modes","177"
"2020-04-04","Kinshasa","Binza Meteo","3h","Outside_Resident","Destination_Zone_Worker","ZoneGlobale","All_modes","26"
"2020-04-04","Kinshasa","Binza Meteo","3h","Outside_Resident","Origin_Zone_Worker","ZoneGlobale","All_modes","21"
"2020-04-04","Kinshasa","Binza Meteo","3h","Destination_Zone_Resident","Outside_Worker","ZoneGlobale","All_modes","21"
"2020-04-04","Kinshasa","Binza Meteo","3h","Destination_Zone_Resident","Destination_Zone_Worker","ZoneGlobale","All_modes","204"
"2020-04-04","Kinshasa","Binza Meteo","3h","Destination_Zone_Resident","Study_Zone_Worker","ZoneGlobale","All_modes","30"
"2020-04-04","Kinshasa","Binza Meteo","3h","Destination_Zone_Resident","Origin_Zone_Worker","ZoneGlobale","All_modes","47"
"2020-04-04","Kinshasa","Binza Meteo","3h","Study_Zone_Resident","Destination_Zone_Worker","ZoneGlobale","All_modes","48"
"2020-04-04","Kinshasa","Binza Meteo","3h","Study_Zone_Resident","Study_Zone_Worker","ZoneGlobale","All_modes","203"
"2020-04-04","Kinshasa","Binza Meteo","3h","Study_Zone_Resident","Origin_Zone_Worker","ZoneGlobale","All_modes","48"
"2020-04-04","Kinshasa","Binza Meteo","3h","Origin_Zone_Resident","Destination_Zone_Worker","ZoneGlobale","All_modes","56"
"2020-04-04","Kinshasa","Binza Meteo","3h","Origin_Zone_Resident","Study_Zone_Worker","ZoneGlobale","All_modes","54"
"2020-04-04","Kinshasa","Binza Meteo","3h","Origin_Zone_Resident","Origin_Zone_Worker","ZoneGlobale","All_modes","347"
"2020-04-04","Kinshasa","Binza Ozone","1h","Outside_Resident","Outside_Worker","ZoneGlobale","All_modes","77"
"2020-04-04","Kinshasa","Binza Ozone","1h","Outside_Resident","Destination_Zone_Worker","ZoneGlobale","All_modes","34"
"2020-04-04","Kinshasa","Binza Ozone","1h","Outside_Resident","Study_Zone_Worker","ZoneGlobale","All_modes","22"
"2020-04-04","Kinshasa","Binza Ozone","1h","Outside_Resident","Origin_Zone_Worker","ZoneGlobale","All_modes","22"
"2020-04-04","Kinshasa","Binza Ozone","1h","Destination_Zone_Resident","Destination_Zone_Worker","ZoneGlobale","All_modes","211"
"2020-04-04","Kinshasa","Binza Ozone","1h","Destination_Zone_Resident","Study_Zone_Worker","ZoneGlobale","All_modes","40"
"2020-04-04","Kinshasa","Binza Ozone","1h","Destination_Zone_Resident","Origin_Zone_Worker","ZoneGlobale","All_modes","40"
"2020-04-04","Kinshasa","Binza Ozone","1h","Study_Zone_Resident","Destination_Zone_Worker","ZoneGlobale","All_modes","26"
"2020-04-04","Kinshasa","Binza Ozone","1h","Study_Zone_Resident","Study_Zone_Worker","ZoneGlobale","All_modes","47"
"2020-04-04","Kinshasa","Binza Ozone","1h","Study_Zone_Resident","Origin_Zone_Worker","ZoneGlobale","All_modes","26"
"2020-04-04","Kinshasa","Binza Ozone","1h","Origin_Zone_Resident","Study_Zone_Worker","ZoneGlobale","All_modes","41"
"2020-04-04","Kinshasa","Binza Ozone","1h","Origin_Zone_Resident","Origin_Zone_Worker","ZoneGlobale","All_modes","135"
"2020-04-04","Kinshasa","Binza Ozone","3h","Outside_Resident","Outside_Worker","ZoneGlobale","All_modes","89"
"2020-04-04","Kinshasa","Binza Ozone","3h","Outside_Resident","Destination_Zone_Worker","ZoneGlobale","All_modes","42"
"2020-04-04","Kinshasa","Binza Ozone","3h","Destination_Zone_Resident","Outside_Worker","ZoneGlobale","All_modes","43"
"2020-04-04","Kinshasa","Binza Ozone","3h","Destination_Zone_Resident","Destination_Zone_Worker","ZoneGlobale","All_modes","151"
"2020-04-04","Kinshasa","Binza Ozone","3h","Destination_Zone_Resident","Origin_Zone_Worker","ZoneGlobale","All_modes","25"
"2020-04-04","Kinshasa","Binza Ozone","3h","Study_Zone_Resident","Study_Zone_Worker","ZoneGlobale","All_modes","40"
"2020-04-04","Kinshasa","Binza Ozone","3h","Origin_Zone_Resident","Destination_Zone_Worker","ZoneGlobale","All_modes","85"
"2020-04-04","Kinshasa","Binza Ozone","3h","Origin_Zone_Resident","Study_Zone_Worker","ZoneGlobale","All_modes","35"
"2020-04-04","Kinshasa","Binza Ozone","3h","Origin_Zone_Resident","Origin_Zone_Worker","ZoneGlobale","All_modes","135"
"2020-04-04","Kinshasa","Bumbu","1h","Outside_Resident","Outside_Worker","ZoneGlobale","All_modes","133"
"2020-04-04","Kinshasa","Bumbu","1h","Outside_Resident","Destination_Zone_Worker","ZoneGlobale","All_modes","49"
"2020-04-04","Kinshasa","Bumbu","1h","Destination_Zone_Resident","Destination_Zone_Worker","ZoneGlobale","All_modes","214"
"2020-04-04","Kinshasa","Bumbu","1h","Destination_Zone_Resident","Study_Zone_Worker","ZoneGlobale","All_modes","42"
"2020-04-04","Kinshasa","Bumbu","1h","Destination_Zone_Resident","Origin_Zone_Worker","ZoneGlobale","All_modes","65"
"2020-04-04","Kinshasa","Bumbu","1h","Study_Zone_Resident","Outside_Worker","ZoneGlobale","All_modes","34"
"2020-04-04","Kinshasa","Bumbu","1h","Study_Zone_Resident","Study_Zone_Worker","ZoneGlobale","All_modes","135"
"2020-04-04","Kinshasa","Bumbu","1h","Study_Zone_Resident","Origin_Zone_Worker","ZoneGlobale","All_modes","33"
"2020-04-04","Kinshasa","Bumbu","1h","Origin_Zone_Resident","Origin_Zone_Worker","ZoneGlobale","All_modes","75"
"2020-04-04","Kinshasa","Bumbu","3h","Outside_Resident","Outside_Worker","ZoneGlobale","All_modes","75"
"2020-04-04","Kinshasa","Bumbu","3h","Outside_Resident","Destination_Zone_Worker","ZoneGlobale","All_modes","50"
"2020-04-04","Kinshasa","Bumbu","3h","Outside_Resident","Study_Zone_Worker","ZoneGlobale","All_modes","29"
"2020-04-04","Kinshasa","Bumbu","3h","Outside_Resident","Origin_Zone_Worker","ZoneGlobale","All_modes","41"
"2020-04-04","Kinshasa","Bumbu","3h","Destination_Zone_Resident","Destination_Zone_Worker","ZoneGlobale","All_modes","195"
"2020-04-04","Kinshasa","Bumbu","3h","Destination_Zone_Resident","Origin_Zone_Worker","ZoneGlobale","All_modes","69"
"2020-04-04","Kinshasa","Bumbu","3h","Study_Zone_Resident","Outside_Worker","ZoneGlobale","All_modes","43"
"2020-04-04","Kinshasa","Bumbu","3h","Study_Zone_Resident","Study_Zone_Worker","ZoneGlobale","All_modes","47"
"2020-04-04","Kinshasa","Bumbu","3h","Study_Zone_Resident","Origin_Zone_Worker","ZoneGlobale","All_modes","55"
"2020-04-04","Kinshasa","Bumbu","3h","Origin_Zone_Resident","Origin_Zone_Worker","ZoneGlobale","All_modes","95"
"2020-04-04","Kinshasa","Diulu","1h","Outside_Resident","Outside_Worker","ZoneGlobale","All_modes","21"
"2020-04-04","Kinshasa","Gombe","1h","Outside_Resident","Outside_Worker","ZoneGlobale","All_modes","707"
"2020-04-04","Kinshasa","Gombe","1h","Outside_Resident","Destination_Zone_Worker","ZoneGlobale","All_modes","166"
"2020-04-04","Kinshasa","Gombe","1h","Outside_Resident","Study_Zone_Worker","ZoneGlobale","All_modes","100"
"2020-04-04","Kinshasa","Gombe","1h","Outside_Resident","Origin_Zone_Worker","ZoneGlobale","All_modes","89"
"2020-04-04","Kinshasa","Gombe","1h","Destination_Zone_Resident","Destination_Zone_Worker","ZoneGlobale","All_modes","616"
"2020-04-04","Kinshasa","Gombe","1h","Destination_Zone_Resident","Study_Zone_Worker","ZoneGlobale","All_modes","83"
"2020-04-04","Kinshasa","Gombe","1h","Destination_Zone_Resident","Origin_Zone_Worker","ZoneGlobale","All_modes","92"
"2020-04-04","Kinshasa","Gombe","1h","Study_Zone_Resident","Outside_Worker","ZoneGlobale","All_modes","157"
"2020-04-04","Kinshasa","Gombe","1h","Study_Zone_Resident","Destination_Zone_Worker","ZoneGlobale","All_modes","649"
"2020-04-04","Kinshasa","Gombe","1h","Study_Zone_Resident","Study_Zone_Worker","ZoneGlobale","All_modes","1155"
"2020-04-04","Kinshasa","Gombe","1h","Study_Zone_Resident","Origin_Zone_Worker","ZoneGlobale","All_modes","237"
"2020-04-04","Kinshasa","Gombe","1h","Origin_Zone_Resident","Outside_Worker","ZoneGlobale","All_modes","89"
"2020-04-04","Kinshasa","Gombe","1h","Origin_Zone_Resident","Destination_Zone_Worker","ZoneGlobale","All_modes","1135"
"2020-04-04","Kinshasa","Gombe","1h","Origin_Zone_Resident","Study_Zone_Worker","ZoneGlobale","All_modes","158"
"2020-04-04","Kinshasa","Gombe","1h","Origin_Zone_Resident","Origin_Zone_Worker","ZoneGlobale","All_modes","2497"
"2020-04-04","Kinshasa","Gombe","3h","Outside_Resident","Outside_Worker","ZoneGlobale","All_modes","749"
"2020-04-04","Kinshasa","Gombe","3h","Outside_Resident","Destination_Zone_Worker","ZoneGlobale","All_modes","153"
"2020-04-04","Kinshasa","Gombe","3h","Outside_Resident","Study_Zone_Worker","ZoneGlobale","All_modes","75"
"2020-04-04","Kinshasa","Gombe","3h","Outside_Resident","Origin_Zone_Worker","ZoneGlobale","All_modes","148"
"2020-04-04","Kinshasa","Gombe","3h","Destination_Zone_Resident","Outside_Worker","ZoneGlobale","All_modes","27"
"2020-04-04","Kinshasa","Gombe","3h","Destination_Zone_Resident","Destination_Zone_Worker","ZoneGlobale","All_modes","394"
"2020-04-04","Kinshasa","Gombe","3h","Destination_Zone_Resident","Study_Zone_Worker","ZoneGlobale","All_modes","22"
"2020-04-04","Kinshasa","Gombe","3h","Destination_Zone_Resident","Origin_Zone_Worker","ZoneGlobale","All_modes","73"
"2020-04-04","Kinshasa","Gombe","3h","Study_Zone_Resident","Outside_Worker","ZoneGlobale","All_modes","67"
"2020-04-04","Kinshasa","Gombe","3h","Study_Zone_Resident","Destination_Zone_Worker","ZoneGlobale","All_modes","304"
"2020-04-04","Kinshasa","Gombe","3h","Study_Zone_Resident","Study_Zone_Worker","ZoneGlobale","All_modes","427"
"2020-04-04","Kinshasa","Gombe","3h","Study_Zone_Resident","Origin_Zone_Worker","ZoneGlobale","All_modes","203"
"2020-04-04","Kinshasa","Gombe","3h","Origin_Zone_Resident","Outside_Worker","ZoneGlobale","All_modes","149"
"2020-04-04","Kinshasa","Gombe","3h","Origin_Zone_Resident","Destination_Zone_Worker","ZoneGlobale","All_modes","1314"
"2020-04-04","Kinshasa","Gombe","3h","Origin_Zone_Resident","Study_Zone_Worker","ZoneGlobale","All_modes","118"
"2020-04-04","Kinshasa","Gombe","3h","Origin_Zone_Resident","Origin_Zone_Worker","ZoneGlobale","All_modes","2543"
"2020-04-04","Kinshasa","Kalamu I","1h","Outside_Resident","Outside_Worker","ZoneGlobale","All_modes","105"
"2020-04-04","Kinshasa","Kalamu I","1h","Outside_Resident","Origin_Zone_Worker","ZoneGlobale","All_modes","21"
"2020-04-04","Kinshasa","Kalamu I","1h","Destination_Zone_Resident","Outside_Worker","ZoneGlobale","All_modes","51"
"2020-04-04","Kinshasa","Kalamu I","1h","Destination_Zone_Resident","Destination_Zone_Worker","ZoneGlobale","All_modes","321"
"2020-04-04","Kinshasa","Kalamu I","1h","Destination_Zone_Resident","Study_Zone_Worker","ZoneGlobale","All_modes","55"
"2020-04-04","Kinshasa","Kalamu I","1h","Study_Zone_Resident","Destination_Zone_Worker","ZoneGlobale","All_modes","26"
"2020-04-04","Kinshasa","Kalamu I","1h","Study_Zone_Resident","Study_Zone_Worker","ZoneGlobale","All_modes","228"
"2020-04-04","Kinshasa","Kalamu I","1h","Study_Zone_Resident","Origin_Zone_Worker","ZoneGlobale","All_modes","56"
"2020-04-04","Kinshasa","Kalamu I","1h","Origin_Zone_Resident","Destination_Zone_Worker","ZoneGlobale","All_modes","29"
"2020-04-04","Kinshasa","Kalamu I","1h","Origin_Zone_Resident","Origin_Zone_Worker","ZoneGlobale","All_modes","183"
"2020-04-04","Kinshasa","Kalamu I","3h","Outside_Resident","Outside_Worker","ZoneGlobale","All_modes","108"
"2020-04-04","Kinshasa","Kalamu I","3h","Outside_Resident","Study_Zone_Worker","ZoneGlobale","All_modes","28"
"2020-04-04","Kinshasa","Kalamu I","3h","Outside_Resident","Origin_Zone_Worker","ZoneGlobale","All_modes","28"
"2020-04-04","Kinshasa","Kalamu I","3h","Destination_Zone_Resident","Destination_Zone_Worker","ZoneGlobale","All_modes","187"
"2020-04-04","Kinshasa","Kalamu I","3h","Destination_Zone_Resident","Study_Zone_Worker","ZoneGlobale","All_modes","28"
"2020-04-04","Kinshasa","Kalamu I","3h","Destination_Zone_Resident","Origin_Zone_Worker","ZoneGlobale","All_modes","21"
"2020-04-04","Kinshasa","Kalamu I","3h","Study_Zone_Resident","Study_Zone_Worker","ZoneGlobale","All_modes","94"
"2020-04-04","Kinshasa","Kalamu I","3h","Study_Zone_Resident","Origin_Zone_Worker","ZoneGlobale","All_modes","21"
"2020-04-04","Kinshasa","Kalamu I","3h","Origin_Zone_Resident","Destination_Zone_Worker","ZoneGlobale","All_modes","36"
"2020-04-04","Kinshasa","Kalamu I","3h","Origin_Zone_Resident","Origin_Zone_Worker","ZoneGlobale","All_modes","196"
"2020-04-04","Kinshasa","Kalamu II","1h","Outside_Resident","Outside_Worker","ZoneGlobale","All_modes","298"
"2020-04-04","Kinshasa","Kalamu II","1h","Outside_Resident","Destination_Zone_Worker","ZoneGlobale","All_modes","48"
"2020-04-04","Kinshasa","Kalamu II","1h","Outside_Resident","Study_Zone_Worker","ZoneGlobale","All_modes","29"
"2020-04-04","Kinshasa","Kalamu II","1h","Outside_Resident","Origin_Zone_Worker","ZoneGlobale","All_modes","29"
"2020-04-04","Kinshasa","Kalamu II","1h","Destination_Zone_Resident","Outside_Worker","ZoneGlobale","All_modes","26"
"2020-04-04","Kinshasa","Kalamu II","1h","Destination_Zone_Resident","Destination_Zone_Worker","ZoneGlobale","All_modes","794"
"2020-04-04","Kinshasa","Kalamu II","1h","Destination_Zone_Resident","Study_Zone_Worker","ZoneGlobale","All_modes","71"
"2020-04-04","Kinshasa","Kalamu II","1h","Destination_Zone_Resident","Origin_Zone_Worker","ZoneGlobale","All_modes","84"
"2020-04-04","Kinshasa","Kalamu II","1h","Study_Zone_Resident","Outside_Worker","ZoneGlobale","All_modes","28"
"2020-04-04","Kinshasa","Kalamu II","1h","Study_Zone_Resident","Destination_Zone_Worker","ZoneGlobale","All_modes","160"
"2020-04-04","Kinshasa","Kalamu II","1h","Study_Zone_Resident","Study_Zone_Worker","ZoneGlobale","All_modes","490"
"2020-04-04","Kinshasa","Kalamu II","1h","Study_Zone_Resident","Origin_Zone_Worker","ZoneGlobale","All_modes","122"
"2020-04-04","Kinshasa","Kalamu II","1h","Origin_Zone_Resident","Outside_Worker","ZoneGlobale","All_modes","30"
"2020-04-04","Kinshasa","Kalamu II","1h","Origin_Zone_Resident","Destination_Zone_Worker","ZoneGlobale","All_modes","201"
"2020-04-04","Kinshasa","Kalamu II","1h","Origin_Zone_Resident","Study_Zone_Worker","ZoneGlobale","All_modes","41"
"2020-04-04","Kinshasa","Kalamu II","1h","Origin_Zone_Resident","Origin_Zone_Worker","ZoneGlobale","All_modes","754"
"2020-04-04","Kinshasa","Kalamu II","3h","Outside_Resident","Outside_Worker","ZoneGlobale","All_modes","375"
"2020-04-04","Kinshasa","Kalamu II","3h","Outside_Resident","Destination_Zone_Worker","ZoneGlobale","All_modes","55"
"2020-04-04","Kinshasa","Kalamu II","3h","Outside_Resident","Study_Zone_Worker","ZoneGlobale","All_modes","61"
"2020-04-04","Kinshasa","Kalamu II","3h","Outside_Resident","Origin_Zone_Worker","ZoneGlobale","All_modes","99"
"2020-04-04","Kinshasa","Kalamu II","3h","Destination_Zone_Resident","Destination_Zone_Worker","ZoneGlobale","All_modes","579"
"2020-04-04","Kinshasa","Kalamu II","3h","Destination_Zone_Resident","Study_Zone_Worker","ZoneGlobale","All_modes","61"
"2020-04-04","Kinshasa","Kalamu II","3h","Destination_Zone_Resident","Origin_Zone_Worker","ZoneGlobale","All_modes","70"
"2020-04-04","Kinshasa","Kalamu II","3h","Study_Zone_Resident","Outside_Worker","ZoneGlobale","All_modes","47"
"2020-04-04","Kinshasa","Kalamu II","3h","Study_Zone_Resident","Destination_Zone_Worker","ZoneGlobale","All_modes","123"
"2020-04-04","Kinshasa","Kalamu II","3h","Study_Zone_Resident","Study_Zone_Worker","ZoneGlobale","All_modes","313"
"2020-04-04","Kinshasa","Kalamu II","3h","Study_Zone_Resident","Origin_Zone_Worker","ZoneGlobale","All_modes","95"
"2020-04-04","Kinshasa","Kalamu II","3h","Origin_Zone_Resident","Outside_Worker","ZoneGlobale","All_modes","36"
"2020-04-04","Kinshasa","Kalamu II","3h","Origin_Zone_Resident","Destination_Zone_Worker","ZoneGlobale","All_modes","172"
"2020-04-04","Kinshasa","Kalamu II","3h","Origin_Zone_Resident","Study_Zone_Worker","ZoneGlobale","All_modes","91"
"2020-04-04","Kinshasa","Kalamu II","3h","Origin_Zone_Resident","Origin_Zone_Worker","ZoneGlobale","All_modes","754"
"2020-04-04","Kinshasa","Kasa-Vubu","1h","Outside_Resident","Outside_Worker","ZoneGlobale","All_modes","194"
"2020-04-04","Kinshasa","Kasa-Vubu","1h","Outside_Resident","Study_Zone_Worker","ZoneGlobale","All_modes","75"
"2020-04-04","Kinshasa","Kasa-Vubu","1h","Outside_Resident","Origin_Zone_Worker","ZoneGlobale","All_modes","46"
"2020-04-04","Kinshasa","Kasa-Vubu","1h","Destination_Zone_Resident","Outside_Worker","ZoneGlobale","All_modes","55"
"2020-04-04","Kinshasa","Kasa-Vubu","1h","Destination_Zone_Resident","Destination_Zone_Worker","ZoneGlobale","All_modes","580"
"2020-04-04","Kinshasa","Kasa-Vubu","1h","Destination_Zone_Resident","Study_Zone_Worker","ZoneGlobale","All_modes","22"
"2020-04-04","Kinshasa","Kasa-Vubu","1h","Destination_Zone_Resident","Origin_Zone_Worker","ZoneGlobale","All_modes","61"
"2020-04-04","Kinshasa","Kasa-Vubu","1h","Study_Zone_Resident","Outside_Worker","ZoneGlobale","All_modes","32"
"2020-04-04","Kinshasa","Kasa-Vubu","1h","Study_Zone_Resident","Destination_Zone_Worker","ZoneGlobale","All_modes","121"
"2020-04-04","Kinshasa","Kasa-Vubu","1h","Study_Zone_Resident","Study_Zone_Worker","ZoneGlobale","All_modes","471"
"2020-04-04","Kinshasa","Kasa-Vubu","1h","Study_Zone_Resident","Origin_Zone_Worker","ZoneGlobale","All_modes","53"
"2020-04-04","Kinshasa","Kasa-Vubu","1h","Origin_Zone_Resident","Outside_Worker","ZoneGlobale","All_modes","52"
"2020-04-04","Kinshasa","Kasa-Vubu","1h","Origin_Zone_Resident","Destination_Zone_Worker","ZoneGlobale","All_modes","170"
"2020-04-04","Kinshasa","Kasa-Vubu","1h","Origin_Zone_Resident","Study_Zone_Worker","ZoneGlobale","All_modes","55"
"2020-04-04","Kinshasa","Kasa-Vubu","1h","Origin_Zone_Resident","Origin_Zone_Worker","ZoneGlobale","All_modes","640"
"2020-04-04","Kinshasa","Kasa-Vubu","3h","Outside_Resident","Outside_Worker","ZoneGlobale","All_modes","207"
"2020-04-04","Kinshasa","Kasa-Vubu","3h","Outside_Resident","Destination_Zone_Worker","ZoneGlobale","All_modes","42"
"2020-04-04","Kinshasa","Kasa-Vubu","3h","Outside_Resident","Study_Zone_Worker","ZoneGlobale","All_modes","41"
"2020-04-04","Kinshasa","Kasa-Vubu","3h","Outside_Resident","Origin_Zone_Worker","ZoneGlobale","All_modes","87"
"2020-04-04","Kinshasa","Kasa-Vubu","3h","Destination_Zone_Resident","Outside_Worker","ZoneGlobale","All_modes","22"
"2020-04-04","Kinshasa","Kasa-Vubu","3h","Destination_Zone_Resident","Destination_Zone_Worker","ZoneGlobale","All_modes","420"
"2020-04-04","Kinshasa","Kasa-Vubu","3h","Destination_Zone_Resident","Study_Zone_Worker","ZoneGlobale","All_modes","33"
"2020-04-04","Kinshasa","Kasa-Vubu","3h","Destination_Zone_Resident","Origin_Zone_Worker","ZoneGlobale","All_modes","98"
"2020-04-04","Kinshasa","Kasa-Vubu","3h","Study_Zone_Resident","Destination_Zone_Worker","ZoneGlobale","All_modes","28"
"2020-04-04","Kinshasa","Kasa-Vubu","3h","Study_Zone_Resident","Study_Zone_Worker","ZoneGlobale","All_modes","263"
"2020-04-04","Kinshasa","Kasa-Vubu","3h","Study_Zone_Resident","Origin_Zone_Worker","ZoneGlobale","All_modes","56"
"2020-04-04","Kinshasa","Kasa-Vubu","3h","Origin_Zone_Resident","Outside_Worker","ZoneGlobale","All_modes","34"
"2020-04-04","Kinshasa","Kasa-Vubu","3h","Origin_Zone_Resident","Destination_Zone_Worker","ZoneGlobale","All_modes","221"
"2020-04-04","Kinshasa","Kasa-Vubu","3h","Origin_Zone_Resident","Study_Zone_Worker","ZoneGlobale","All_modes","28"
"2020-04-04","Kinshasa","Kasa-Vubu","3h","Origin_Zone_Resident","Origin_Zone_Worker","ZoneGlobale","All_modes","510"
"2020-04-04","Kinshasa","Kikimi","1h","Outside_Resident","Outside_Worker","ZoneGlobale","All_modes","42"
"2020-04-04","Kinshasa","Kikimi","1h","Destination_Zone_Resident","Destination_Zone_Worker","ZoneGlobale","All_modes","82"
"2020-04-04","Kinshasa","Kikimi","1h","Study_Zone_Resident","Study_Zone_Worker","ZoneGlobale","All_modes","28"
"2020-04-04","Kinshasa","Kikimi","3h","Outside_Resident","Outside_Worker","ZoneGlobale","All_modes","33"
"2020-04-04","Kinshasa","Kikimi","3h","Destination_Zone_Resident","Outside_Worker","ZoneGlobale","All_modes","40"
"2020-04-04","Kinshasa","Kikimi","3h","Destination_Zone_Resident","Destination_Zone_Worker","ZoneGlobale","All_modes","63"
"2020-04-04","Kinshasa","Kikimi","3h","Study_Zone_Resident","Origin_Zone_Worker","ZoneGlobale","All_modes","45"
"2020-04-04","Kinshasa","Kikimi","3h","Origin_Zone_Resident","Origin_Zone_Worker","ZoneGlobale","All_modes","40"
"2020-04-04","Kinshasa","Kimbanseke","1h","Outside_Resident","Outside_Worker","ZoneGlobale","All_modes","53"
"2020-04-04","Kinshasa","Kimbanseke","1h","Destination_Zone_Resident","Destination_Zone_Worker","ZoneGlobale","All_modes","126"
"2020-04-04","Kinshasa","Kimbanseke","1h","Destination_Zone_Resident","Origin_Zone_Worker","ZoneGlobale","All_modes","43"
"2020-04-04","Kinshasa","Kimbanseke","1h","Study_Zone_Resident","Study_Zone_Worker","ZoneGlobale","All_modes","43"
"2020-04-04","Kinshasa","Kimbanseke","1h","Origin_Zone_Resident","Origin_Zone_Worker","ZoneGlobale","All_modes","68"
"2020-04-04","Kinshasa","Kimbanseke","3h","Outside_Resident","Outside_Worker","ZoneGlobale","All_modes","62"
"2020-04-04","Kinshasa","Kimbanseke","3h","Outside_Resident","Origin_Zone_Worker","ZoneGlobale","All_modes","22"
"2020-04-04","Kinshasa","Kimbanseke","3h","Destination_Zone_Resident","Outside_Worker","ZoneGlobale","All_modes","34"
"2020-04-04","Kinshasa","Kimbanseke","3h","Destination_Zone_Resident","Destination_Zone_Worker","ZoneGlobale","All_modes","121"
"2020-04-04","Kinshasa","Kimbanseke","3h","Destination_Zone_Resident","Origin_Zone_Worker","ZoneGlobale","All_modes","27"
"2020-04-04","Kinshasa","Kimbanseke","3h","Study_Zone_Resident","Study_Zone_Worker","ZoneGlobale","All_modes","57"
"2020-04-04","Kinshasa","Kimbanseke","3h","Origin_Zone_Resident","Destination_Zone_Worker","ZoneGlobale","All_modes","27"
"2020-04-04","Kinshasa","Kimbanseke","3h","Origin_Zone_Resident","Origin_Zone_Worker","ZoneGlobale","All_modes","115"
"2020-04-04","Kinshasa","Kingabwa","1h","Outside_Resident","Outside_Worker","ZoneGlobale","All_modes","138"
"2020-04-04","Kinshasa","Kingabwa","1h","Outside_Resident","Study_Zone_Worker","ZoneGlobale","All_modes","40"
"2020-04-04","Kinshasa","Kingabwa","1h","Outside_Resident","Origin_Zone_Worker","ZoneGlobale","All_modes","22"
"2020-04-04","Kinshasa","Kingabwa","1h","Destination_Zone_Resident","Outside_Worker","ZoneGlobale","All_modes","21"
"2020-04-04","Kinshasa","Kingabwa","1h","Destination_Zone_Resident","Destination_Zone_Worker","ZoneGlobale","All_modes","252"
"2020-04-04","Kinshasa","Kingabwa","1h","Destination_Zone_Resident","Study_Zone_Worker","ZoneGlobale","All_modes","50"
"2020-04-04","Kinshasa","Kingabwa","1h","Destination_Zone_Resident","Origin_Zone_Worker","ZoneGlobale","All_modes","48"
"2020-04-04","Kinshasa","Kingabwa","1h","Study_Zone_Resident","Outside_Worker","ZoneGlobale","All_modes","21"
"2020-04-04","Kinshasa","Kingabwa","1h","Study_Zone_Resident","Destination_Zone_Worker","ZoneGlobale","All_modes","28"
"2020-04-04","Kinshasa","Kingabwa","1h","Study_Zone_Resident","Study_Zone_Worker","ZoneGlobale","All_modes","177"
"2020-04-04","Kinshasa","Kingabwa","1h","Origin_Zone_Resident","Study_Zone_Worker","ZoneGlobale","All_modes","27"
"2020-04-04","Kinshasa","Kingabwa","1h","Origin_Zone_Resident","Origin_Zone_Worker","ZoneGlobale","All_modes","167"
"2020-04-04","Kinshasa","Kingabwa","3h","Outside_Resident","Outside_Worker","ZoneGlobale","All_modes","89"
"2020-04-04","Kinshasa","Kingabwa","3h","Outside_Resident","Destination_Zone_Worker","ZoneGlobale","All_modes","29"
"2020-04-04","Kinshasa","Kingabwa","3h","Outside_Resident","Study_Zone_Worker","ZoneGlobale","All_modes","34"
"2020-04-04","Kinshasa","Kingabwa","3h","Destination_Zone_Resident","Destination_Zone_Worker","ZoneGlobale","All_modes","181"
"2020-04-04","Kinshasa","Kingabwa","3h","Destination_Zone_Resident","Study_Zone_Worker","ZoneGlobale","All_modes","40"
"2020-04-04","Kinshasa","Kingabwa","3h","Destination_Zone_Resident","Origin_Zone_Worker","ZoneGlobale","All_modes","68"
"2020-04-04","Kinshasa","Kingabwa","3h","Study_Zone_Resident","Outside_Worker","ZoneGlobale","All_modes","27"
"2020-04-04","Kinshasa","Kingabwa","3h","Study_Zone_Resident","Study_Zone_Worker","ZoneGlobale","All_modes","67"
"2020-04-04","Kinshasa","Kingabwa","3h","Study_Zone_Resident","Origin_Zone_Worker","ZoneGlobale","All_modes","40"
"2020-04-04","Kinshasa","Kingabwa","3h","Origin_Zone_Resident","Outside_Worker","ZoneGlobale","All_modes","27"
"2020-04-04","Kinshasa","Kingabwa","3h","Origin_Zone_Resident","Destination_Zone_Worker","ZoneGlobale","All_modes","28"
"2020-04-04","Kinshasa","Kingabwa","3h","Origin_Zone_Resident","Study_Zone_Worker","ZoneGlobale","All_modes","34"
"2020-04-04","Kinshasa","Kingabwa","3h","Origin_Zone_Resident","Origin_Zone_Worker","ZoneGlobale","All_modes","150"
"2020-04-04","Kinshasa","Kintambo","1h","Outside_Resident","Outside_Worker","ZoneGlobale","All_modes","57"
"2020-04-04","Kinshasa","Kintambo","1h","Destination_Zone_Resident","Destination_Zone_Worker","ZoneGlobale","All_modes","117"
"2020-04-04","Kinshasa","Kintambo","1h","Study_Zone_Resident","Destination_Zone_Worker","ZoneGlobale","All_modes","27"
"2020-04-04","Kinshasa","Kintambo","1h","Study_Zone_Resident","Study_Zone_Worker","ZoneGlobale","All_modes","82"
"2020-04-04","Kinshasa","Kintambo","1h","Origin_Zone_Resident","Origin_Zone_Worker","ZoneGlobale","All_modes","69"
"2020-04-04","Kinshasa","Kintambo","3h","Outside_Resident","Outside_Worker","ZoneGlobale","All_modes","70"
"2020-04-04","Kinshasa","Kintambo","3h","Destination_Zone_Resident","Destination_Zone_Worker","ZoneGlobale","All_modes","94"
"2020-04-04","Kinshasa","Kintambo","3h","Study_Zone_Resident","Destination_Zone_Worker","ZoneGlobale","All_modes","34"
"2020-04-04","Kinshasa","Kintambo","3h","Study_Zone_Resident","Study_Zone_Worker","ZoneGlobale","All_modes","63"
"2020-04-04","Kinshasa","Kintambo","3h","Origin_Zone_Resident","Destination_Zone_Worker","ZoneGlobale","All_modes","27"
"2020-04-04","Kinshasa","Kintambo","3h","Origin_Zone_Resident","Origin_Zone_Worker","ZoneGlobale","All_modes","179"
"2020-04-04","Kinshasa","Kisenso","1h","Outside_Resident","Outside_Worker","ZoneGlobale","All_modes","42"
"2020-04-04","Kinshasa","Kisenso","1h","Destination_Zone_Resident","Destination_Zone_Worker","ZoneGlobale","All_modes","62"
"2020-04-04","Kinshasa","Kisenso","1h","Destination_Zone_Resident","Study_Zone_Worker","ZoneGlobale","All_modes","27"
"2020-04-04","Kinshasa","Kisenso","1h","Origin_Zone_Resident","Origin_Zone_Worker","ZoneGlobale","All_modes","27"
"2020-04-04","Kinshasa","Kisenso","3h","Outside_Resident","Outside_Worker","ZoneGlobale","All_modes","33"
"2020-04-04","Kinshasa","Kisenso","3h","Destination_Zone_Resident","Destination_Zone_Worker","ZoneGlobale","All_modes","49"
"2020-04-04","Kinshasa","Kisenso","3h","Destination_Zone_Resident","Origin_Zone_Worker","ZoneGlobale","All_modes","41"
"2020-04-04","Kinshasa","Kisenso","3h","Origin_Zone_Resident","Study_Zone_Worker","ZoneGlobale","All_modes","36"
"2020-04-04","Kinshasa","Kisenso","3h","Origin_Zone_Resident","Origin_Zone_Worker","ZoneGlobale","All_modes","22"
"2020-04-04","Kinshasa","Kokolo","1h","Outside_Resident","Outside_Worker","ZoneGlobale","All_modes","76"
"2020-04-04","Kinshasa","Kokolo","1h","Outside_Resident","Destination_Zone_Worker","ZoneGlobale","All_modes","27"
"2020-04-04","Kinshasa","Kokolo","1h","Outside_Resident","Study_Zone_Worker","ZoneGlobale","All_modes","43"
"2020-04-04","Kinshasa","Kokolo","1h","Outside_Resident","Origin_Zone_Worker","ZoneGlobale","All_modes","28"
"2020-04-04","Kinshasa","Kokolo","1h","Destination_Zone_Resident","Destination_Zone_Worker","ZoneGlobale","All_modes","390"
"2020-04-04","Kinshasa","Kokolo","1h","Destination_Zone_Resident","Study_Zone_Worker","ZoneGlobale","All_modes","61"
"2020-04-04","Kinshasa","Kokolo","1h","Destination_Zone_Resident","Origin_Zone_Worker","ZoneGlobale","All_modes","35"
"2020-04-04","Kinshasa","Kokolo","1h","Study_Zone_Resident","Study_Zone_Worker","ZoneGlobale","All_modes","255"
"2020-04-04","Kinshasa","Kokolo","1h","Study_Zone_Resident","Origin_Zone_Worker","ZoneGlobale","All_modes","68"
"2020-04-04","Kinshasa","Kokolo","1h","Origin_Zone_Resident","Destination_Zone_Worker","ZoneGlobale","All_modes","34"
"2020-04-04","Kinshasa","Kokolo","1h","Origin_Zone_Resident","Study_Zone_Worker","ZoneGlobale","All_modes","42"
"2020-04-04","Kinshasa","Kokolo","1h","Origin_Zone_Resident","Origin_Zone_Worker","ZoneGlobale","All_modes","235"
"2020-04-04","Kinshasa","Kokolo","3h","Outside_Resident","Outside_Worker","ZoneGlobale","All_modes","143"
"2020-04-04","Kinshasa","Kokolo","3h","Outside_Resident","Destination_Zone_Worker","ZoneGlobale","All_modes","21"
"2020-04-04","Kinshasa","Kokolo","3h","Outside_Resident","Study_Zone_Worker","ZoneGlobale","All_modes","57"
"2020-04-04","Kinshasa","Kokolo","3h","Outside_Resident","Origin_Zone_Worker","ZoneGlobale","All_modes","41"
"2020-04-04","Kinshasa","Kokolo","3h","Destination_Zone_Resident","Destination_Zone_Worker","ZoneGlobale","All_modes","193"
"2020-04-04","Kinshasa","Kokolo","3h","Destination_Zone_Resident","Study_Zone_Worker","ZoneGlobale","All_modes","41"
"2020-04-04","Kinshasa","Kokolo","3h","Destination_Zone_Resident","Origin_Zone_Worker","ZoneGlobale","All_modes","43"
"2020-04-04","Kinshasa","Kokolo","3h","Study_Zone_Resident","Outside_Worker","ZoneGlobale","All_modes","21"
"2020-04-04","Kinshasa","Kokolo","3h","Study_Zone_Resident","Study_Zone_Worker","ZoneGlobale","All_modes","129"
"2020-04-04","Kinshasa","Kokolo","3h","Study_Zone_Resident","Origin_Zone_Worker","ZoneGlobale","All_modes","49"
"2020-04-04","Kinshasa","Kokolo","3h","Origin_Zone_Resident","Destination_Zone_Worker","ZoneGlobale","All_modes","55"
"2020-04-04","Kinshasa","Kokolo","3h","Origin_Zone_Resident","Study_Zone_Worker","ZoneGlobale","All_modes","63"
"2020-04-04","Kinshasa","Kokolo","3h","Origin_Zone_Resident","Origin_Zone_Worker","ZoneGlobale","All_modes","312"
"2020-04-04","Kinshasa","Lemba","1h","Outside_Resident","Outside_Worker","ZoneGlobale","All_modes","110"
"2020-04-04","Kinshasa","Lemba","1h","Outside_Resident","Destination_Zone_Worker","ZoneGlobale","All_modes","35"
"2020-04-04","Kinshasa","Lemba","1h","Outside_Resident","Study_Zone_Worker","ZoneGlobale","All_modes","27"
"2020-04-04","Kinshasa","Lemba","1h","Destination_Zone_Resident","Outside_Worker","ZoneGlobale","All_modes","34"
"2020-04-04","Kinshasa","Lemba","1h","Destination_Zone_Resident","Destination_Zone_Worker","ZoneGlobale","All_modes","336"
"2020-04-04","Kinshasa","Lemba","1h","Destination_Zone_Resident","Study_Zone_Worker","ZoneGlobale","All_modes","62"
"2020-04-04","Kinshasa","Lemba","1h","Destination_Zone_Resident","Origin_Zone_Worker","ZoneGlobale","All_modes","22"
"2020-04-04","Kinshasa","Lemba","1h","Study_Zone_Resident","Destination_Zone_Worker","ZoneGlobale","All_modes","68"
"2020-04-04","Kinshasa","Lemba","1h","Study_Zone_Resident","Study_Zone_Worker","ZoneGlobale","All_modes","205"
"2020-04-04","Kinshasa","Lemba","1h","Origin_Zone_Resident","Destination_Zone_Worker","ZoneGlobale","All_modes","29"
"2020-04-04","Kinshasa","Lemba","1h","Origin_Zone_Resident","Study_Zone_Worker","ZoneGlobale","All_modes","37"
"2020-04-04","Kinshasa","Lemba","1h","Origin_Zone_Resident","Origin_Zone_Worker","ZoneGlobale","All_modes","273"
"2020-04-04","Kinshasa","Lemba","3h","Outside_Resident","Outside_Worker","ZoneGlobale","All_modes","150"
"2020-04-04","Kinshasa","Lemba","3h","Outside_Resident","Destination_Zone_Worker","ZoneGlobale","All_modes","27"
"2020-04-04","Kinshasa","Lemba","3h","Outside_Resident","Study_Zone_Worker","ZoneGlobale","All_modes","33"
"2020-04-04","Kinshasa","Lemba","3h","Outside_Resident","Origin_Zone_Worker","ZoneGlobale","All_modes","29"
"2020-04-04","Kinshasa","Lemba","3h","Destination_Zone_Resident","Outside_Worker","ZoneGlobale","All_modes","21"
"2020-04-04","Kinshasa","Lemba","3h","Destination_Zone_Resident","Destination_Zone_Worker","ZoneGlobale","All_modes","247"
"2020-04-04","Kinshasa","Lemba","3h","Destination_Zone_Resident","Origin_Zone_Worker","ZoneGlobale","All_modes","41"
"2020-04-04","Kinshasa","Lemba","3h","Study_Zone_Resident","Destination_Zone_Worker","ZoneGlobale","All_modes","34"
"2020-04-04","Kinshasa","Lemba","3h","Study_Zone_Resident","Study_Zone_Worker","ZoneGlobale","All_modes","115"
"2020-04-04","Kinshasa","Lemba","3h","Origin_Zone_Resident","Destination_Zone_Worker","ZoneGlobale","All_modes","35"
"2020-04-04","Kinshasa","Lemba","3h","Origin_Zone_Resident","Study_Zone_Worker","ZoneGlobale","All_modes","21"
"2020-04-04","Kinshasa","Lemba","3h","Origin_Zone_Resident","Origin_Zone_Worker","ZoneGlobale","All_modes","237"
"2020-04-04","Kinshasa","Limete","1h","Outside_Resident","Outside_Worker","ZoneGlobale","All_modes","276"
"2020-04-04","Kinshasa","Limete","1h","Outside_Resident","Destination_Zone_Worker","ZoneGlobale","All_modes","90"
"2020-04-04","Kinshasa","Limete","1h","Outside_Resident","Study_Zone_Worker","ZoneGlobale","All_modes","26"
"2020-04-04","Kinshasa","Limete","1h","Outside_Resident","Origin_Zone_Worker","ZoneGlobale","All_modes","33"
"2020-04-04","Kinshasa","Limete","1h","Destination_Zone_Resident","Destination_Zone_Worker","ZoneGlobale","All_modes","437"
"2020-04-04","Kinshasa","Limete","1h","Destination_Zone_Resident","Study_Zone_Worker","ZoneGlobale","All_modes","56"
"2020-04-04","Kinshasa","Limete","1h","Destination_Zone_Resident","Origin_Zone_Worker","ZoneGlobale","All_modes","61"
"2020-04-04","Kinshasa","Limete","1h","Study_Zone_Resident","Outside_Worker","ZoneGlobale","All_modes","81"
"2020-04-04","Kinshasa","Limete","1h","Study_Zone_Resident","Destination_Zone_Worker","ZoneGlobale","All_modes","69"
"2020-04-04","Kinshasa","Limete","1h","Study_Zone_Resident","Study_Zone_Worker","ZoneGlobale","All_modes","393"
"2020-04-04","Kinshasa","Limete","1h","Study_Zone_Resident","Origin_Zone_Worker","ZoneGlobale","All_modes","95"
"2020-04-04","Kinshasa","Limete","1h","Origin_Zone_Resident","Destination_Zone_Worker","ZoneGlobale","All_modes","131"
"2020-04-04","Kinshasa","Limete","1h","Origin_Zone_Resident","Study_Zone_Worker","ZoneGlobale","All_modes","55"
"2020-04-04","Kinshasa","Limete","1h","Origin_Zone_Resident","Origin_Zone_Worker","ZoneGlobale","All_modes","526"
"2020-04-04","Kinshasa","Limete","3h","Outside_Resident","Outside_Worker","ZoneGlobale","All_modes","199"
"2020-04-04","Kinshasa","Limete","3h","Outside_Resident","Destination_Zone_Worker","ZoneGlobale","All_modes","61"
"2020-04-04","Kinshasa","Limete","3h","Outside_Resident","Study_Zone_Worker","ZoneGlobale","All_modes","42"
"2020-04-04","Kinshasa","Limete","3h","Destination_Zone_Resident","Destination_Zone_Worker","ZoneGlobale","All_modes","287"
"2020-04-04","Kinshasa","Limete","3h","Destination_Zone_Resident","Study_Zone_Worker","ZoneGlobale","All_modes","42"
"2020-04-04","Kinshasa","Limete","3h","Destination_Zone_Resident","Origin_Zone_Worker","ZoneGlobale","All_modes","64"
"2020-04-04","Kinshasa","Limete","3h","Study_Zone_Resident","Outside_Worker","ZoneGlobale","All_modes","53"
"2020-04-04","Kinshasa","Limete","3h","Study_Zone_Resident","Destination_Zone_Worker","ZoneGlobale","All_modes","41"
"2020-04-04","Kinshasa","Limete","3h","Study_Zone_Resident","Study_Zone_Worker","ZoneGlobale","All_modes","203"
"2020-04-04","Kinshasa","Limete","3h","Study_Zone_Resident","Origin_Zone_Worker","ZoneGlobale","All_modes","76"
"2020-04-04","Kinshasa","Limete","3h","Origin_Zone_Resident","Outside_Worker","ZoneGlobale","All_modes","49"
"2020-04-04","Kinshasa","Limete","3h","Origin_Zone_Resident","Destination_Zone_Worker","ZoneGlobale","All_modes","130"
"2020-04-04","Kinshasa","Limete","3h","Origin_Zone_Resident","Study_Zone_Worker","ZoneGlobale","All_modes","42"
"2020-04-04","Kinshasa","Limete","3h","Origin_Zone_Resident","Origin_Zone_Worker","ZoneGlobale","All_modes","489"
"2020-04-04","Kinshasa","Makala","1h","Outside_Resident","Outside_Worker","ZoneGlobale","All_modes","63"
"2020-04-04","Kinshasa","Makala","1h","Destination_Zone_Resident","Destination_Zone_Worker","ZoneGlobale","All_modes","86"
"2020-04-04","Kinshasa","Makala","1h","Destination_Zone_Resident","Origin_Zone_Worker","ZoneGlobale","All_modes","28"
"2020-04-04","Kinshasa","Makala","1h","Study_Zone_Resident","Study_Zone_Worker","ZoneGlobale","All_modes","52"
"2020-04-04","Kinshasa","Makala","1h","Origin_Zone_Resident","Origin_Zone_Worker","ZoneGlobale","All_modes","27"
"2020-04-04","Kinshasa","Makala","3h","Outside_Resident","Outside_Worker","ZoneGlobale","All_modes","98"
"2020-04-04","Kinshasa","Makala","3h","Destination_Zone_Resident","Destination_Zone_Worker","ZoneGlobale","All_modes","56"
"2020-04-04","Kinshasa","Makala","3h","Study_Zone_Resident","Study_Zone_Worker","ZoneGlobale","All_modes","54"
"2020-04-04","Kinshasa","Makala","3h","Origin_Zone_Resident","Origin_Zone_Worker","ZoneGlobale","All_modes","35"
"2020-04-04","Kinshasa","Maluku I","1h","Outside_Resident","Outside_Worker","ZoneGlobale","All_modes","76"
"2020-04-04","Kinshasa","Maluku I","1h","Outside_Resident","Origin_Zone_Worker","ZoneGlobale","All_modes","26"
"2020-04-04","Kinshasa","Maluku I","1h","Destination_Zone_Resident","Destination_Zone_Worker","ZoneGlobale","All_modes","41"
"2020-04-04","Kinshasa","Maluku I","1h","Study_Zone_Resident","Study_Zone_Worker","ZoneGlobale","All_modes","113"
"2020-04-04","Kinshasa","Maluku I","1h","Study_Zone_Resident","Origin_Zone_Worker","ZoneGlobale","All_modes","47"
"2020-04-04","Kinshasa","Maluku I","1h","Origin_Zone_Resident","Study_Zone_Worker","ZoneGlobale","All_modes","48"
"2020-04-04","Kinshasa","Maluku I","1h","Origin_Zone_Resident","Origin_Zone_Worker","ZoneGlobale","All_modes","318"
"2020-04-04","Kinshasa","Maluku I","3h","Outside_Resident","Outside_Worker","ZoneGlobale","All_modes","69"
"2020-04-04","Kinshasa","Maluku I","3h","Outside_Resident","Study_Zone_Worker","ZoneGlobale","All_modes","26"
"2020-04-04","Kinshasa","Maluku I","3h","Outside_Resident","Origin_Zone_Worker","ZoneGlobale","All_modes","26"
"2020-04-04","Kinshasa","Maluku I","3h","Study_Zone_Resident","Study_Zone_Worker","ZoneGlobale","All_modes","49"
"2020-04-04","Kinshasa","Maluku I","3h","Study_Zone_Resident","Origin_Zone_Worker","ZoneGlobale","All_modes","34"
"2020-04-04","Kinshasa","Maluku I","3h","Origin_Zone_Resident","Outside_Worker","ZoneGlobale","All_modes","21"
"2020-04-04","Kinshasa","Maluku I","3h","Origin_Zone_Resident","Destination_Zone_Worker","ZoneGlobale","All_modes","27"
"2020-04-04","Kinshasa","Maluku I","3h","Origin_Zone_Resident","Study_Zone_Worker","ZoneGlobale","All_modes","104"
"2020-04-04","Kinshasa","Maluku I","3h","Origin_Zone_Resident","Origin_Zone_Worker","ZoneGlobale","All_modes","402"
"2020-04-04","Kinshasa","Masina I","1h","Outside_Resident","Outside_Worker","ZoneGlobale","All_modes","31"
"2020-04-04","Kinshasa","Masina I","1h","Destination_Zone_Resident","Destination_Zone_Worker","ZoneGlobale","All_modes","74"
"2020-04-04","Kinshasa","Masina I","1h","Study_Zone_Resident","Study_Zone_Worker","ZoneGlobale","All_modes","32"
"2020-04-04","Kinshasa","Masina I","3h","Outside_Resident","Outside_Worker","ZoneGlobale","All_modes","57"
"2020-04-04","Kinshasa","Masina I","3h","Destination_Zone_Resident","Destination_Zone_Worker","ZoneGlobale","All_modes","54"
"2020-04-04","Kinshasa","Masina I","3h","Destination_Zone_Resident","Origin_Zone_Worker","ZoneGlobale","All_modes","27"
"2020-04-04","Kinshasa","Masina I","3h","Origin_Zone_Resident","Destination_Zone_Worker","ZoneGlobale","All_modes","22"
"2020-04-04","Kinshasa","Masina I","3h","Origin_Zone_Resident","Origin_Zone_Worker","ZoneGlobale","All_modes","55"
"2020-04-04","Kinshasa","Masina II","1h","Outside_Resident","Outside_Worker","ZoneGlobale","All_modes","83"
"2020-04-04","Kinshasa","Masina II","1h","Destination_Zone_Resident","Destination_Zone_Worker","ZoneGlobale","All_modes","200"
"2020-04-04","Kinshasa","Masina II","1h","Destination_Zone_Resident","Study_Zone_Worker","ZoneGlobale","All_modes","26"
"2020-04-04","Kinshasa","Masina II","1h","Destination_Zone_Resident","Origin_Zone_Worker","ZoneGlobale","All_modes","28"
"2020-04-04","Kinshasa","Masina II","1h","Study_Zone_Resident","Study_Zone_Worker","ZoneGlobale","All_modes","68"
"2020-04-04","Kinshasa","Masina II","1h","Study_Zone_Resident","Origin_Zone_Worker","ZoneGlobale","All_modes","21"
"2020-04-04","Kinshasa","Masina II","1h","Origin_Zone_Resident","Destination_Zone_Worker","ZoneGlobale","All_modes","58"
"2020-04-04","Kinshasa","Masina II","1h","Origin_Zone_Resident","Origin_Zone_Worker","ZoneGlobale","All_modes","151"
"2020-04-04","Kinshasa","Masina II","3h","Outside_Resident","Outside_Worker","ZoneGlobale","All_modes","135"
"2020-04-04","Kinshasa","Masina II","3h","Outside_Resident","Destination_Zone_Worker","ZoneGlobale","All_modes","33"
"2020-04-04","Kinshasa","Masina II","3h","Outside_Resident","Origin_Zone_Worker","ZoneGlobale","All_modes","21"
"2020-04-04","Kinshasa","Masina II","3h","Destination_Zone_Resident","Destination_Zone_Worker","ZoneGlobale","All_modes","139"
"2020-04-04","Kinshasa","Masina II","3h","Destination_Zone_Resident","Origin_Zone_Worker","ZoneGlobale","All_modes","47"
"2020-04-04","Kinshasa","Masina II","3h","Study_Zone_Resident","Study_Zone_Worker","ZoneGlobale","All_modes","83"
"2020-04-04","Kinshasa","Masina II","3h","Study_Zone_Resident","Origin_Zone_Worker","ZoneGlobale","All_modes","21"
"2020-04-04","Kinshasa","Masina II","3h","Origin_Zone_Resident","Destination_Zone_Worker","ZoneGlobale","All_modes","59"
"2020-04-04","Kinshasa","Masina II","3h","Origin_Zone_Resident","Study_Zone_Worker","ZoneGlobale","All_modes","29"
"2020-04-04","Kinshasa","Masina II","3h","Origin_Zone_Resident","Origin_Zone_Worker","ZoneGlobale","All_modes","115"
"2020-04-04","Kinshasa","Matete","1h","Outside_Resident","Outside_Worker","ZoneGlobale","All_modes","34"
"2020-04-04","Kinshasa","Matete","1h","Destination_Zone_Resident","Destination_Zone_Worker","ZoneGlobale","All_modes","105"
"2020-04-04","Kinshasa","Matete","1h","Study_Zone_Resident","Study_Zone_Worker","ZoneGlobale","All_modes","115"
"2020-04-04","Kinshasa","Matete","1h","Study_Zone_Resident","Origin_Zone_Worker","ZoneGlobale","All_modes","27"
"2020-04-04","Kinshasa","Matete","1h","Origin_Zone_Resident","Origin_Zone_Worker","ZoneGlobale","All_modes","48"
"2020-04-04","Kinshasa","Matete","3h","Outside_Resident","Outside_Worker","ZoneGlobale","All_modes","34"
"2020-04-04","Kinshasa","Matete","3h","Destination_Zone_Resident","Destination_Zone_Worker","ZoneGlobale","All_modes","90"
"2020-04-04","Kinshasa","Matete","3h","Destination_Zone_Resident","Origin_Zone_Worker","ZoneGlobale","All_modes","33"
"2020-04-04","Kinshasa","Matete","3h","Study_Zone_Resident","Study_Zone_Worker","ZoneGlobale","All_modes","72"
"2020-04-04","Kinshasa","Matete","3h","Study_Zone_Resident","Origin_Zone_Worker","ZoneGlobale","All_modes","33"
"2020-04-04","Kinshasa","Matete","3h","Origin_Zone_Resident","Destination_Zone_Worker","ZoneGlobale","All_modes","22"
"2020-04-04","Kinshasa","Matete","3h","Origin_Zone_Resident","Origin_Zone_Worker","ZoneGlobale","All_modes","52"
"2020-04-04","Kinshasa","Mont Ngafula I","1h","Outside_Resident","Outside_Worker","ZoneGlobale","All_modes","42"
"2020-04-04","Kinshasa","Mont Ngafula I","1h","Destination_Zone_Resident","Destination_Zone_Worker","ZoneGlobale","All_modes","54"
"2020-04-04","Kinshasa","Mont Ngafula I","1h","Study_Zone_Resident","Study_Zone_Worker","ZoneGlobale","All_modes","27"
"2020-04-04","Kinshasa","Mont Ngafula I","1h","Origin_Zone_Resident","Origin_Zone_Worker","ZoneGlobale","All_modes","61"
"2020-04-04","Kinshasa","Mont Ngafula I","3h","Outside_Resident","Outside_Worker","ZoneGlobale","All_modes","41"
"2020-04-04","Kinshasa","Mont Ngafula I","3h","Destination_Zone_Resident","Destination_Zone_Worker","ZoneGlobale","All_modes","33"
"2020-04-04","Kinshasa","Mont Ngafula I","3h","Study_Zone_Resident","Study_Zone_Worker","ZoneGlobale","All_modes","44"
"2020-04-04","Kinshasa","Mont Ngafula I","3h","Origin_Zone_Resident","Origin_Zone_Worker","ZoneGlobale","All_modes","76"
"2020-04-04","Kinshasa","Mont Ngafula II","1h","Outside_Resident","Outside_Worker","ZoneGlobale","All_modes","151"
"2020-04-04","Kinshasa","Mont Ngafula II","1h","Destination_Zone_Resident","Destination_Zone_Worker","ZoneGlobale","All_modes","34"
"2020-04-04","Kinshasa","Mont Ngafula II","1h","Origin_Zone_Resident","Origin_Zone_Worker","ZoneGlobale","All_modes","69"
"2020-04-04","Kinshasa","Mont Ngafula II","3h","Outside_Resident","Outside_Worker","ZoneGlobale","All_modes","68"
"2020-04-04","Kinshasa","Mont Ngafula II","3h","Destination_Zone_Resident","Destination_Zone_Worker","ZoneGlobale","All_modes","34"
"2020-04-04","Kinshasa","Mont Ngafula II","3h","Origin_Zone_Resident","Origin_Zone_Worker","ZoneGlobale","All_modes","97"
"2020-04-04","Kinshasa","Ndjili","1h","Outside_Resident","Outside_Worker","ZoneGlobale","All_modes","55"
"2020-04-04","Kinshasa","Ndjili","1h","Outside_Resident","Origin_Zone_Worker","ZoneGlobale","All_modes","22"
"2020-04-04","Kinshasa","Ndjili","1h","Destination_Zone_Resident","Destination_Zone_Worker","ZoneGlobale","All_modes","165"
"2020-04-04","Kinshasa","Ndjili","1h","Study_Zone_Resident","Study_Zone_Worker","ZoneGlobale","All_modes","106"
"2020-04-04","Kinshasa","Ndjili","1h","Study_Zone_Resident","Origin_Zone_Worker","ZoneGlobale","All_modes","21"
"2020-04-04","Kinshasa","Ndjili","1h","Origin_Zone_Resident","Origin_Zone_Worker","ZoneGlobale","All_modes","48"
"2020-04-04","Kinshasa","Ndjili","3h","Outside_Resident","Outside_Worker","ZoneGlobale","All_modes","91"
"2020-04-04","Kinshasa","Ndjili","3h","Outside_Resident","Origin_Zone_Worker","ZoneGlobale","All_modes","21"
"2020-04-04","Kinshasa","Ndjili","3h","Destination_Zone_Resident","Outside_Worker","ZoneGlobale","All_modes","21"
"2020-04-04","Kinshasa","Ndjili","3h","Destination_Zone_Resident","Destination_Zone_Worker","ZoneGlobale","All_modes","115"
"2020-04-04","Kinshasa","Ndjili","3h","Destination_Zone_Resident","Study_Zone_Worker","ZoneGlobale","All_modes","21"
"2020-04-04","Kinshasa","Ndjili","3h","Destination_Zone_Resident","Origin_Zone_Worker","ZoneGlobale","All_modes","55"
"2020-04-04","Kinshasa","Ndjili","3h","Study_Zone_Resident","Study_Zone_Worker","ZoneGlobale","All_modes","32"
"2020-04-04","Kinshasa","Ndjili","3h","Study_Zone_Resident","Origin_Zone_Worker","ZoneGlobale","All_modes","21"
"2020-04-04","Kinshasa","Ndjili","3h","Origin_Zone_Resident","Origin_Zone_Worker","ZoneGlobale","All_modes","117"
"2020-04-04","Kinshasa","Ngiri-Ngiri","1h","Outside_Resident","Outside_Worker","ZoneGlobale","All_modes","143"
"2020-04-04","Kinshasa","Ngiri-Ngiri","1h","Outside_Resident","Study_Zone_Worker","ZoneGlobale","All_modes","41"
"2020-04-04","Kinshasa","Ngiri-Ngiri","1h","Outside_Resident","Origin_Zone_Worker","ZoneGlobale","All_modes","27"
"2020-04-04","Kinshasa","Ngiri-Ngiri","1h","Destination_Zone_Resident","Destination_Zone_Worker","ZoneGlobale","All_modes","350"
"2020-04-04","Kinshasa","Ngiri-Ngiri","1h","Destination_Zone_Resident","Study_Zone_Worker","ZoneGlobale","All_modes","63"
"2020-04-04","Kinshasa","Ngiri-Ngiri","1h","Destination_Zone_Resident","Origin_Zone_Worker","ZoneGlobale","All_modes","35"
"2020-04-04","Kinshasa","Ngiri-Ngiri","1h","Study_Zone_Resident","Study_Zone_Worker","ZoneGlobale","All_modes","170"
"2020-04-04","Kinshasa","Ngiri-Ngiri","1h","Study_Zone_Resident","Origin_Zone_Worker","ZoneGlobale","All_modes","44"
"2020-04-04","Kinshasa","Ngiri-Ngiri","1h","Origin_Zone_Resident","Destination_Zone_Worker","ZoneGlobale","All_modes","21"
"2020-04-04","Kinshasa","Ngiri-Ngiri","1h","Origin_Zone_Resident","Study_Zone_Worker","ZoneGlobale","All_modes","43"
"2020-04-04","Kinshasa","Ngiri-Ngiri","1h","Origin_Zone_Resident","Origin_Zone_Worker","ZoneGlobale","All_modes","222"
"2020-04-04","Kinshasa","Ngiri-Ngiri","3h","Outside_Resident","Outside_Worker","ZoneGlobale","All_modes","164"
"2020-04-04","Kinshasa","Ngiri-Ngiri","3h","Outside_Resident","Study_Zone_Worker","ZoneGlobale","All_modes","21"
"2020-04-04","Kinshasa","Ngiri-Ngiri","3h","Destination_Zone_Resident","Destination_Zone_Worker","ZoneGlobale","All_modes","176"
"2020-04-04","Kinshasa","Ngiri-Ngiri","3h","Destination_Zone_Resident","Study_Zone_Worker","ZoneGlobale","All_modes","42"
"2020-04-04","Kinshasa","Ngiri-Ngiri","3h","Destination_Zone_Resident","Origin_Zone_Worker","ZoneGlobale","All_modes","41"
"2020-04-04","Kinshasa","Ngiri-Ngiri","3h","Study_Zone_Resident","Study_Zone_Worker","ZoneGlobale","All_modes","93"
"2020-04-04","Kinshasa","Ngiri-Ngiri","3h","Origin_Zone_Resident","Destination_Zone_Worker","ZoneGlobale","All_modes","27"
"2020-04-04","Kinshasa","Ngiri-Ngiri","3h","Origin_Zone_Resident","Study_Zone_Worker","ZoneGlobale","All_modes","35"
"2020-04-04","Kinshasa","Ngiri-Ngiri","3h","Origin_Zone_Resident","Origin_Zone_Worker","ZoneGlobale","All_modes","264"
"2020-04-04","Kinshasa","Nsele","1h","Outside_Resident","Outside_Worker","ZoneGlobale","All_modes","228"
"2020-04-04","Kinshasa","Nsele","1h","Outside_Resident","Destination_Zone_Worker","ZoneGlobale","All_modes","42"
"2020-04-04","Kinshasa","Nsele","1h","Outside_Resident","Study_Zone_Worker","ZoneGlobale","All_modes","70"
"2020-04-04","Kinshasa","Nsele","1h","Outside_Resident","Origin_Zone_Worker","ZoneGlobale","All_modes","54"
"2020-04-04","Kinshasa","Nsele","1h","Destination_Zone_Resident","Destination_Zone_Worker","ZoneGlobale","All_modes","267"
"2020-04-04","Kinshasa","Nsele","1h","Destination_Zone_Resident","Origin_Zone_Worker","ZoneGlobale","All_modes","163"
"2020-04-04","Kinshasa","Nsele","1h","Study_Zone_Resident","Destination_Zone_Worker","ZoneGlobale","All_modes","41"
"2020-04-04","Kinshasa","Nsele","1h","Study_Zone_Resident","Study_Zone_Worker","ZoneGlobale","All_modes","488"
"2020-04-04","Kinshasa","Nsele","1h","Study_Zone_Resident","Origin_Zone_Worker","ZoneGlobale","All_modes","123"
"2020-04-04","Kinshasa","Nsele","1h","Origin_Zone_Resident","Outside_Worker","ZoneGlobale","All_modes","41"
"2020-04-04","Kinshasa","Nsele","1h","Origin_Zone_Resident","Destination_Zone_Worker","ZoneGlobale","All_modes","137"
"2020-04-04","Kinshasa","Nsele","1h","Origin_Zone_Resident","Study_Zone_Worker","ZoneGlobale","All_modes","170"
"2020-04-04","Kinshasa","Nsele","1h","Origin_Zone_Resident","Origin_Zone_Worker","ZoneGlobale","All_modes","1546"
"2020-04-04","Kinshasa","Nsele","3h","Outside_Resident","Outside_Worker","ZoneGlobale","All_modes","227"
"2020-04-04","Kinshasa","Nsele","3h","Outside_Resident","Destination_Zone_Worker","ZoneGlobale","All_modes","27"
"2020-04-04","Kinshasa","Nsele","3h","Outside_Resident","Study_Zone_Worker","ZoneGlobale","All_modes","63"
"2020-04-04","Kinshasa","Nsele","3h","Outside_Resident","Origin_Zone_Worker","ZoneGlobale","All_modes","61"
"2020-04-04","Kinshasa","Nsele","3h","Destination_Zone_Resident","Destination_Zone_Worker","ZoneGlobale","All_modes","181"
"2020-04-04","Kinshasa","Nsele","3h","Destination_Zone_Resident","Study_Zone_Worker","ZoneGlobale","All_modes","58"
"2020-04-04","Kinshasa","Nsele","3h","Destination_Zone_Resident","Origin_Zone_Worker","ZoneGlobale","All_modes","163"
"2020-04-04","Kinshasa","Nsele","3h","Study_Zone_Resident","Outside_Worker","ZoneGlobale","All_modes","34"
"2020-04-04","Kinshasa","Nsele","3h","Study_Zone_Resident","Destination_Zone_Worker","ZoneGlobale","All_modes","50"
"2020-04-04","Kinshasa","Nsele","3h","Study_Zone_Resident","Study_Zone_Worker","ZoneGlobale","All_modes","309"
"2020-04-04","Kinshasa","Nsele","3h","Study_Zone_Resident","Origin_Zone_Worker","ZoneGlobale","All_modes","86"
"2020-04-04","Kinshasa","Nsele","3h","Origin_Zone_Resident","Outside_Worker","ZoneGlobale","All_modes","71"
"2020-04-04","Kinshasa","Nsele","3h","Origin_Zone_Resident","Destination_Zone_Worker","ZoneGlobale","All_modes","168"
"2020-04-04","Kinshasa","Nsele","3h","Origin_Zone_Resident","Study_Zone_Worker","ZoneGlobale","All_modes","217"
"2020-04-04","Kinshasa","Nsele","3h","Origin_Zone_Resident","Origin_Zone_Worker","ZoneGlobale","All_modes","1538"
"2020-04-04","Kinshasa","Police","1h","Outside_Resident","Outside_Worker","ZoneGlobale","All_modes","733"
"2020-04-04","Kinshasa","Police","1h","Outside_Resident","Destination_Zone_Worker","ZoneGlobale","All_modes","222"
"2020-04-04","Kinshasa","Police","1h","Outside_Resident","Study_Zone_Worker","ZoneGlobale","All_modes","81"
"2020-04-04","Kinshasa","Police","1h","Outside_Resident","Origin_Zone_Worker","ZoneGlobale","All_modes","109"
"2020-04-04","Kinshasa","Police","1h","Destination_Zone_Resident","Outside_Worker","ZoneGlobale","All_modes","100"
"2020-04-04","Kinshasa","Police","1h","Destination_Zone_Resident","Destination_Zone_Worker","ZoneGlobale","All_modes","2452"
"2020-04-04","Kinshasa","Police","1h","Destination_Zone_Resident","Study_Zone_Worker","ZoneGlobale","All_modes","144"
"2020-04-04","Kinshasa","Police","1h","Destination_Zone_Resident","Origin_Zone_Worker","ZoneGlobale","All_modes","211"
"2020-04-04","Kinshasa","Police","1h","Study_Zone_Resident","Outside_Worker","ZoneGlobale","All_modes","40"
"2020-04-04","Kinshasa","Police","1h","Study_Zone_Resident","Destination_Zone_Worker","ZoneGlobale","All_modes","271"
"2020-04-04","Kinshasa","Police","1h","Study_Zone_Resident","Study_Zone_Worker","ZoneGlobale","All_modes","847"
"2020-04-04","Kinshasa","Police","1h","Study_Zone_Resident","Origin_Zone_Worker","ZoneGlobale","All_modes","185"
"2020-04-04","Kinshasa","Police","1h","Origin_Zone_Resident","Outside_Worker","ZoneGlobale","All_modes","34"
"2020-04-04","Kinshasa","Police","1h","Origin_Zone_Resident","Destination_Zone_Worker","ZoneGlobale","All_modes","387"
"2020-04-04","Kinshasa","Police","1h","Origin_Zone_Resident","Study_Zone_Worker","ZoneGlobale","All_modes","185"
"2020-04-04","Kinshasa","Police","1h","Origin_Zone_Resident","Origin_Zone_Worker","ZoneGlobale","All_modes","1846"
"2020-04-04","Kinshasa","Police","3h","Outside_Resident","Outside_Worker","ZoneGlobale","All_modes","813"
"2020-04-04","Kinshasa","Police","3h","Outside_Resident","Destination_Zone_Worker","ZoneGlobale","All_modes","218"
"2020-04-04","Kinshasa","Police","3h","Outside_Resident","Study_Zone_Worker","ZoneGlobale","All_modes","103"
"2020-04-04","Kinshasa","Police","3h","Outside_Resident","Origin_Zone_Worker","ZoneGlobale","All_modes","164"
"2020-04-04","Kinshasa","Police","3h","Destination_Zone_Resident","Outside_Worker","ZoneGlobale","All_modes","83"
"2020-04-04","Kinshasa","Police","3h","Destination_Zone_Resident","Destination_Zone_Worker","ZoneGlobale","All_modes","1738"
"2020-04-04","Kinshasa","Police","3h","Destination_Zone_Resident","Study_Zone_Worker","ZoneGlobale","All_modes","88"
"2020-04-04","Kinshasa","Police","3h","Destination_Zone_Resident","Origin_Zone_Worker","ZoneGlobale","All_modes","160"
"2020-04-04","Kinshasa","Police","3h","Study_Zone_Resident","Outside_Worker","ZoneGlobale","All_modes","43"
"2020-04-04","Kinshasa","Police","3h","Study_Zone_Resident","Destination_Zone_Worker","ZoneGlobale","All_modes","107"
"2020-04-04","Kinshasa","Police","3h","Study_Zone_Resident","Study_Zone_Worker","ZoneGlobale","All_modes","351"
"2020-04-04","Kinshasa","Police","3h","Study_Zone_Resident","Origin_Zone_Worker","ZoneGlobale","All_modes","86"
"2020-04-04","Kinshasa","Police","3h","Origin_Zone_Resident","Outside_Worker","ZoneGlobale","All_modes","73"
"2020-04-04","Kinshasa","Police","3h","Origin_Zone_Resident","Destination_Zone_Worker","ZoneGlobale","All_modes","496"
"2020-04-04","Kinshasa","Police","3h","Origin_Zone_Resident","Study_Zone_Worker","ZoneGlobale","All_modes","141"
"2020-04-04","Kinshasa","Police","3h","Origin_Zone_Resident","Origin_Zone_Worker","ZoneGlobale","All_modes","1685"
"2020-04-04","Kinshasa","Selembao","1h","Outside_Resident","Outside_Worker","ZoneGlobale","All_modes","48"
"2020-04-04","Kinshasa","Selembao","1h","Outside_Resident","Destination_Zone_Worker","ZoneGlobale","All_modes","29"
"2020-04-04","Kinshasa","Selembao","1h","Destination_Zone_Resident","Outside_Worker","ZoneGlobale","All_modes","21"
"2020-04-04","Kinshasa","Selembao","1h","Destination_Zone_Resident","Destination_Zone_Worker","ZoneGlobale","All_modes","93"
"2020-04-04","Kinshasa","Selembao","1h","Study_Zone_Resident","Destination_Zone_Worker","ZoneGlobale","All_modes","28"
"2020-04-04","Kinshasa","Selembao","1h","Study_Zone_Resident","Study_Zone_Worker","ZoneGlobale","All_modes","40"
"2020-04-04","Kinshasa","Selembao","1h","Origin_Zone_Resident","Origin_Zone_Worker","ZoneGlobale","All_modes","41"
"2020-04-04","Kinshasa","Selembao","3h","Outside_Resident","Outside_Worker","ZoneGlobale","All_modes","62"
"2020-04-04","Kinshasa","Selembao","3h","Destination_Zone_Resident","Destination_Zone_Worker","ZoneGlobale","All_modes","86"
"2020-04-04","Kinshasa","Selembao","3h","Destination_Zone_Resident","Origin_Zone_Worker","ZoneGlobale","All_modes","47"
"2020-04-04","Kinshasa","Selembao","3h","Study_Zone_Resident","Study_Zone_Worker","ZoneGlobale","All_modes","21"
"2020-04-04","Kinshasa","Selembao","3h","Origin_Zone_Resident","Origin_Zone_Worker","ZoneGlobale","All_modes","47"
"2020-04-04","Kintambo","Barumbu","1h","Destination_Zone_Resident","Destination_Zone_Worker","ZoneGlobale","All_modes","34"
"2020-04-04","Kintambo","Barumbu","1h","Study_Zone_Resident","Study_Zone_Worker","ZoneGlobale","All_modes","61"
"2020-04-04","Kintambo","Barumbu","1h","Origin_Zone_Resident","Destination_Zone_Worker","ZoneGlobale","All_modes","36"
"2020-04-04","Kintambo","Barumbu","1h","Origin_Zone_Resident","Origin_Zone_Worker","ZoneGlobale","All_modes","77"
"2020-04-04","Kintambo","Barumbu","3h","Outside_Resident","Outside_Worker","ZoneGlobale","All_modes","49"
"2020-04-04","Kintambo","Barumbu","3h","Destination_Zone_Resident","Destination_Zone_Worker","ZoneGlobale","All_modes","21"
"2020-04-04","Kintambo","Barumbu","3h","Study_Zone_Resident","Study_Zone_Worker","ZoneGlobale","All_modes","40"
"2020-04-04","Kintambo","Barumbu","3h","Origin_Zone_Resident","Origin_Zone_Worker","ZoneGlobale","All_modes","75"
"2020-04-04","Kintambo","Binza Meteo","1h","Outside_Resident","Outside_Worker","ZoneGlobale","All_modes","2167"
"2020-04-04","Kintambo","Binza Meteo","1h","Outside_Resident","Destination_Zone_Worker","ZoneGlobale","All_modes","481"
"2020-04-04","Kintambo","Binza Meteo","1h","Outside_Resident","Study_Zone_Worker","ZoneGlobale","All_modes","381"
"2020-04-04","Kintambo","Binza Meteo","1h","Outside_Resident","Origin_Zone_Worker","ZoneGlobale","All_modes","282"
"2020-04-04","Kintambo","Binza Meteo","1h","Destination_Zone_Resident","Outside_Worker","ZoneGlobale","All_modes","156"
"2020-04-04","Kintambo","Binza Meteo","1h","Destination_Zone_Resident","Destination_Zone_Worker","ZoneGlobale","All_modes","4816"
"2020-04-04","Kintambo","Binza Meteo","1h","Destination_Zone_Resident","Study_Zone_Worker","ZoneGlobale","All_modes","317"
"2020-04-04","Kintambo","Binza Meteo","1h","Destination_Zone_Resident","Origin_Zone_Worker","ZoneGlobale","All_modes","617"
"2020-04-04","Kintambo","Binza Meteo","1h","Study_Zone_Resident","Outside_Worker","ZoneGlobale","All_modes","100"
"2020-04-04","Kintambo","Binza Meteo","1h","Study_Zone_Resident","Destination_Zone_Worker","ZoneGlobale","All_modes","450"
"2020-04-04","Kintambo","Binza Meteo","1h","Study_Zone_Resident","Study_Zone_Worker","ZoneGlobale","All_modes","1168"
"2020-04-04","Kintambo","Binza Meteo","1h","Study_Zone_Resident","Origin_Zone_Worker","ZoneGlobale","All_modes","185"
"2020-04-04","Kintambo","Binza Meteo","1h","Origin_Zone_Resident","Outside_Worker","ZoneGlobale","All_modes","84"
"2020-04-04","Kintambo","Binza Meteo","1h","Origin_Zone_Resident","Destination_Zone_Worker","ZoneGlobale","All_modes","905"
"2020-04-04","Kintambo","Binza Meteo","1h","Origin_Zone_Resident","Study_Zone_Worker","ZoneGlobale","All_modes","243"
"2020-04-04","Kintambo","Binza Meteo","1h","Origin_Zone_Resident","Origin_Zone_Worker","ZoneGlobale","All_modes","3180"
"2020-04-04","Kintambo","Binza Meteo","3h","Outside_Resident","Outside_Worker","ZoneGlobale","All_modes","2210"
"2020-04-04","Kintambo","Binza Meteo","3h","Outside_Resident","Destination_Zone_Worker","ZoneGlobale","All_modes","511"
"2020-04-04","Kintambo","Binza Meteo","3h","Outside_Resident","Study_Zone_Worker","ZoneGlobale","All_modes","115"
"2020-04-04","Kintambo","Binza Meteo","3h","Outside_Resident","Origin_Zone_Worker","ZoneGlobale","All_modes","326"
"2020-04-04","Kintambo","Binza Meteo","3h","Destination_Zone_Resident","Outside_Worker","ZoneGlobale","All_modes","241"
"2020-04-04","Kintambo","Binza Meteo","3h","Destination_Zone_Resident","Destination_Zone_Worker","ZoneGlobale","All_modes","3779"
"2020-04-04","Kintambo","Binza Meteo","3h","Destination_Zone_Resident","Study_Zone_Worker","ZoneGlobale","All_modes","230"
"2020-04-04","Kintambo","Binza Meteo","3h","Destination_Zone_Resident","Origin_Zone_Worker","ZoneGlobale","All_modes","507"
"2020-04-04","Kintambo","Binza Meteo","3h","Study_Zone_Resident","Outside_Worker","ZoneGlobale","All_modes","79"
"2020-04-04","Kintambo","Binza Meteo","3h","Study_Zone_Resident","Destination_Zone_Worker","ZoneGlobale","All_modes","203"
"2020-04-04","Kintambo","Binza Meteo","3h","Study_Zone_Resident","Study_Zone_Worker","ZoneGlobale","All_modes","615"
"2020-04-04","Kintambo","Binza Meteo","3h","Study_Zone_Resident","Origin_Zone_Worker","ZoneGlobale","All_modes","89"
"2020-04-04","Kintambo","Binza Meteo","3h","Origin_Zone_Resident","Outside_Worker","ZoneGlobale","All_modes","199"
"2020-04-04","Kintambo","Binza Meteo","3h","Origin_Zone_Resident","Destination_Zone_Worker","ZoneGlobale","All_modes","816"
"2020-04-04","Kintambo","Binza Meteo","3h","Origin_Zone_Resident","Study_Zone_Worker","ZoneGlobale","All_modes","258"
"2020-04-04","Kintambo","Binza Meteo","3h","Origin_Zone_Resident","Origin_Zone_Worker","ZoneGlobale","All_modes","2772"
"2020-04-04","Kintambo","Binza Ozone","1h","Outside_Resident","Outside_Worker","ZoneGlobale","All_modes","229"
"2020-04-04","Kintambo","Binza Ozone","1h","Outside_Resident","Destination_Zone_Worker","ZoneGlobale","All_modes","131"
"2020-04-04","Kintambo","Binza Ozone","1h","Outside_Resident","Study_Zone_Worker","ZoneGlobale","All_modes","54"
"2020-04-04","Kintambo","Binza Ozone","1h","Outside_Resident","Origin_Zone_Worker","ZoneGlobale","All_modes","49"
"2020-04-04","Kintambo","Binza Ozone","1h","Destination_Zone_Resident","Destination_Zone_Worker","ZoneGlobale","All_modes","737"
"2020-04-04","Kintambo","Binza Ozone","1h","Destination_Zone_Resident","Study_Zone_Worker","ZoneGlobale","All_modes","165"
"2020-04-04","Kintambo","Binza Ozone","1h","Destination_Zone_Resident","Origin_Zone_Worker","ZoneGlobale","All_modes","110"
"2020-04-04","Kintambo","Binza Ozone","1h","Study_Zone_Resident","Outside_Worker","ZoneGlobale","All_modes","41"
"2020-04-04","Kintambo","Binza Ozone","1h","Study_Zone_Resident","Destination_Zone_Worker","ZoneGlobale","All_modes","35"
"2020-04-04","Kintambo","Binza Ozone","1h","Study_Zone_Resident","Study_Zone_Worker","ZoneGlobale","All_modes","336"
"2020-04-04","Kintambo","Binza Ozone","1h","Study_Zone_Resident","Origin_Zone_Worker","ZoneGlobale","All_modes","41"
"2020-04-04","Kintambo","Binza Ozone","1h","Origin_Zone_Resident","Destination_Zone_Worker","ZoneGlobale","All_modes","29"
"2020-04-04","Kintambo","Binza Ozone","1h","Origin_Zone_Resident","Study_Zone_Worker","ZoneGlobale","All_modes","40"
"2020-04-04","Kintambo","Binza Ozone","1h","Origin_Zone_Resident","Origin_Zone_Worker","ZoneGlobale","All_modes","352"
"2020-04-04","Kintambo","Binza Ozone","3h","Outside_Resident","Outside_Worker","ZoneGlobale","All_modes","333"
"2020-04-04","Kintambo","Binza Ozone","3h","Outside_Resident","Destination_Zone_Worker","ZoneGlobale","All_modes","62"
"2020-04-04","Kintambo","Binza Ozone","3h","Outside_Resident","Study_Zone_Worker","ZoneGlobale","All_modes","115"
"2020-04-04","Kintambo","Binza Ozone","3h","Outside_Resident","Origin_Zone_Worker","ZoneGlobale","All_modes","54"
"2020-04-04","Kintambo","Binza Ozone","3h","Destination_Zone_Resident","Outside_Worker","ZoneGlobale","All_modes","43"
"2020-04-04","Kintambo","Binza Ozone","3h","Destination_Zone_Resident","Destination_Zone_Worker","ZoneGlobale","All_modes","604"
"2020-04-04","Kintambo","Binza Ozone","3h","Destination_Zone_Resident","Study_Zone_Worker","ZoneGlobale","All_modes","85"
"2020-04-04","Kintambo","Binza Ozone","3h","Destination_Zone_Resident","Origin_Zone_Worker","ZoneGlobale","All_modes","110"
"2020-04-04","Kintambo","Binza Ozone","3h","Study_Zone_Resident","Study_Zone_Worker","ZoneGlobale","All_modes","133"
"2020-04-04","Kintambo","Binza Ozone","3h","Study_Zone_Resident","Origin_Zone_Worker","ZoneGlobale","All_modes","63"
"2020-04-04","Kintambo","Binza Ozone","3h","Origin_Zone_Resident","Outside_Worker","ZoneGlobale","All_modes","21"
"2020-04-04","Kintambo","Binza Ozone","3h","Origin_Zone_Resident","Destination_Zone_Worker","ZoneGlobale","All_modes","94"
"2020-04-04","Kintambo","Binza Ozone","3h","Origin_Zone_Resident","Study_Zone_Worker","ZoneGlobale","All_modes","36"
"2020-04-04","Kintambo","Binza Ozone","3h","Origin_Zone_Resident","Origin_Zone_Worker","ZoneGlobale","All_modes","402"
"2020-04-04","Kintambo","Bumbu","1h","Outside_Resident","Outside_Worker","ZoneGlobale","All_modes","174"
"2020-04-04","Kintambo","Bumbu","1h","Outside_Resident","Study_Zone_Worker","ZoneGlobale","All_modes","28"
"2020-04-04","Kintambo","Bumbu","1h","Destination_Zone_Resident","Destination_Zone_Worker","ZoneGlobale","All_modes","187"
"2020-04-04","Kintambo","Bumbu","1h","Study_Zone_Resident","Study_Zone_Worker","ZoneGlobale","All_modes","153"
"2020-04-04","Kintambo","Bumbu","1h","Origin_Zone_Resident","Study_Zone_Worker","ZoneGlobale","All_modes","21"
"2020-04-04","Kintambo","Bumbu","1h","Origin_Zone_Resident","Origin_Zone_Worker","ZoneGlobale","All_modes","158"
"2020-04-04","Kintambo","Bumbu","3h","Outside_Resident","Outside_Worker","ZoneGlobale","All_modes","171"
"2020-04-04","Kintambo","Bumbu","3h","Outside_Resident","Destination_Zone_Worker","ZoneGlobale","All_modes","34"
"2020-04-04","Kintambo","Bumbu","3h","Destination_Zone_Resident","Destination_Zone_Worker","ZoneGlobale","All_modes","129"
"2020-04-04","Kintambo","Bumbu","3h","Destination_Zone_Resident","Study_Zone_Worker","ZoneGlobale","All_modes","46"
"2020-04-04","Kintambo","Bumbu","3h","Destination_Zone_Resident","Origin_Zone_Worker","ZoneGlobale","All_modes","34"
"2020-04-04","Kintambo","Bumbu","3h","Study_Zone_Resident","Study_Zone_Worker","ZoneGlobale","All_modes","88"
"2020-04-04","Kintambo","Bumbu","3h","Origin_Zone_Resident","Outside_Worker","ZoneGlobale","All_modes","23"
"2020-04-04","Kintambo","Bumbu","3h","Origin_Zone_Resident","Destination_Zone_Worker","ZoneGlobale","All_modes","29"
"2020-04-04","Kintambo","Bumbu","3h","Origin_Zone_Resident","Study_Zone_Worker","ZoneGlobale","All_modes","34"
"2020-04-04","Kintambo","Bumbu","3h","Origin_Zone_Resident","Origin_Zone_Worker","ZoneGlobale","All_modes","136"
"2020-04-04","Kintambo","Gombe","1h","Outside_Resident","Outside_Worker","ZoneGlobale","All_modes","342"
"2020-04-04","Kintambo","Gombe","1h","Outside_Resident","Destination_Zone_Worker","ZoneGlobale","All_modes","98"
"2020-04-04","Kintambo","Gombe","1h","Outside_Resident","Study_Zone_Worker","ZoneGlobale","All_modes","132"
"2020-04-04","Kintambo","Gombe","1h","Outside_Resident","Origin_Zone_Worker","ZoneGlobale","All_modes","54"
"2020-04-04","Kintambo","Gombe","1h","Destination_Zone_Resident","Destination_Zone_Worker","ZoneGlobale","All_modes","78"
"2020-04-04","Kintambo","Gombe","1h","Study_Zone_Resident","Destination_Zone_Worker","ZoneGlobale","All_modes","189"
"2020-04-04","Kintambo","Gombe","1h","Study_Zone_Resident","Study_Zone_Worker","ZoneGlobale","All_modes","460"
"2020-04-04","Kintambo","Gombe","1h","Study_Zone_Resident","Origin_Zone_Worker","ZoneGlobale","All_modes","88"
"2020-04-04","Kintambo","Gombe","1h","Origin_Zone_Resident","Outside_Worker","ZoneGlobale","All_modes","21"
"2020-04-04","Kintambo","Gombe","1h","Origin_Zone_Resident","Destination_Zone_Worker","ZoneGlobale","All_modes","397"
"2020-04-04","Kintambo","Gombe","1h","Origin_Zone_Resident","Study_Zone_Worker","ZoneGlobale","All_modes","102"
"2020-04-04","Kintambo","Gombe","1h","Origin_Zone_Resident","Origin_Zone_Worker","ZoneGlobale","All_modes","775"
"2020-04-04","Kintambo","Gombe","3h","Outside_Resident","Outside_Worker","ZoneGlobale","All_modes","348"
"2020-04-04","Kintambo","Gombe","3h","Outside_Resident","Study_Zone_Worker","ZoneGlobale","All_modes","104"
"2020-04-04","Kintambo","Gombe","3h","Outside_Resident","Origin_Zone_Worker","ZoneGlobale","All_modes","40"
"2020-04-04","Kintambo","Gombe","3h","Destination_Zone_Resident","Destination_Zone_Worker","ZoneGlobale","All_modes","48"
"2020-04-04","Kintambo","Gombe","3h","Study_Zone_Resident","Outside_Worker","ZoneGlobale","All_modes","26"
"2020-04-04","Kintambo","Gombe","3h","Study_Zone_Resident","Destination_Zone_Worker","ZoneGlobale","All_modes","191"
"2020-04-04","Kintambo","Gombe","3h","Study_Zone_Resident","Study_Zone_Worker","ZoneGlobale","All_modes","276"
"2020-04-04","Kintambo","Gombe","3h","Study_Zone_Resident","Origin_Zone_Worker","ZoneGlobale","All_modes","26"
"2020-04-04","Kintambo","Gombe","3h","Origin_Zone_Resident","Outside_Worker","ZoneGlobale","All_modes","42"
"2020-04-04","Kintambo","Gombe","3h","Origin_Zone_Resident","Destination_Zone_Worker","ZoneGlobale","All_modes","470"
"2020-04-04","Kintambo","Gombe","3h","Origin_Zone_Resident","Study_Zone_Worker","ZoneGlobale","All_modes","93"
"2020-04-04","Kintambo","Gombe","3h","Origin_Zone_Resident","Origin_Zone_Worker","ZoneGlobale","All_modes","657"
"2020-04-04","Kintambo","Kalamu I","1h","Outside_Resident","Outside_Worker","ZoneGlobale","All_modes","42"
"2020-04-04","Kintambo","Kalamu I","1h","Destination_Zone_Resident","Destination_Zone_Worker","ZoneGlobale","All_modes","67"
"2020-04-04","Kintambo","Kalamu I","1h","Study_Zone_Resident","Study_Zone_Worker","ZoneGlobale","All_modes","97"
"2020-04-04","Kintambo","Kalamu I","1h","Study_Zone_Resident","Origin_Zone_Worker","ZoneGlobale","All_modes","21"
"2020-04-04","Kintambo","Kalamu I","1h","Origin_Zone_Resident","Study_Zone_Worker","ZoneGlobale","All_modes","28"
"2020-04-04","Kintambo","Kalamu I","1h","Origin_Zone_Resident","Origin_Zone_Worker","ZoneGlobale","All_modes","80"
"2020-04-04","Kintambo","Kalamu I","3h","Outside_Resident","Outside_Worker","ZoneGlobale","All_modes","137"
"2020-04-04","Kintambo","Kalamu I","3h","Destination_Zone_Resident","Destination_Zone_Worker","ZoneGlobale","All_modes","42"
"2020-04-04","Kintambo","Kalamu I","3h","Destination_Zone_Resident","Study_Zone_Worker","ZoneGlobale","All_modes","21"
"2020-04-04","Kintambo","Kalamu I","3h","Study_Zone_Resident","Study_Zone_Worker","ZoneGlobale","All_modes","81"
"2020-04-04","Kintambo","Kalamu I","3h","Origin_Zone_Resident","Origin_Zone_Worker","ZoneGlobale","All_modes","129"
"2020-04-04","Kintambo","Kalamu II","1h","Outside_Resident","Outside_Worker","ZoneGlobale","All_modes","84"
"2020-04-04","Kintambo","Kalamu II","1h","Destination_Zone_Resident","Destination_Zone_Worker","ZoneGlobale","All_modes","46"
"2020-04-04","Kintambo","Kalamu II","1h","Destination_Zone_Resident","Study_Zone_Worker","ZoneGlobale","All_modes","21"
"2020-04-04","Kintambo","Kalamu II","1h","Study_Zone_Resident","Destination_Zone_Worker","ZoneGlobale","All_modes","27"
"2020-04-04","Kintambo","Kalamu II","1h","Study_Zone_Resident","Study_Zone_Worker","ZoneGlobale","All_modes","147"
"2020-04-04","Kintambo","Kalamu II","1h","Study_Zone_Resident","Origin_Zone_Worker","ZoneGlobale","All_modes","28"
"2020-04-04","Kintambo","Kalamu II","1h","Origin_Zone_Resident","Destination_Zone_Worker","ZoneGlobale","All_modes","36"
"2020-04-04","Kintambo","Kalamu II","1h","Origin_Zone_Resident","Study_Zone_Worker","ZoneGlobale","All_modes","28"
"2020-04-04","Kintambo","Kalamu II","1h","Origin_Zone_Resident","Origin_Zone_Worker","ZoneGlobale","All_modes","179"
"2020-04-04","Kintambo","Kalamu II","3h","Outside_Resident","Outside_Worker","ZoneGlobale","All_modes","88"
"2020-04-04","Kintambo","Kalamu II","3h","Outside_Resident","Origin_Zone_Worker","ZoneGlobale","All_modes","27"
"2020-04-04","Kintambo","Kalamu II","3h","Destination_Zone_Resident","Destination_Zone_Worker","ZoneGlobale","All_modes","39"
"2020-04-04","Kintambo","Kalamu II","3h","Study_Zone_Resident","Study_Zone_Worker","ZoneGlobale","All_modes","96"
"2020-04-04","Kintambo","Kalamu II","3h","Origin_Zone_Resident","Destination_Zone_Worker","ZoneGlobale","All_modes","49"
"2020-04-04","Kintambo","Kalamu II","3h","Origin_Zone_Resident","Study_Zone_Worker","ZoneGlobale","All_modes","48"
"2020-04-04","Kintambo","Kalamu II","3h","Origin_Zone_Resident","Origin_Zone_Worker","ZoneGlobale","All_modes","137"
"2020-04-04","Kintambo","Kamonia","3h","Outside_Resident","Outside_Worker","ZoneGlobale","All_modes","161"
"2020-04-04","Kintambo","Kasa-Vubu","1h","Outside_Resident","Outside_Worker","ZoneGlobale","All_modes","135"
"2020-04-04","Kintambo","Kasa-Vubu","1h","Outside_Resident","Study_Zone_Worker","ZoneGlobale","All_modes","33"
"2020-04-04","Kintambo","Kasa-Vubu","1h","Destination_Zone_Resident","Destination_Zone_Worker","ZoneGlobale","All_modes","90"
"2020-04-04","Kintambo","Kasa-Vubu","1h","Destination_Zone_Resident","Study_Zone_Worker","ZoneGlobale","All_modes","27"
"2020-04-04","Kintambo","Kasa-Vubu","1h","Study_Zone_Resident","Destination_Zone_Worker","ZoneGlobale","All_modes","27"
"2020-04-04","Kintambo","Kasa-Vubu","1h","Study_Zone_Resident","Study_Zone_Worker","ZoneGlobale","All_modes","280"
"2020-04-04","Kintambo","Kasa-Vubu","1h","Origin_Zone_Resident","Destination_Zone_Worker","ZoneGlobale","All_modes","29"
"2020-04-04","Kintambo","Kasa-Vubu","1h","Origin_Zone_Resident","Study_Zone_Worker","ZoneGlobale","All_modes","47"
"2020-04-04","Kintambo","Kasa-Vubu","1h","Origin_Zone_Resident","Origin_Zone_Worker","ZoneGlobale","All_modes","256"
"2020-04-04","Kintambo","Kasa-Vubu","3h","Outside_Resident","Outside_Worker","ZoneGlobale","All_modes","143"
"2020-04-04","Kintambo","Kasa-Vubu","3h","Outside_Resident","Study_Zone_Worker","ZoneGlobale","All_modes","40"
"2020-04-04","Kintambo","Kasa-Vubu","3h","Destination_Zone_Resident","Destination_Zone_Worker","ZoneGlobale","All_modes","66"
"2020-04-04","Kintambo","Kasa-Vubu","3h","Destination_Zone_Resident","Origin_Zone_Worker","ZoneGlobale","All_modes","28"
"2020-04-04","Kintambo","Kasa-Vubu","3h","Study_Zone_Resident","Study_Zone_Worker","ZoneGlobale","All_modes","70"
"2020-04-04","Kintambo","Kasa-Vubu","3h","Origin_Zone_Resident","Outside_Worker","ZoneGlobale","All_modes","48"
"2020-04-04","Kintambo","Kasa-Vubu","3h","Origin_Zone_Resident","Destination_Zone_Worker","ZoneGlobale","All_modes","28"
"2020-04-04","Kintambo","Kasa-Vubu","3h","Origin_Zone_Resident","Study_Zone_Worker","ZoneGlobale","All_modes","55"
"2020-04-04","Kintambo","Kasa-Vubu","3h","Origin_Zone_Resident","Origin_Zone_Worker","ZoneGlobale","All_modes","249"
"2020-04-04","Kintambo","Kimbanseke","1h","Outside_Resident","Outside_Worker","ZoneGlobale","All_modes","35"
"2020-04-04","Kintambo","Kimbanseke","1h","Study_Zone_Resident","Study_Zone_Worker","ZoneGlobale","All_modes","58"
"2020-04-04","Kintambo","Kimbanseke","1h","Origin_Zone_Resident","Origin_Zone_Worker","ZoneGlobale","All_modes","66"
"2020-04-04","Kintambo","Kimbanseke","3h","Origin_Zone_Resident","Origin_Zone_Worker","ZoneGlobale","All_modes","41"
"2020-04-04","Kintambo","Kingabwa","1h","Outside_Resident","Outside_Worker","ZoneGlobale","All_modes","26"
"2020-04-04","Kintambo","Kingabwa","1h","Destination_Zone_Resident","Destination_Zone_Worker","ZoneGlobale","All_modes","41"
"2020-04-04","Kintambo","Kingabwa","1h","Study_Zone_Resident","Study_Zone_Worker","ZoneGlobale","All_modes","53"
"2020-04-04","Kintambo","Kingabwa","1h","Origin_Zone_Resident","Origin_Zone_Worker","ZoneGlobale","All_modes","68"
"2020-04-04","Kintambo","Kingabwa","3h","Outside_Resident","Outside_Worker","ZoneGlobale","All_modes","77"
"2020-04-04","Kintambo","Kingabwa","3h","Destination_Zone_Resident","Destination_Zone_Worker","ZoneGlobale","All_modes","27"
"2020-04-04","Kintambo","Kingabwa","3h","Study_Zone_Resident","Outside_Worker","ZoneGlobale","All_modes","21"
"2020-04-04","Kintambo","Kingabwa","3h","Study_Zone_Resident","Study_Zone_Worker","ZoneGlobale","All_modes","26"
"2020-04-04","Kintambo","Kingabwa","3h","Origin_Zone_Resident","Outside_Worker","ZoneGlobale","All_modes","51"
"2020-04-04","Kintambo","Kingabwa","3h","Origin_Zone_Resident","Destination_Zone_Worker","ZoneGlobale","All_modes","21"
"2020-04-04","Kintambo","Kingabwa","3h","Origin_Zone_Resident","Origin_Zone_Worker","ZoneGlobale","All_modes","62"
"2020-04-04","Kintambo","Kinshasa","1h","Outside_Resident","Outside_Worker","ZoneGlobale","All_modes","34"
"2020-04-04","Kintambo","Kinshasa","1h","Destination_Zone_Resident","Destination_Zone_Worker","ZoneGlobale","All_modes","90"
"2020-04-04","Kintambo","Kinshasa","1h","Study_Zone_Resident","Study_Zone_Worker","ZoneGlobale","All_modes","54"
"2020-04-04","Kintambo","Kinshasa","1h","Origin_Zone_Resident","Destination_Zone_Worker","ZoneGlobale","All_modes","21"
"2020-04-04","Kintambo","Kinshasa","1h","Origin_Zone_Resident","Study_Zone_Worker","ZoneGlobale","All_modes","51"
"2020-04-04","Kintambo","Kinshasa","1h","Origin_Zone_Resident","Origin_Zone_Worker","ZoneGlobale","All_modes","154"
"2020-04-04","Kintambo","Kinshasa","3h","Outside_Resident","Outside_Worker","ZoneGlobale","All_modes","55"
"2020-04-04","Kintambo","Kinshasa","3h","Destination_Zone_Resident","Destination_Zone_Worker","ZoneGlobale","All_modes","69"
"2020-04-04","Kintambo","Kinshasa","3h","Study_Zone_Resident","Study_Zone_Worker","ZoneGlobale","All_modes","41"
"2020-04-04","Kintambo","Kinshasa","3h","Origin_Zone_Resident","Destination_Zone_Worker","ZoneGlobale","All_modes","29"
"2020-04-04","Kintambo","Kinshasa","3h","Origin_Zone_Resident","Study_Zone_Worker","ZoneGlobale","All_modes","34"
"2020-04-04","Kintambo","Kinshasa","3h","Origin_Zone_Resident","Origin_Zone_Worker","ZoneGlobale","All_modes","215"
"2020-04-04","Kintambo","Kisenso","1h","Destination_Zone_Resident","Destination_Zone_Worker","ZoneGlobale","All_modes","21"
"2020-04-04","Kintambo","Kisenso","3h","Outside_Resident","Outside_Worker","ZoneGlobale","All_modes","26"
"2020-04-04","Kintambo","Kokolo","1h","Outside_Resident","Outside_Worker","ZoneGlobale","All_modes","1351"
"2020-04-04","Kintambo","Kokolo","1h","Outside_Resident","Destination_Zone_Worker","ZoneGlobale","All_modes","287"
"2020-04-04","Kintambo","Kokolo","1h","Outside_Resident","Study_Zone_Worker","ZoneGlobale","All_modes","126"
"2020-04-04","Kintambo","Kokolo","1h","Outside_Resident","Origin_Zone_Worker","ZoneGlobale","All_modes","179"
"2020-04-04","Kintambo","Kokolo","1h","Destination_Zone_Resident","Outside_Worker","ZoneGlobale","All_modes","120"
"2020-04-04","Kintambo","Kokolo","1h","Destination_Zone_Resident","Destination_Zone_Worker","ZoneGlobale","All_modes","4417"
"2020-04-04","Kintambo","Kokolo","1h","Destination_Zone_Resident","Study_Zone_Worker","ZoneGlobale","All_modes","245"
"2020-04-04","Kintambo","Kokolo","1h","Destination_Zone_Resident","Origin_Zone_Worker","ZoneGlobale","All_modes","292"
"2020-04-04","Kintambo","Kokolo","1h","Study_Zone_Resident","Outside_Worker","ZoneGlobale","All_modes","78"
"2020-04-04","Kintambo","Kokolo","1h","Study_Zone_Resident","Destination_Zone_Worker","ZoneGlobale","All_modes","165"
"2020-04-04","Kintambo","Kokolo","1h","Study_Zone_Resident","Study_Zone_Worker","ZoneGlobale","All_modes","839"
"2020-04-04","Kintambo","Kokolo","1h","Study_Zone_Resident","Origin_Zone_Worker","ZoneGlobale","All_modes","132"
"2020-04-04","Kintambo","Kokolo","1h","Origin_Zone_Resident","Outside_Worker","ZoneGlobale","All_modes","101"
"2020-04-04","Kintambo","Kokolo","1h","Origin_Zone_Resident","Destination_Zone_Worker","ZoneGlobale","All_modes","629"
"2020-04-04","Kintambo","Kokolo","1h","Origin_Zone_Resident","Study_Zone_Worker","ZoneGlobale","All_modes","217"
"2020-04-04","Kintambo","Kokolo","1h","Origin_Zone_Resident","Origin_Zone_Worker","ZoneGlobale","All_modes","2831"
"2020-04-04","Kintambo","Kokolo","3h","Outside_Resident","Outside_Worker","ZoneGlobale","All_modes","1382"
"2020-04-04","Kintambo","Kokolo","3h","Outside_Resident","Destination_Zone_Worker","ZoneGlobale","All_modes","312"
"2020-04-04","Kintambo","Kokolo","3h","Outside_Resident","Study_Zone_Worker","ZoneGlobale","All_modes","89"
"2020-04-04","Kintambo","Kokolo","3h","Outside_Resident","Origin_Zone_Worker","ZoneGlobale","All_modes","260"
"2020-04-04","Kintambo","Kokolo","3h","Destination_Zone_Resident","Outside_Worker","ZoneGlobale","All_modes","91"
"2020-04-04","Kintambo","Kokolo","3h","Destination_Zone_Resident","Destination_Zone_Worker","ZoneGlobale","All_modes","2694"
"2020-04-04","Kintambo","Kokolo","3h","Destination_Zone_Resident","Study_Zone_Worker","ZoneGlobale","All_modes","130"
"2020-04-04","Kintambo","Kokolo","3h","Destination_Zone_Resident","Origin_Zone_Worker","ZoneGlobale","All_modes","305"
"2020-04-04","Kintambo","Kokolo","3h","Study_Zone_Resident","Outside_Worker","ZoneGlobale","All_modes","66"
"2020-04-04","Kintambo","Kokolo","3h","Study_Zone_Resident","Destination_Zone_Worker","ZoneGlobale","All_modes","85"
"2020-04-04","Kintambo","Kokolo","3h","Study_Zone_Resident","Study_Zone_Worker","ZoneGlobale","All_modes","379"
"2020-04-04","Kintambo","Kokolo","3h","Study_Zone_Resident","Origin_Zone_Worker","ZoneGlobale","All_modes","84"
"2020-04-04","Kintambo","Kokolo","3h","Origin_Zone_Resident","Outside_Worker","ZoneGlobale","All_modes","143"
"2020-04-04","Kintambo","Kokolo","3h","Origin_Zone_Resident","Destination_Zone_Worker","ZoneGlobale","All_modes","728"
"2020-04-04","Kintambo","Kokolo","3h","Origin_Zone_Resident","Study_Zone_Worker","ZoneGlobale","All_modes","185"
"2020-04-04","Kintambo","Kokolo","3h","Origin_Zone_Resident","Origin_Zone_Worker","ZoneGlobale","All_modes","2727"
"2020-04-04","Kintambo","Lemba","1h","Outside_Resident","Outside_Worker","ZoneGlobale","All_modes","25"
"2020-04-04","Kintambo","Lemba","1h","Outside_Resident","Destination_Zone_Worker","ZoneGlobale","All_modes","22"
"2020-04-04","Kintambo","Lemba","1h","Destination_Zone_Resident","Destination_Zone_Worker","ZoneGlobale","All_modes","81"
"2020-04-04","Kintambo","Lemba","1h","Study_Zone_Resident","Study_Zone_Worker","ZoneGlobale","All_modes","60"
"2020-04-04","Kintambo","Lemba","1h","Origin_Zone_Resident","Destination_Zone_Worker","ZoneGlobale","All_modes","28"
"2020-04-04","Kintambo","Lemba","1h","Origin_Zone_Resident","Origin_Zone_Worker","ZoneGlobale","All_modes","76"
"2020-04-04","Kintambo","Lemba","3h","Outside_Resident","Outside_Worker","ZoneGlobale","All_modes","60"
"2020-04-04","Kintambo","Lemba","3h","Outside_Resident","Destination_Zone_Worker","ZoneGlobale","All_modes","28"
"2020-04-04","Kintambo","Lemba","3h","Outside_Resident","Study_Zone_Worker","ZoneGlobale","All_modes","27"
"2020-04-04","Kintambo","Lemba","3h","Destination_Zone_Resident","Destination_Zone_Worker","ZoneGlobale","All_modes","40"
"2020-04-04","Kintambo","Lemba","3h","Study_Zone_Resident","Study_Zone_Worker","ZoneGlobale","All_modes","35"
"2020-04-04","Kintambo","Lemba","3h","Origin_Zone_Resident","Destination_Zone_Worker","ZoneGlobale","All_modes","28"
"2020-04-04","Kintambo","Lemba","3h","Origin_Zone_Resident","Origin_Zone_Worker","ZoneGlobale","All_modes","80"
"2020-04-04","Kintambo","Limete","1h","Outside_Resident","Outside_Worker","ZoneGlobale","All_modes","34"
"2020-04-04","Kintambo","Limete","1h","Outside_Resident","Study_Zone_Worker","ZoneGlobale","All_modes","27"
"2020-04-04","Kintambo","Limete","1h","Destination_Zone_Resident","Destination_Zone_Worker","ZoneGlobale","All_modes","74"
"2020-04-04","Kintambo","Limete","1h","Study_Zone_Resident","Destination_Zone_Worker","ZoneGlobale","All_modes","35"
"2020-04-04","Kintambo","Limete","1h","Study_Zone_Resident","Study_Zone_Worker","ZoneGlobale","All_modes","101"
"2020-04-04","Kintambo","Limete","1h","Origin_Zone_Resident","Destination_Zone_Worker","ZoneGlobale","All_modes","35"
"2020-04-04","Kintambo","Limete","1h","Origin_Zone_Resident","Study_Zone_Worker","ZoneGlobale","All_modes","29"
"2020-04-04","Kintambo","Limete","1h","Origin_Zone_Resident","Origin_Zone_Worker","ZoneGlobale","All_modes","181"
"2020-04-04","Kintambo","Limete","3h","Outside_Resident","Outside_Worker","ZoneGlobale","All_modes","146"
"2020-04-04","Kintambo","Limete","3h","Destination_Zone_Resident","Destination_Zone_Worker","ZoneGlobale","All_modes","34"
"2020-04-04","Kintambo","Limete","3h","Study_Zone_Resident","Destination_Zone_Worker","ZoneGlobale","All_modes","29"
"2020-04-04","Kintambo","Limete","3h","Study_Zone_Resident","Study_Zone_Worker","ZoneGlobale","All_modes","74"
"2020-04-04","Kintambo","Limete","3h","Origin_Zone_Resident","Destination_Zone_Worker","ZoneGlobale","All_modes","43"
"2020-04-04","Kintambo","Limete","3h","Origin_Zone_Resident","Study_Zone_Worker","ZoneGlobale","All_modes","22"
"2020-04-04","Kintambo","Limete","3h","Origin_Zone_Resident","Origin_Zone_Worker","ZoneGlobale","All_modes","154"
"2020-04-04","Kintambo","Makala","1h","Destination_Zone_Resident","Study_Zone_Worker","ZoneGlobale","All_modes","29"
"2020-04-04","Kintambo","Makala","3h","Outside_Resident","Outside_Worker","ZoneGlobale","All_modes","235"
"2020-04-04","Kintambo","Makala","3h","Origin_Zone_Resident","Origin_Zone_Worker","ZoneGlobale","All_modes","34"
"2020-04-04","Kintambo","Maluku I","1h","Study_Zone_Resident","Study_Zone_Worker","ZoneGlobale","All_modes","21"
"2020-04-04","Kintambo","Maluku I","3h","Origin_Zone_Resident","Destination_Zone_Worker","ZoneGlobale","All_modes","29"
"2020-04-04","Kintambo","Masa","3h","Study_Zone_Resident","Study_Zone_Worker","ZoneGlobale","All_modes","28"
"2020-04-04","Kintambo","Masina II","1h","Outside_Resident","Outside_Worker","ZoneGlobale","All_modes","35"
"2020-04-04","Kintambo","Masina II","1h","Study_Zone_Resident","Study_Zone_Worker","ZoneGlobale","All_modes","300"
"2020-04-04","Kintambo","Masina II","1h","Origin_Zone_Resident","Origin_Zone_Worker","ZoneGlobale","All_modes","35"
"2020-04-04","Kintambo","Masina II","3h","Outside_Resident","Outside_Worker","ZoneGlobale","All_modes","40"
"2020-04-04","Kintambo","Masina II","3h","Destination_Zone_Resident","Destination_Zone_Worker","ZoneGlobale","All_modes","28"
"2020-04-04","Kintambo","Masina II","3h","Origin_Zone_Resident","Study_Zone_Worker","ZoneGlobale","All_modes","21"
"2020-04-04","Kintambo","Masina II","3h","Origin_Zone_Resident","Origin_Zone_Worker","ZoneGlobale","All_modes","28"
"2020-04-04","Kintambo","Matete","1h","Study_Zone_Resident","Study_Zone_Worker","ZoneGlobale","All_modes","40"
"2020-04-04","Kintambo","Matete","1h","Origin_Zone_Resident","Origin_Zone_Worker","ZoneGlobale","All_modes","53"
"2020-04-04","Kintambo","Matete","3h","Origin_Zone_Resident","Origin_Zone_Worker","ZoneGlobale","All_modes","67"
"2020-04-04","Kintambo","Mont Ngafula I","1h","Destination_Zone_Resident","Study_Zone_Worker","ZoneGlobale","All_modes","21"
"2020-04-04","Kintambo","Mont Ngafula I","1h","Study_Zone_Resident","Study_Zone_Worker","ZoneGlobale","All_modes","42"
"2020-04-04","Kintambo","Mont Ngafula I","1h","Origin_Zone_Resident","Study_Zone_Worker","ZoneGlobale","All_modes","21"
"2020-04-04","Kintambo","Mont Ngafula I","1h","Origin_Zone_Resident","Origin_Zone_Worker","ZoneGlobale","All_modes","62"
"2020-04-04","Kintambo","Mont Ngafula I","3h","Outside_Resident","Outside_Worker","ZoneGlobale","All_modes","42"
"2020-04-04","Kintambo","Mont Ngafula I","3h","Destination_Zone_Resident","Destination_Zone_Worker","ZoneGlobale","All_modes","36"
"2020-04-04","Kintambo","Mont Ngafula I","3h","Study_Zone_Resident","Study_Zone_Worker","ZoneGlobale","All_modes","42"
"2020-04-04","Kintambo","Mont Ngafula I","3h","Origin_Zone_Resident","Origin_Zone_Worker","ZoneGlobale","All_modes","95"
"2020-04-04","Kintambo","Mont Ngafula II","1h","Outside_Resident","Outside_Worker","ZoneGlobale","All_modes","79"
"2020-04-04","Kintambo","Mont Ngafula II","1h","Outside_Resident","Destination_Zone_Worker","ZoneGlobale","All_modes","47"
"2020-04-04","Kintambo","Mont Ngafula II","1h","Outside_Resident","Study_Zone_Worker","ZoneGlobale","All_modes","27"
"2020-04-04","Kintambo","Mont Ngafula II","1h","Destination_Zone_Resident","Outside_Worker","ZoneGlobale","All_modes","21"
"2020-04-04","Kintambo","Mont Ngafula II","1h","Destination_Zone_Resident","Destination_Zone_Worker","ZoneGlobale","All_modes","143"
"2020-04-04","Kintambo","Mont Ngafula II","1h","Study_Zone_Resident","Study_Zone_Worker","ZoneGlobale","All_modes","111"
"2020-04-04","Kintambo","Mont Ngafula II","1h","Origin_Zone_Resident","Study_Zone_Worker","ZoneGlobale","All_modes","28"
"2020-04-04","Kintambo","Mont Ngafula II","1h","Origin_Zone_Resident","Origin_Zone_Worker","ZoneGlobale","All_modes","111"
"2020-04-04","Kintambo","Mont Ngafula II","3h","Outside_Resident","Outside_Worker","ZoneGlobale","All_modes","73"
"2020-04-04","Kintambo","Mont Ngafula II","3h","Destination_Zone_Resident","Outside_Worker","ZoneGlobale","All_modes","27"
"2020-04-04","Kintambo","Mont Ngafula II","3h","Destination_Zone_Resident","Destination_Zone_Worker","ZoneGlobale","All_modes","144"
"2020-04-04","Kintambo","Mont Ngafula II","3h","Destination_Zone_Resident","Study_Zone_Worker","ZoneGlobale","All_modes","42"
"2020-04-04","Kintambo","Mont Ngafula II","3h","Study_Zone_Resident","Study_Zone_Worker","ZoneGlobale","All_modes","42"
"2020-04-04","Kintambo","Mont Ngafula II","3h","Study_Zone_Resident","Origin_Zone_Worker","ZoneGlobale","All_modes","28"
"2020-04-04","Kintambo","Mont Ngafula II","3h","Origin_Zone_Resident","Origin_Zone_Worker","ZoneGlobale","All_modes","151"
"2020-04-04","Kintambo","Ndjili","1h","Destination_Zone_Resident","Destination_Zone_Worker","ZoneGlobale","All_modes","35"
"2020-04-04","Kintambo","Ndjili","1h","Study_Zone_Resident","Study_Zone_Worker","ZoneGlobale","All_modes","21"
"2020-04-04","Kintambo","Ndjili","1h","Origin_Zone_Resident","Origin_Zone_Worker","ZoneGlobale","All_modes","35"
"2020-04-04","Kintambo","Ndjili","3h","Outside_Resident","Outside_Worker","ZoneGlobale","All_modes","28"
"2020-04-04","Kintambo","Ndjili","3h","Origin_Zone_Resident","Origin_Zone_Worker","ZoneGlobale","All_modes","48"
"2020-04-04","Kintambo","Ngiri-Ngiri","1h","Outside_Resident","Outside_Worker","ZoneGlobale","All_modes","125"
"2020-04-04","Kintambo","Ngiri-Ngiri","1h","Outside_Resident","Destination_Zone_Worker","ZoneGlobale","All_modes","29"
"2020-04-04","Kintambo","Ngiri-Ngiri","1h","Outside_Resident","Study_Zone_Worker","ZoneGlobale","All_modes","32"
"2020-04-04","Kintambo","Ngiri-Ngiri","1h","Destination_Zone_Resident","Outside_Worker","ZoneGlobale","All_modes","26"
"2020-04-04","Kintambo","Ngiri-Ngiri","1h","Destination_Zone_Resident","Destination_Zone_Worker","ZoneGlobale","All_modes","124"
"2020-04-04","Kintambo","Ngiri-Ngiri","1h","Destination_Zone_Resident","Study_Zone_Worker","ZoneGlobale","All_modes","21"
"2020-04-04","Kintambo","Ngiri-Ngiri","1h","Destination_Zone_Resident","Origin_Zone_Worker","ZoneGlobale","All_modes","40"
"2020-04-04","Kintambo","Ngiri-Ngiri","1h","Study_Zone_Resident","Destination_Zone_Worker","ZoneGlobale","All_modes","63"
"2020-04-04","Kintambo","Ngiri-Ngiri","1h","Study_Zone_Resident","Study_Zone_Worker","ZoneGlobale","All_modes","383"
"2020-04-04","Kintambo","Ngiri-Ngiri","1h","Study_Zone_Resident","Origin_Zone_Worker","ZoneGlobale","All_modes","55"
"2020-04-04","Kintambo","Ngiri-Ngiri","1h","Origin_Zone_Resident","Outside_Worker","ZoneGlobale","All_modes","35"
"2020-04-04","Kintambo","Ngiri-Ngiri","1h","Origin_Zone_Resident","Destination_Zone_Worker","ZoneGlobale","All_modes","43"
"2020-04-04","Kintambo","Ngiri-Ngiri","1h","Origin_Zone_Resident","Study_Zone_Worker","ZoneGlobale","All_modes","42"
"2020-04-04","Kintambo","Ngiri-Ngiri","1h","Origin_Zone_Resident","Origin_Zone_Worker","ZoneGlobale","All_modes","243"
"2020-04-04","Kintambo","Ngiri-Ngiri","3h","Outside_Resident","Outside_Worker","ZoneGlobale","All_modes","130"
"2020-04-04","Kintambo","Ngiri-Ngiri","3h","Outside_Resident","Study_Zone_Worker","ZoneGlobale","All_modes","30"
"2020-04-04","Kintambo","Ngiri-Ngiri","3h","Destination_Zone_Resident","Destination_Zone_Worker","ZoneGlobale","All_modes","98"
"2020-04-04","Kintambo","Ngiri-Ngiri","3h","Destination_Zone_Resident","Origin_Zone_Worker","ZoneGlobale","All_modes","28"
"2020-04-04","Kintambo","Ngiri-Ngiri","3h","Study_Zone_Resident","Outside_Worker","ZoneGlobale","All_modes","26"
"2020-04-04","Kintambo","Ngiri-Ngiri","3h","Study_Zone_Resident","Destination_Zone_Worker","ZoneGlobale","All_modes","35"
"2020-04-04","Kintambo","Ngiri-Ngiri","3h","Study_Zone_Resident","Study_Zone_Worker","ZoneGlobale","All_modes","163"
"2020-04-04","Kintambo","Ngiri-Ngiri","3h","Study_Zone_Resident","Origin_Zone_Worker","ZoneGlobale","All_modes","34"
"2020-04-04","Kintambo","Ngiri-Ngiri","3h","Origin_Zone_Resident","Outside_Worker","ZoneGlobale","All_modes","28"
"2020-04-04","Kintambo","Ngiri-Ngiri","3h","Origin_Zone_Resident","Destination_Zone_Worker","ZoneGlobale","All_modes","72"
"2020-04-04","Kintambo","Ngiri-Ngiri","3h","Origin_Zone_Resident","Study_Zone_Worker","ZoneGlobale","All_modes","55"
"2020-04-04","Kintambo","Ngiri-Ngiri","3h","Origin_Zone_Resident","Origin_Zone_Worker","ZoneGlobale","All_modes","273"
"2020-04-04","Kintambo","Nsele","1h","Outside_Resident","Outside_Worker","ZoneGlobale","All_modes","58"
"2020-04-04","Kintambo","Nsele","1h","Outside_Resident","Study_Zone_Worker","ZoneGlobale","All_modes","28"
"2020-04-04","Kintambo","Nsele","1h","Destination_Zone_Resident","Destination_Zone_Worker","ZoneGlobale","All_modes","21"
"2020-04-04","Kintambo","Nsele","1h","Destination_Zone_Resident","Study_Zone_Worker","ZoneGlobale","All_modes","28"
"2020-04-04","Kintambo","Nsele","1h","Study_Zone_Resident","Destination_Zone_Worker","ZoneGlobale","All_modes","28"
"2020-04-04","Kintambo","Nsele","1h","Study_Zone_Resident","Study_Zone_Worker","ZoneGlobale","All_modes","180"
"2020-04-04","Kintambo","Nsele","1h","Origin_Zone_Resident","Destination_Zone_Worker","ZoneGlobale","All_modes","43"
"2020-04-04","Kintambo","Nsele","1h","Origin_Zone_Resident","Study_Zone_Worker","ZoneGlobale","All_modes","63"
"2020-04-04","Kintambo","Nsele","1h","Origin_Zone_Resident","Origin_Zone_Worker","ZoneGlobale","All_modes","180"
"2020-04-04","Kintambo","Nsele","3h","Outside_Resident","Outside_Worker","ZoneGlobale","All_modes","117"
"2020-04-04","Kintambo","Nsele","3h","Destination_Zone_Resident","Destination_Zone_Worker","ZoneGlobale","All_modes","28"
"2020-04-04","Kintambo","Nsele","3h","Destination_Zone_Resident","Study_Zone_Worker","ZoneGlobale","All_modes","38"
"2020-04-04","Kintambo","Nsele","3h","Destination_Zone_Resident","Origin_Zone_Worker","ZoneGlobale","All_modes","35"
"2020-04-04","Kintambo","Nsele","3h","Study_Zone_Resident","Study_Zone_Worker","ZoneGlobale","All_modes","136"
"2020-04-04","Kintambo","Nsele","3h","Study_Zone_Resident","Origin_Zone_Worker","ZoneGlobale","All_modes","21"
"2020-04-04","Kintambo","Nsele","3h","Origin_Zone_Resident","Outside_Worker","ZoneGlobale","All_modes","44"
"2020-04-04","Kintambo","Nsele","3h","Origin_Zone_Resident","Destination_Zone_Worker","ZoneGlobale","All_modes","43"
"2020-04-04","Kintambo","Nsele","3h","Origin_Zone_Resident","Study_Zone_Worker","ZoneGlobale","All_modes","42"
"2020-04-04","Kintambo","Nsele","3h","Origin_Zone_Resident","Origin_Zone_Worker","ZoneGlobale","All_modes","274"
"2020-04-04","Kintambo","Police","1h","Outside_Resident","Outside_Worker","ZoneGlobale","All_modes","36"
"2020-04-04","Kintambo","Police","1h","Destination_Zone_Resident","Destination_Zone_Worker","ZoneGlobale","All_modes","69"
"2020-04-04","Kintambo","Police","1h","Study_Zone_Resident","Destination_Zone_Worker","ZoneGlobale","All_modes","35"
"2020-04-04","Kintambo","Police","1h","Study_Zone_Resident","Study_Zone_Worker","ZoneGlobale","All_modes","102"
"2020-04-04","Kintambo","Police","1h","Origin_Zone_Resident","Destination_Zone_Worker","ZoneGlobale","All_modes","21"
"2020-04-04","Kintambo","Police","1h","Origin_Zone_Resident","Study_Zone_Worker","ZoneGlobale","All_modes","33"
"2020-04-04","Kintambo","Police","1h","Origin_Zone_Resident","Origin_Zone_Worker","ZoneGlobale","All_modes","168"
"2020-04-04","Kintambo","Police","3h","Destination_Zone_Resident","Destination_Zone_Worker","ZoneGlobale","All_modes","28"
"2020-04-04","Kintambo","Police","3h","Study_Zone_Resident","Study_Zone_Worker","ZoneGlobale","All_modes","67"
"2020-04-04","Kintambo","Police","3h","Study_Zone_Resident","Origin_Zone_Worker","ZoneGlobale","All_modes","26"
"2020-04-04","Kintambo","Police","3h","Origin_Zone_Resident","Destination_Zone_Worker","ZoneGlobale","All_modes","50"
"2020-04-04","Kintambo","Police","3h","Origin_Zone_Resident","Study_Zone_Worker","ZoneGlobale","All_modes","34"
"2020-04-04","Kintambo","Police","3h","Origin_Zone_Resident","Origin_Zone_Worker","ZoneGlobale","All_modes","190"
"2020-04-04","Kintambo","Selembao","1h","Outside_Resident","Outside_Worker","ZoneGlobale","All_modes","109"
"2020-04-04","Kintambo","Selembao","1h","Outside_Resident","Study_Zone_Worker","ZoneGlobale","All_modes","35"
"2020-04-04","Kintambo","Selembao","1h","Destination_Zone_Resident","Destination_Zone_Worker","ZoneGlobale","All_modes","117"
"2020-04-04","Kintambo","Selembao","1h","Destination_Zone_Resident","Study_Zone_Worker","ZoneGlobale","All_modes","47"
"2020-04-04","Kintambo","Selembao","1h","Study_Zone_Resident","Study_Zone_Worker","ZoneGlobale","All_modes","98"
"2020-04-04","Kintambo","Selembao","1h","Origin_Zone_Resident","Origin_Zone_Worker","ZoneGlobale","All_modes","49"
"2020-04-04","Kintambo","Selembao","3h","Outside_Resident","Outside_Worker","ZoneGlobale","All_modes","155"
"2020-04-04","Kintambo","Selembao","3h","Outside_Resident","Destination_Zone_Worker","ZoneGlobale","All_modes","27"
"2020-04-04","Kintambo","Selembao","3h","Outside_Resident","Study_Zone_Worker","ZoneGlobale","All_modes","47"
"2020-04-04","Kintambo","Selembao","3h","Destination_Zone_Resident","Destination_Zone_Worker","ZoneGlobale","All_modes","82"
"2020-04-04","Kintambo","Selembao","3h","Destination_Zone_Resident","Study_Zone_Worker","ZoneGlobale","All_modes","21"
"2020-04-04","Kintambo","Selembao","3h","Destination_Zone_Resident","Origin_Zone_Worker","ZoneGlobale","All_modes","30"
"2020-04-04","Kintambo","Selembao","3h","Study_Zone_Resident","Study_Zone_Worker","ZoneGlobale","All_modes","62"
"2020-04-04","Kintambo","Selembao","3h","Origin_Zone_Resident","Origin_Zone_Worker","ZoneGlobale","All_modes","67"
"2020-04-04","Kipushi","Bunkeya","3h","Outside_Resident","Destination_Zone_Worker","ZoneGlobale","All_modes","21"
"2020-04-04","Kipushi","Bunkeya","3h","Study_Zone_Resident","Study_Zone_Worker","ZoneGlobale","All_modes","32"
"2020-04-04","Kipushi","Bunkeya","3h","Origin_Zone_Resident","Origin_Zone_Worker","ZoneGlobale","All_modes","29"
"2020-04-04","Kipushi","Dilala","3h","Origin_Zone_Resident","Origin_Zone_Worker","ZoneGlobale","All_modes","36"
"2020-04-04","Kipushi","Fungurume","1h","Outside_Resident","Outside_Worker","ZoneGlobale","All_modes","134"
"2020-04-04","Kipushi","Fungurume","1h","Destination_Zone_Resident","Destination_Zone_Worker","ZoneGlobale","All_modes","45"
"2020-04-04","Kipushi","Fungurume","1h","Study_Zone_Resident","Study_Zone_Worker","ZoneGlobale","All_modes","167"
"2020-04-04","Kipushi","Fungurume","3h","Outside_Resident","Outside_Worker","ZoneGlobale","All_modes","176"
"2020-04-04","Kipushi","Fungurume","3h","Destination_Zone_Resident","Destination_Zone_Worker","ZoneGlobale","All_modes","149"
"2020-04-04","Kipushi","Fungurume","3h","Study_Zone_Resident","Study_Zone_Worker","ZoneGlobale","All_modes","221"
"2020-04-04","Kipushi","Fungurume","3h","Origin_Zone_Resident","Origin_Zone_Worker","ZoneGlobale","All_modes","31"
"2020-04-04","Kipushi","Kampemba","1h","Outside_Resident","Outside_Worker","ZoneGlobale","All_modes","202"
"2020-04-04","Kipushi","Kampemba","1h","Outside_Resident","Destination_Zone_Worker","ZoneGlobale","All_modes","88"
"2020-04-04","Kipushi","Kampemba","1h","Outside_Resident","Study_Zone_Worker","ZoneGlobale","All_modes","111"
"2020-04-04","Kipushi","Kampemba","1h","Outside_Resident","Origin_Zone_Worker","ZoneGlobale","All_modes","179"
"2020-04-04","Kipushi","Kampemba","1h","Destination_Zone_Resident","Outside_Worker","ZoneGlobale","All_modes","21"
"2020-04-04","Kipushi","Kampemba","1h","Destination_Zone_Resident","Destination_Zone_Worker","ZoneGlobale","All_modes","400"
"2020-04-04","Kipushi","Kampemba","1h","Destination_Zone_Resident","Study_Zone_Worker","ZoneGlobale","All_modes","72"
"2020-04-04","Kipushi","Kampemba","1h","Destination_Zone_Resident","Origin_Zone_Worker","ZoneGlobale","All_modes","79"
"2020-04-04","Kipushi","Kampemba","1h","Study_Zone_Resident","Destination_Zone_Worker","ZoneGlobale","All_modes","39"
"2020-04-04","Kipushi","Kampemba","1h","Study_Zone_Resident","Study_Zone_Worker","ZoneGlobale","All_modes","1059"
"2020-04-04","Kipushi","Kampemba","1h","Study_Zone_Resident","Origin_Zone_Worker","ZoneGlobale","All_modes","64"
"2020-04-04","Kipushi","Kampemba","1h","Origin_Zone_Resident","Destination_Zone_Worker","ZoneGlobale","All_modes","51"
"2020-04-04","Kipushi","Kampemba","1h","Origin_Zone_Resident","Study_Zone_Worker","ZoneGlobale","All_modes","106"
"2020-04-04","Kipushi","Kampemba","1h","Origin_Zone_Resident","Origin_Zone_Worker","ZoneGlobale","All_modes","280"
"2020-04-04","Kipushi","Kampemba","3h","Outside_Resident","Outside_Worker","ZoneGlobale","All_modes","301"
"2020-04-04","Kipushi","Kampemba","3h","Outside_Resident","Destination_Zone_Worker","ZoneGlobale","All_modes","203"
"2020-04-04","Kipushi","Kampemba","3h","Outside_Resident","Study_Zone_Worker","ZoneGlobale","All_modes","162"
"2020-04-04","Kipushi","Kampemba","3h","Outside_Resident","Origin_Zone_Worker","ZoneGlobale","All_modes","110"
"2020-04-04","Kipushi","Kampemba","3h","Destination_Zone_Resident","Destination_Zone_Worker","ZoneGlobale","All_modes","344"
"2020-04-04","Kipushi","Kampemba","3h","Destination_Zone_Resident","Origin_Zone_Worker","ZoneGlobale","All_modes","85"
"2020-04-04","Kipushi","Kampemba","3h","Study_Zone_Resident","Outside_Worker","ZoneGlobale","All_modes","29"
"2020-04-04","Kipushi","Kampemba","3h","Study_Zone_Resident","Destination_Zone_Worker","ZoneGlobale","All_modes","33"
"2020-04-04","Kipushi","Kampemba","3h","Study_Zone_Resident","Study_Zone_Worker","ZoneGlobale","All_modes","493"
"2020-04-04","Kipushi","Kampemba","3h","Study_Zone_Resident","Origin_Zone_Worker","ZoneGlobale","All_modes","21"
"2020-04-04","Kipushi","Kampemba","3h","Origin_Zone_Resident","Outside_Worker","ZoneGlobale","All_modes","40"
"2020-04-04","Kipushi","Kampemba","3h","Origin_Zone_Resident","Destination_Zone_Worker","ZoneGlobale","All_modes","113"
"2020-04-04","Kipushi","Kampemba","3h","Origin_Zone_Resident","Study_Zone_Worker","ZoneGlobale","All_modes","47"
"2020-04-04","Kipushi","Kampemba","3h","Origin_Zone_Resident","Origin_Zone_Worker","ZoneGlobale","All_modes","435"
"2020-04-04","Kipushi","Kapolowe","1h","Outside_Resident","Outside_Worker","ZoneGlobale","All_modes","595"
"2020-04-04","Kipushi","Kapolowe","1h","Outside_Resident","Destination_Zone_Worker","ZoneGlobale","All_modes","171"
"2020-04-04","Kipushi","Kapolowe","1h","Outside_Resident","Study_Zone_Worker","ZoneGlobale","All_modes","237"
"2020-04-04","Kipushi","Kapolowe","1h","Outside_Resident","Origin_Zone_Worker","ZoneGlobale","All_modes","93"
"2020-04-04","Kipushi","Kapolowe","1h","Destination_Zone_Resident","Destination_Zone_Worker","ZoneGlobale","All_modes","341"
"2020-04-04","Kipushi","Kapolowe","1h","Destination_Zone_Resident","Study_Zone_Worker","ZoneGlobale","All_modes","93"
"2020-04-04","Kipushi","Kapolowe","1h","Study_Zone_Resident","Outside_Worker","ZoneGlobale","All_modes","43"
"2020-04-04","Kipushi","Kapolowe","1h","Study_Zone_Resident","Destination_Zone_Worker","ZoneGlobale","All_modes","36"
"2020-04-04","Kipushi","Kapolowe","1h","Study_Zone_Resident","Study_Zone_Worker","ZoneGlobale","All_modes","1105"
"2020-04-04","Kipushi","Kapolowe","1h","Origin_Zone_Resident","Destination_Zone_Worker","ZoneGlobale","All_modes","47"
"2020-04-04","Kipushi","Kapolowe","1h","Origin_Zone_Resident","Study_Zone_Worker","ZoneGlobale","All_modes","116"
"2020-04-04","Kipushi","Kapolowe","1h","Origin_Zone_Resident","Origin_Zone_Worker","ZoneGlobale","All_modes","900"
"2020-04-04","Kipushi","Kapolowe","3h","Outside_Resident","Outside_Worker","ZoneGlobale","All_modes","339"
"2020-04-04","Kipushi","Kapolowe","3h","Outside_Resident","Destination_Zone_Worker","ZoneGlobale","All_modes","314"
"2020-04-04","Kipushi","Kapolowe","3h","Outside_Resident","Study_Zone_Worker","ZoneGlobale","All_modes","133"
"2020-04-04","Kipushi","Kapolowe","3h","Outside_Resident","Origin_Zone_Worker","ZoneGlobale","All_modes","179"
"2020-04-04","Kipushi","Kapolowe","3h","Destination_Zone_Resident","Outside_Worker","ZoneGlobale","All_modes","41"
"2020-04-04","Kipushi","Kapolowe","3h","Destination_Zone_Resident","Destination_Zone_Worker","ZoneGlobale","All_modes","453"
"2020-04-04","Kipushi","Kapolowe","3h","Destination_Zone_Resident","Study_Zone_Worker","ZoneGlobale","All_modes","47"
"2020-04-04","Kipushi","Kapolowe","3h","Study_Zone_Resident","Study_Zone_Worker","ZoneGlobale","All_modes","394"
"2020-04-04","Kipushi","Kapolowe","3h","Origin_Zone_Resident","Outside_Worker","ZoneGlobale","All_modes","37"
"2020-04-04","Kipushi","Kapolowe","3h","Origin_Zone_Resident","Destination_Zone_Worker","ZoneGlobale","All_modes","87"
"2020-04-04","Kipushi","Kapolowe","3h","Origin_Zone_Resident","Origin_Zone_Worker","ZoneGlobale","All_modes","749"
"2020-04-04","Kipushi","Kikula","1h","Study_Zone_Resident","Study_Zone_Worker","ZoneGlobale","All_modes","65"
"2020-04-04","Kipushi","Kikula","3h","Study_Zone_Resident","Study_Zone_Worker","ZoneGlobale","All_modes","29"
"2020-04-04","Kipushi","Kikula","3h","Origin_Zone_Resident","Study_Zone_Worker","ZoneGlobale","All_modes","46"
"2020-04-04","Kipushi","Likasi","1h","Outside_Resident","Outside_Worker","ZoneGlobale","All_modes","315"
"2020-04-04","Kipushi","Likasi","1h","Outside_Resident","Destination_Zone_Worker","ZoneGlobale","All_modes","179"
"2020-04-04","Kipushi","Likasi","1h","Outside_Resident","Study_Zone_Worker","ZoneGlobale","All_modes","236"
"2020-04-04","Kipushi","Likasi","1h","Destination_Zone_Resident","Destination_Zone_Worker","ZoneGlobale","All_modes","501"
"2020-04-04","Kipushi","Likasi","1h","Destination_Zone_Resident","Study_Zone_Worker","ZoneGlobale","All_modes","21"
"2020-04-04","Kipushi","Likasi","1h","Study_Zone_Resident","Destination_Zone_Worker","ZoneGlobale","All_modes","41"
"2020-04-04","Kipushi","Likasi","1h","Study_Zone_Resident","Study_Zone_Worker","ZoneGlobale","All_modes","1133"
"2020-04-04","Kipushi","Likasi","1h","Origin_Zone_Resident","Study_Zone_Worker","ZoneGlobale","All_modes","105"
"2020-04-04","Kipushi","Likasi","1h","Origin_Zone_Resident","Origin_Zone_Worker","ZoneGlobale","All_modes","220"
"2020-04-04","Kipushi","Likasi","3h","Outside_Resident","Outside_Worker","ZoneGlobale","All_modes","123"
"2020-04-04","Kipushi","Likasi","3h","Outside_Resident","Destination_Zone_Worker","ZoneGlobale","All_modes","95"
"2020-04-04","Kipushi","Likasi","3h","Outside_Resident","Study_Zone_Worker","ZoneGlobale","All_modes","68"
"2020-04-04","Kipushi","Likasi","3h","Outside_Resident","Origin_Zone_Worker","ZoneGlobale","All_modes","76"
"2020-04-04","Kipushi","Likasi","3h","Destination_Zone_Resident","Destination_Zone_Worker","ZoneGlobale","All_modes","269"
"2020-04-04","Kipushi","Likasi","3h","Study_Zone_Resident","Destination_Zone_Worker","ZoneGlobale","All_modes","21"
"2020-04-04","Kipushi","Likasi","3h","Study_Zone_Resident","Study_Zone_Worker","ZoneGlobale","All_modes","434"
"2020-04-04","Kipushi","Likasi","3h","Origin_Zone_Resident","Study_Zone_Worker","ZoneGlobale","All_modes","115"
"2020-04-04","Kipushi","Likasi","3h","Origin_Zone_Resident","Origin_Zone_Worker","ZoneGlobale","All_modes","370"
"2020-04-04","Kipushi","Lualaba","1h","Outside_Resident","Outside_Worker","ZoneGlobale","All_modes","42"
"2020-04-04","Kipushi","Lualaba","1h","Outside_Resident","Study_Zone_Worker","ZoneGlobale","All_modes","52"
"2020-04-04","Kipushi","Lualaba","1h","Destination_Zone_Resident","Destination_Zone_Worker","ZoneGlobale","All_modes","61"
"2020-04-04","Kipushi","Lualaba","1h","Destination_Zone_Resident","Study_Zone_Worker","ZoneGlobale","All_modes","58"
"2020-04-04","Kipushi","Lualaba","1h","Study_Zone_Resident","Study_Zone_Worker","ZoneGlobale","All_modes","135"
"2020-04-04","Kipushi","Lualaba","3h","Outside_Resident","Outside_Worker","ZoneGlobale","All_modes","97"
"2020-04-04","Kipushi","Lualaba","3h","Outside_Resident","Study_Zone_Worker","ZoneGlobale","All_modes","112"
"2020-04-04","Kipushi","Lualaba","3h","Destination_Zone_Resident","Destination_Zone_Worker","ZoneGlobale","All_modes","141"
"2020-04-04","Kipushi","Lualaba","3h","Destination_Zone_Resident","Study_Zone_Worker","ZoneGlobale","All_modes","58"
"2020-04-04","Kipushi","Lualaba","3h","Study_Zone_Resident","Destination_Zone_Worker","ZoneGlobale","All_modes","24"
"2020-04-04","Kipushi","Lualaba","3h","Study_Zone_Resident","Study_Zone_Worker","ZoneGlobale","All_modes","165"
"2020-04-04","Kipushi","Lualaba","3h","Origin_Zone_Resident","Study_Zone_Worker","ZoneGlobale","All_modes","111"
"2020-04-04","Kipushi","Lualaba","3h","Origin_Zone_Resident","Origin_Zone_Worker","ZoneGlobale","All_modes","50"
"2020-04-04","Kipushi","Lubudi","3h","Outside_Resident","Outside_Worker","ZoneGlobale","All_modes","90"
"2020-04-04","Kipushi","Lubudi","3h","Study_Zone_Resident","Study_Zone_Worker","ZoneGlobale","All_modes","21"
"2020-04-04","Kipushi","Lubumbashi","1h","Outside_Resident","Outside_Worker","ZoneGlobale","All_modes","11327"
"2020-04-04","Kipushi","Lubumbashi","1h","Outside_Resident","Destination_Zone_Worker","ZoneGlobale","All_modes","14656"
"2020-04-04","Kipushi","Lubumbashi","1h","Outside_Resident","Study_Zone_Worker","ZoneGlobale","All_modes","1762"
"2020-04-04","Kipushi","Lubumbashi","1h","Outside_Resident","Origin_Zone_Worker","ZoneGlobale","All_modes","7196"
"2020-04-04","Kipushi","Lubumbashi","1h","Destination_Zone_Resident","Outside_Worker","ZoneGlobale","All_modes","820"
"2020-04-04","Kipushi","Lubumbashi","1h","Destination_Zone_Resident","Destination_Zone_Worker","ZoneGlobale","All_modes","82065"
"2020-04-04","Kipushi","Lubumbashi","1h","Destination_Zone_Resident","Study_Zone_Worker","ZoneGlobale","All_modes","1004"
"2020-04-04","Kipushi","Lubumbashi","1h","Destination_Zone_Resident","Origin_Zone_Worker","ZoneGlobale","All_modes","8077"
"2020-04-04","Kipushi","Lubumbashi","1h","Study_Zone_Resident","Outside_Worker","ZoneGlobale","All_modes","71"
"2020-04-04","Kipushi","Lubumbashi","1h","Study_Zone_Resident","Destination_Zone_Worker","ZoneGlobale","All_modes","1784"
"2020-04-04","Kipushi","Lubumbashi","1h","Study_Zone_Resident","Study_Zone_Worker","ZoneGlobale","All_modes","7166"
"2020-04-04","Kipushi","Lubumbashi","1h","Study_Zone_Resident","Origin_Zone_Worker","ZoneGlobale","All_modes","391"
"2020-04-04","Kipushi","Lubumbashi","1h","Origin_Zone_Resident","Outside_Worker","ZoneGlobale","All_modes","952"
"2020-04-04","Kipushi","Lubumbashi","1h","Origin_Zone_Resident","Destination_Zone_Worker","ZoneGlobale","All_modes","28510"
"2020-04-04","Kipushi","Lubumbashi","1h","Origin_Zone_Resident","Study_Zone_Worker","ZoneGlobale","All_modes","913"
"2020-04-04","Kipushi","Lubumbashi","1h","Origin_Zone_Resident","Origin_Zone_Worker","ZoneGlobale","All_modes","34833"
"2020-04-04","Kipushi","Lubumbashi","3h","Outside_Resident","Outside_Worker","ZoneGlobale","All_modes","12877"
"2020-04-04","Kipushi","Lubumbashi","3h","Outside_Resident","Destination_Zone_Worker","ZoneGlobale","All_modes","17261"
"2020-04-04","Kipushi","Lubumbashi","3h","Outside_Resident","Study_Zone_Worker","ZoneGlobale","All_modes","1489"
"2020-04-04","Kipushi","Lubumbashi","3h","Outside_Resident","Origin_Zone_Worker","ZoneGlobale","All_modes","11099"
"2020-04-04","Kipushi","Lubumbashi","3h","Destination_Zone_Resident","Outside_Worker","ZoneGlobale","All_modes","1268"
"2020-04-04","Kipushi","Lubumbashi","3h","Destination_Zone_Resident","Destination_Zone_Worker","ZoneGlobale","All_modes","61858"
"2020-04-04","Kipushi","Lubumbashi","3h","Destination_Zone_Resident","Study_Zone_Worker","ZoneGlobale","All_modes","546"
"2020-04-04","Kipushi","Lubumbashi","3h","Destination_Zone_Resident","Origin_Zone_Worker","ZoneGlobale","All_modes","9523"
"2020-04-04","Kipushi","Lubumbashi","3h","Study_Zone_Resident","Destination_Zone_Worker","ZoneGlobale","All_modes","1075"
"2020-04-04","Kipushi","Lubumbashi","3h","Study_Zone_Resident","Study_Zone_Worker","ZoneGlobale","All_modes","3174"
"2020-04-04","Kipushi","Lubumbashi","3h","Study_Zone_Resident","Origin_Zone_Worker","ZoneGlobale","All_modes","340"
"2020-04-04","Kipushi","Lubumbashi","3h","Origin_Zone_Resident","Outside_Worker","ZoneGlobale","All_modes","1378"
"2020-04-04","Kipushi","Lubumbashi","3h","Origin_Zone_Resident","Destination_Zone_Worker","ZoneGlobale","All_modes","29972"
"2020-04-04","Kipushi","Lubumbashi","3h","Origin_Zone_Resident","Study_Zone_Worker","ZoneGlobale","All_modes","739"
"2020-04-04","Kipushi","Lubumbashi","3h","Origin_Zone_Resident","Origin_Zone_Worker","ZoneGlobale","All_modes","37696"
"2020-04-04","Kipushi","Manika","1h","Outside_Resident","Outside_Worker","ZoneGlobale","All_modes","321"
"2020-04-04","Kipushi","Manika","1h","Outside_Resident","Destination_Zone_Worker","ZoneGlobale","All_modes","196"
"2020-04-04","Kipushi","Manika","1h","Outside_Resident","Study_Zone_Worker","ZoneGlobale","All_modes","88"
"2020-04-04","Kipushi","Manika","1h","Outside_Resident","Origin_Zone_Worker","ZoneGlobale","All_modes","608"
"2020-04-04","Kipushi","Manika","1h","Destination_Zone_Resident","Destination_Zone_Worker","ZoneGlobale","All_modes","1647"
"2020-04-04","Kipushi","Manika","1h","Destination_Zone_Resident","Study_Zone_Worker","ZoneGlobale","All_modes","152"
"2020-04-04","Kipushi","Manika","1h","Destination_Zone_Resident","Origin_Zone_Worker","ZoneGlobale","All_modes","538"
"2020-04-04","Kipushi","Manika","1h","Study_Zone_Resident","Study_Zone_Worker","ZoneGlobale","All_modes","523"
"2020-04-04","Kipushi","Manika","1h","Origin_Zone_Resident","Outside_Worker","ZoneGlobale","All_modes","43"
"2020-04-04","Kipushi","Manika","1h","Origin_Zone_Resident","Destination_Zone_Worker","ZoneGlobale","All_modes","260"
"2020-04-04","Kipushi","Manika","1h","Origin_Zone_Resident","Study_Zone_Worker","ZoneGlobale","All_modes","133"
"2020-04-04","Kipushi","Manika","1h","Origin_Zone_Resident","Origin_Zone_Worker","ZoneGlobale","All_modes","2069"
"2020-04-04","Kipushi","Manika","3h","Outside_Resident","Outside_Worker","ZoneGlobale","All_modes","577"
"2020-04-04","Kipushi","Manika","3h","Outside_Resident","Destination_Zone_Worker","ZoneGlobale","All_modes","123"
"2020-04-04","Kipushi","Manika","3h","Outside_Resident","Study_Zone_Worker","ZoneGlobale","All_modes","214"
"2020-04-04","Kipushi","Manika","3h","Outside_Resident","Origin_Zone_Worker","ZoneGlobale","All_modes","1133"
"2020-04-04","Kipushi","Manika","3h","Destination_Zone_Resident","Destination_Zone_Worker","ZoneGlobale","All_modes","1068"
"2020-04-04","Kipushi","Manika","3h","Destination_Zone_Resident","Study_Zone_Worker","ZoneGlobale","All_modes","29"
"2020-04-04","Kipushi","Manika","3h","Destination_Zone_Resident","Origin_Zone_Worker","ZoneGlobale","All_modes","553"
"2020-04-04","Kipushi","Manika","3h","Study_Zone_Resident","Study_Zone_Worker","ZoneGlobale","All_modes","269"
"2020-04-04","Kipushi","Manika","3h","Study_Zone_Resident","Origin_Zone_Worker","ZoneGlobale","All_modes","23"
"2020-04-04","Kipushi","Manika","3h","Origin_Zone_Resident","Outside_Worker","ZoneGlobale","All_modes","104"
"2020-04-04","Kipushi","Manika","3h","Origin_Zone_Resident","Destination_Zone_Worker","ZoneGlobale","All_modes","194"
"2020-04-04","Kipushi","Manika","3h","Origin_Zone_Resident","Study_Zone_Worker","ZoneGlobale","All_modes","91"
"2020-04-04","Kipushi","Manika","3h","Origin_Zone_Resident","Origin_Zone_Worker","ZoneGlobale","All_modes","2895"
"2020-04-04","Kipushi","Rwashi","1h","Outside_Resident","Outside_Worker","ZoneGlobale","All_modes","421"
"2020-04-04","Kipushi","Rwashi","1h","Outside_Resident","Destination_Zone_Worker","ZoneGlobale","All_modes","206"
"2020-04-04","Kipushi","Rwashi","1h","Outside_Resident","Study_Zone_Worker","ZoneGlobale","All_modes","255"
"2020-04-04","Kipushi","Rwashi","1h","Outside_Resident","Origin_Zone_Worker","ZoneGlobale","All_modes","249"
"2020-04-04","Kipushi","Rwashi","1h","Destination_Zone_Resident","Outside_Worker","ZoneGlobale","All_modes","29"
"2020-04-04","Kipushi","Rwashi","1h","Destination_Zone_Resident","Destination_Zone_Worker","ZoneGlobale","All_modes","1250"
"2020-04-04","Kipushi","Rwashi","1h","Destination_Zone_Resident","Study_Zone_Worker","ZoneGlobale","All_modes","164"
"2020-04-04","Kipushi","Rwashi","1h","Destination_Zone_Resident","Origin_Zone_Worker","ZoneGlobale","All_modes","304"
"2020-04-04","Kipushi","Rwashi","1h","Study_Zone_Resident","Destination_Zone_Worker","ZoneGlobale","All_modes","203"
"2020-04-04","Kipushi","Rwashi","1h","Study_Zone_Resident","Study_Zone_Worker","ZoneGlobale","All_modes","1068"
"2020-04-04","Kipushi","Rwashi","1h","Study_Zone_Resident","Origin_Zone_Worker","ZoneGlobale","All_modes","250"
"2020-04-04","Kipushi","Rwashi","1h","Origin_Zone_Resident","Destination_Zone_Worker","ZoneGlobale","All_modes","292"
"2020-04-04","Kipushi","Rwashi","1h","Origin_Zone_Resident","Study_Zone_Worker","ZoneGlobale","All_modes","255"
"2020-04-04","Kipushi","Rwashi","1h","Origin_Zone_Resident","Origin_Zone_Worker","ZoneGlobale","All_modes","1258"
"2020-04-04","Kipushi","Rwashi","3h","Outside_Resident","Outside_Worker","ZoneGlobale","All_modes","744"
"2020-04-04","Kipushi","Rwashi","3h","Outside_Resident","Destination_Zone_Worker","ZoneGlobale","All_modes","196"
"2020-04-04","Kipushi","Rwashi","3h","Outside_Resident","Study_Zone_Worker","ZoneGlobale","All_modes","431"
"2020-04-04","Kipushi","Rwashi","3h","Outside_Resident","Origin_Zone_Worker","ZoneGlobale","All_modes","505"
"2020-04-04","Kipushi","Rwashi","3h","Destination_Zone_Resident","Outside_Worker","ZoneGlobale","All_modes","32"
"2020-04-04","Kipushi","Rwashi","3h","Destination_Zone_Resident","Destination_Zone_Worker","ZoneGlobale","All_modes","822"
"2020-04-04","Kipushi","Rwashi","3h","Destination_Zone_Resident","Study_Zone_Worker","ZoneGlobale","All_modes","113"
"2020-04-04","Kipushi","Rwashi","3h","Destination_Zone_Resident","Origin_Zone_Worker","ZoneGlobale","All_modes","238"
"2020-04-04","Kipushi","Rwashi","3h","Study_Zone_Resident","Outside_Worker","ZoneGlobale","All_modes","36"
"2020-04-04","Kipushi","Rwashi","3h","Study_Zone_Resident","Destination_Zone_Worker","ZoneGlobale","All_modes","130"
"2020-04-04","Kipushi","Rwashi","3h","Study_Zone_Resident","Study_Zone_Worker","ZoneGlobale","All_modes","712"
"2020-04-04","Kipushi","Rwashi","3h","Study_Zone_Resident","Origin_Zone_Worker","ZoneGlobale","All_modes","160"
"2020-04-04","Kipushi","Rwashi","3h","Origin_Zone_Resident","Destination_Zone_Worker","ZoneGlobale","All_modes","354"
"2020-04-04","Kipushi","Rwashi","3h","Origin_Zone_Resident","Study_Zone_Worker","ZoneGlobale","All_modes","252"
"2020-04-04","Kipushi","Rwashi","3h","Origin_Zone_Resident","Origin_Zone_Worker","ZoneGlobale","All_modes","1136"
"2020-04-04","Kipushi","Sakania","1h","Outside_Resident","Outside_Worker","ZoneGlobale","All_modes","4038"
"2020-04-04","Kipushi","Sakania","1h","Outside_Resident","Destination_Zone_Worker","ZoneGlobale","All_modes","4328"
"2020-04-04","Kipushi","Sakania","1h","Outside_Resident","Study_Zone_Worker","ZoneGlobale","All_modes","1224"
"2020-04-04","Kipushi","Sakania","1h","Outside_Resident","Origin_Zone_Worker","ZoneGlobale","All_modes","791"
"2020-04-04","Kipushi","Sakania","1h","Destination_Zone_Resident","Outside_Worker","ZoneGlobale","All_modes","330"
"2020-04-04","Kipushi","Sakania","1h","Destination_Zone_Resident","Destination_Zone_Worker","ZoneGlobale","All_modes","23956"
"2020-04-04","Kipushi","Sakania","1h","Destination_Zone_Resident","Study_Zone_Worker","ZoneGlobale","All_modes","289"
"2020-04-04","Kipushi","Sakania","1h","Destination_Zone_Resident","Origin_Zone_Worker","ZoneGlobale","All_modes","586"
"2020-04-04","Kipushi","Sakania","1h","Study_Zone_Resident","Outside_Worker","ZoneGlobale","All_modes","73"
"2020-04-04","Kipushi","Sakania","1h","Study_Zone_Resident","Destination_Zone_Worker","ZoneGlobale","All_modes","441"
"2020-04-04","Kipushi","Sakania","1h","Study_Zone_Resident","Study_Zone_Worker","ZoneGlobale","All_modes","7980"
"2020-04-04","Kipushi","Sakania","1h","Origin_Zone_Resident","Outside_Worker","ZoneGlobale","All_modes","153"
"2020-04-04","Kipushi","Sakania","1h","Origin_Zone_Resident","Destination_Zone_Worker","ZoneGlobale","All_modes","8226"
"2020-04-04","Kipushi","Sakania","1h","Origin_Zone_Resident","Study_Zone_Worker","ZoneGlobale","All_modes","253"
"2020-04-04","Kipushi","Sakania","1h","Origin_Zone_Resident","Origin_Zone_Worker","ZoneGlobale","All_modes","4214"
"2020-04-04","Kipushi","Sakania","3h","Outside_Resident","Outside_Worker","ZoneGlobale","All_modes","3729"
"2020-04-04","Kipushi","Sakania","3h","Outside_Resident","Destination_Zone_Worker","ZoneGlobale","All_modes","4601"
"2020-04-04","Kipushi","Sakania","3h","Outside_Resident","Study_Zone_Worker","ZoneGlobale","All_modes","990"
"2020-04-04","Kipushi","Sakania","3h","Outside_Resident","Origin_Zone_Worker","ZoneGlobale","All_modes","1090"
"2020-04-04","Kipushi","Sakania","3h","Destination_Zone_Resident","Outside_Worker","ZoneGlobale","All_modes","354"
"2020-04-04","Kipushi","Sakania","3h","Destination_Zone_Resident","Destination_Zone_Worker","ZoneGlobale","All_modes","19383"
"2020-04-04","Kipushi","Sakania","3h","Destination_Zone_Resident","Study_Zone_Worker","ZoneGlobale","All_modes","126"
"2020-04-04","Kipushi","Sakania","3h","Destination_Zone_Resident","Origin_Zone_Worker","ZoneGlobale","All_modes","620"
"2020-04-04","Kipushi","Sakania","3h","Study_Zone_Resident","Outside_Worker","ZoneGlobale","All_modes","39"
"2020-04-04","Kipushi","Sakania","3h","Study_Zone_Resident","Destination_Zone_Worker","ZoneGlobale","All_modes","239"
"2020-04-04","Kipushi","Sakania","3h","Study_Zone_Resident","Study_Zone_Worker","ZoneGlobale","All_modes","3173"
"2020-04-04","Kipushi","Sakania","3h","Origin_Zone_Resident","Outside_Worker","ZoneGlobale","All_modes","215"
"2020-04-04","Kipushi","Sakania","3h","Origin_Zone_Resident","Destination_Zone_Worker","ZoneGlobale","All_modes","9548"
"2020-04-04","Kipushi","Sakania","3h","Origin_Zone_Resident","Study_Zone_Worker","ZoneGlobale","All_modes","325"
"2020-04-04","Kipushi","Sakania","3h","Origin_Zone_Resident","Origin_Zone_Worker","ZoneGlobale","All_modes","4923"
"2020-04-04","Kipushi","Tshamilemba","1h","Outside_Resident","Outside_Worker","ZoneGlobale","All_modes","211"
"2020-04-04","Kipushi","Tshamilemba","1h","Outside_Resident","Destination_Zone_Worker","ZoneGlobale","All_modes","106"
"2020-04-04","Kipushi","Tshamilemba","1h","Outside_Resident","Study_Zone_Worker","ZoneGlobale","All_modes","194"
"2020-04-04","Kipushi","Tshamilemba","1h","Outside_Resident","Origin_Zone_Worker","ZoneGlobale","All_modes","64"
"2020-04-04","Kipushi","Tshamilemba","1h","Destination_Zone_Resident","Destination_Zone_Worker","ZoneGlobale","All_modes","323"
"2020-04-04","Kipushi","Tshamilemba","1h","Destination_Zone_Resident","Study_Zone_Worker","ZoneGlobale","All_modes","116"
"2020-04-04","Kipushi","Tshamilemba","1h","Destination_Zone_Resident","Origin_Zone_Worker","ZoneGlobale","All_modes","33"
"2020-04-04","Kipushi","Tshamilemba","1h","Study_Zone_Resident","Destination_Zone_Worker","ZoneGlobale","All_modes","57"
"2020-04-04","Kipushi","Tshamilemba","1h","Study_Zone_Resident","Study_Zone_Worker","ZoneGlobale","All_modes","439"
"2020-04-04","Kipushi","Tshamilemba","1h","Study_Zone_Resident","Origin_Zone_Worker","ZoneGlobale","All_modes","37"
"2020-04-04","Kipushi","Tshamilemba","1h","Origin_Zone_Resident","Destination_Zone_Worker","ZoneGlobale","All_modes","98"
"2020-04-04","Kipushi","Tshamilemba","1h","Origin_Zone_Resident","Study_Zone_Worker","ZoneGlobale","All_modes","140"
"2020-04-04","Kipushi","Tshamilemba","1h","Origin_Zone_Resident","Origin_Zone_Worker","ZoneGlobale","All_modes","411"
"2020-04-04","Kipushi","Tshamilemba","3h","Outside_Resident","Outside_Worker","ZoneGlobale","All_modes","306"
"2020-04-04","Kipushi","Tshamilemba","3h","Outside_Resident","Destination_Zone_Worker","ZoneGlobale","All_modes","259"
"2020-04-04","Kipushi","Tshamilemba","3h","Outside_Resident","Study_Zone_Worker","ZoneGlobale","All_modes","346"
"2020-04-04","Kipushi","Tshamilemba","3h","Outside_Resident","Origin_Zone_Worker","ZoneGlobale","All_modes","252"
"2020-04-04","Kipushi","Tshamilemba","3h","Destination_Zone_Resident","Destination_Zone_Worker","ZoneGlobale","All_modes","674"
"2020-04-04","Kipushi","Tshamilemba","3h","Destination_Zone_Resident","Study_Zone_Worker","ZoneGlobale","All_modes","144"
"2020-04-04","Kipushi","Tshamilemba","3h","Destination_Zone_Resident","Origin_Zone_Worker","ZoneGlobale","All_modes","180"
"2020-04-04","Kipushi","Tshamilemba","3h","Study_Zone_Resident","Study_Zone_Worker","ZoneGlobale","All_modes","474"
"2020-04-04","Kipushi","Tshamilemba","3h","Study_Zone_Resident","Origin_Zone_Worker","ZoneGlobale","All_modes","58"
"2020-04-04","Kipushi","Tshamilemba","3h","Origin_Zone_Resident","Destination_Zone_Worker","ZoneGlobale","All_modes","86"
"2020-04-04","Kipushi","Tshamilemba","3h","Origin_Zone_Resident","Study_Zone_Worker","ZoneGlobale","All_modes","252"
"2020-04-04","Kipushi","Tshamilemba","3h","Origin_Zone_Resident","Origin_Zone_Worker","ZoneGlobale","All_modes","799"
"2020-04-04","Kirotshe","Birambizo","1h","Outside_Resident","Outside_Worker","ZoneGlobale","All_modes","56"
"2020-04-04","Kirotshe","Birambizo","1h","Study_Zone_Resident","Study_Zone_Worker","ZoneGlobale","All_modes","29"
"2020-04-04","Kirotshe","Birambizo","3h","Outside_Resident","Outside_Worker","ZoneGlobale","All_modes","26"
"2020-04-04","Kirotshe","Birambizo","3h","Origin_Zone_Resident","Origin_Zone_Worker","ZoneGlobale","All_modes","47"
"2020-04-04","Kirotshe","Bunyakiri","1h","Destination_Zone_Resident","Origin_Zone_Worker","ZoneGlobale","All_modes","23"
"2020-04-04","Kirotshe","Bunyakiri","3h","Outside_Resident","Destination_Zone_Worker","ZoneGlobale","All_modes","29"
"2020-04-04","Kirotshe","Bunyakiri","3h","Destination_Zone_Resident","Study_Zone_Worker","ZoneGlobale","All_modes","33"
"2020-04-04","Kirotshe","Bunyakiri","3h","Destination_Zone_Resident","Origin_Zone_Worker","ZoneGlobale","All_modes","55"
"2020-04-04","Kirotshe","Bunyakiri","3h","Study_Zone_Resident","Study_Zone_Worker","ZoneGlobale","All_modes","25"
"2020-04-04","Kirotshe","Bunyakiri","3h","Study_Zone_Resident","Origin_Zone_Worker","ZoneGlobale","All_modes","31"
"2020-04-04","Kirotshe","Bunyakiri","3h","Origin_Zone_Resident","Origin_Zone_Worker","ZoneGlobale","All_modes","26"
"2020-04-04","Kirotshe","Ibanda","3h","Study_Zone_Resident","Study_Zone_Worker","ZoneGlobale","All_modes","40"
"2020-04-04","Kirotshe","Ibanda","3h","Origin_Zone_Resident","Study_Zone_Worker","ZoneGlobale","All_modes","33"
"2020-04-04","Kirotshe","Idjwi","1h","Outside_Resident","Outside_Worker","ZoneGlobale","All_modes","742"
"2020-04-04","Kirotshe","Idjwi","1h","Outside_Resident","Destination_Zone_Worker","ZoneGlobale","All_modes","340"
"2020-04-04","Kirotshe","Idjwi","1h","Outside_Resident","Study_Zone_Worker","ZoneGlobale","All_modes","591"
"2020-04-04","Kirotshe","Idjwi","1h","Outside_Resident","Origin_Zone_Worker","ZoneGlobale","All_modes","286"
"2020-04-04","Kirotshe","Idjwi","1h","Destination_Zone_Resident","Outside_Worker","ZoneGlobale","All_modes","51"
"2020-04-04","Kirotshe","Idjwi","1h","Destination_Zone_Resident","Destination_Zone_Worker","ZoneGlobale","All_modes","1165"
"2020-04-04","Kirotshe","Idjwi","1h","Destination_Zone_Resident","Study_Zone_Worker","ZoneGlobale","All_modes","267"
"2020-04-04","Kirotshe","Idjwi","1h","Destination_Zone_Resident","Origin_Zone_Worker","ZoneGlobale","All_modes","253"
"2020-04-04","Kirotshe","Idjwi","1h","Study_Zone_Resident","Outside_Worker","ZoneGlobale","All_modes","99"
"2020-04-04","Kirotshe","Idjwi","1h","Study_Zone_Resident","Destination_Zone_Worker","ZoneGlobale","All_modes","355"
"2020-04-04","Kirotshe","Idjwi","1h","Study_Zone_Resident","Study_Zone_Worker","ZoneGlobale","All_modes","1631"
"2020-04-04","Kirotshe","Idjwi","1h","Study_Zone_Resident","Origin_Zone_Worker","ZoneGlobale","All_modes","583"
"2020-04-04","Kirotshe","Idjwi","1h","Origin_Zone_Resident","Outside_Worker","ZoneGlobale","All_modes","99"
"2020-04-04","Kirotshe","Idjwi","1h","Origin_Zone_Resident","Destination_Zone_Worker","ZoneGlobale","All_modes","221"
"2020-04-04","Kirotshe","Idjwi","1h","Origin_Zone_Resident","Study_Zone_Worker","ZoneGlobale","All_modes","381"
"2020-04-04","Kirotshe","Idjwi","1h","Origin_Zone_Resident","Origin_Zone_Worker","ZoneGlobale","All_modes","2598"
"2020-04-04","Kirotshe","Idjwi","3h","Outside_Resident","Outside_Worker","ZoneGlobale","All_modes","1641"
"2020-04-04","Kirotshe","Idjwi","3h","Outside_Resident","Destination_Zone_Worker","ZoneGlobale","All_modes","207"
"2020-04-04","Kirotshe","Idjwi","3h","Outside_Resident","Study_Zone_Worker","ZoneGlobale","All_modes","990"
"2020-04-04","Kirotshe","Idjwi","3h","Outside_Resident","Origin_Zone_Worker","ZoneGlobale","All_modes","646"
"2020-04-04","Kirotshe","Idjwi","3h","Destination_Zone_Resident","Outside_Worker","ZoneGlobale","All_modes","145"
"2020-04-04","Kirotshe","Idjwi","3h","Destination_Zone_Resident","Destination_Zone_Worker","ZoneGlobale","All_modes","1292"
"2020-04-04","Kirotshe","Idjwi","3h","Destination_Zone_Resident","Study_Zone_Worker","ZoneGlobale","All_modes","344"
"2020-04-04","Kirotshe","Idjwi","3h","Destination_Zone_Resident","Origin_Zone_Worker","ZoneGlobale","All_modes","395"
"2020-04-04","Kirotshe","Idjwi","3h","Study_Zone_Resident","Outside_Worker","ZoneGlobale","All_modes","264"
"2020-04-04","Kirotshe","Idjwi","3h","Study_Zone_Resident","Destination_Zone_Worker","ZoneGlobale","All_modes","251"
"2020-04-04","Kirotshe","Idjwi","3h","Study_Zone_Resident","Study_Zone_Worker","ZoneGlobale","All_modes","1535"
"2020-04-04","Kirotshe","Idjwi","3h","Study_Zone_Resident","Origin_Zone_Worker","ZoneGlobale","All_modes","614"
"2020-04-04","Kirotshe","Idjwi","3h","Origin_Zone_Resident","Outside_Worker","ZoneGlobale","All_modes","209"
"2020-04-04","Kirotshe","Idjwi","3h","Origin_Zone_Resident","Destination_Zone_Worker","ZoneGlobale","All_modes","269"
"2020-04-04","Kirotshe","Idjwi","3h","Origin_Zone_Resident","Study_Zone_Worker","ZoneGlobale","All_modes","394"
"2020-04-04","Kirotshe","Idjwi","3h","Origin_Zone_Resident","Origin_Zone_Worker","ZoneGlobale","All_modes","4193"
"2020-04-04","Kirotshe","Itebero","1h","Outside_Resident","Outside_Worker","ZoneGlobale","All_modes","120"
"2020-04-04","Kirotshe","Itebero","1h","Outside_Resident","Destination_Zone_Worker","ZoneGlobale","All_modes","33"
"2020-04-04","Kirotshe","Itebero","1h","Outside_Resident","Origin_Zone_Worker","ZoneGlobale","All_modes","54"
"2020-04-04","Kirotshe","Itebero","1h","Destination_Zone_Resident","Destination_Zone_Worker","ZoneGlobale","All_modes","120"
"2020-04-04","Kirotshe","Itebero","1h","Destination_Zone_Resident","Study_Zone_Worker","ZoneGlobale","All_modes","59"
"2020-04-04","Kirotshe","Itebero","1h","Study_Zone_Resident","Study_Zone_Worker","ZoneGlobale","All_modes","88"
"2020-04-04","Kirotshe","Itebero","1h","Study_Zone_Resident","Origin_Zone_Worker","ZoneGlobale","All_modes","26"
"2020-04-04","Kirotshe","Itebero","1h","Origin_Zone_Resident","Destination_Zone_Worker","ZoneGlobale","All_modes","26"
"2020-04-04","Kirotshe","Itebero","1h","Origin_Zone_Resident","Study_Zone_Worker","ZoneGlobale","All_modes","26"
"2020-04-04","Kirotshe","Itebero","1h","Origin_Zone_Resident","Origin_Zone_Worker","ZoneGlobale","All_modes","341"
"2020-04-04","Kirotshe","Itebero","3h","Outside_Resident","Outside_Worker","ZoneGlobale","All_modes","218"
"2020-04-04","Kirotshe","Itebero","3h","Outside_Resident","Study_Zone_Worker","ZoneGlobale","All_modes","96"
"2020-04-04","Kirotshe","Itebero","3h","Outside_Resident","Origin_Zone_Worker","ZoneGlobale","All_modes","101"
"2020-04-04","Kirotshe","Itebero","3h","Destination_Zone_Resident","Destination_Zone_Worker","ZoneGlobale","All_modes","72"
"2020-04-04","Kirotshe","Itebero","3h","Destination_Zone_Resident","Study_Zone_Worker","ZoneGlobale","All_modes","27"
"2020-04-04","Kirotshe","Itebero","3h","Destination_Zone_Resident","Origin_Zone_Worker","ZoneGlobale","All_modes","24"
"2020-04-04","Kirotshe","Itebero","3h","Study_Zone_Resident","Study_Zone_Worker","ZoneGlobale","All_modes","119"
"2020-04-04","Kirotshe","Itebero","3h","Study_Zone_Resident","Origin_Zone_Worker","ZoneGlobale","All_modes","26"
"2020-04-04","Kirotshe","Itebero","3h","Origin_Zone_Resident","Outside_Worker","ZoneGlobale","All_modes","38"
"2020-04-04","Kirotshe","Itebero","3h","Origin_Zone_Resident","Destination_Zone_Worker","ZoneGlobale","All_modes","25"
"2020-04-04","Kirotshe","Itebero","3h","Origin_Zone_Resident","Study_Zone_Worker","ZoneGlobale","All_modes","72"
"2020-04-04","Kirotshe","Itebero","3h","Origin_Zone_Resident","Origin_Zone_Worker","ZoneGlobale","All_modes","501"
"2020-04-04","Kirotshe","Karisimbi","1h","Outside_Resident","Outside_Worker","ZoneGlobale","All_modes","4299"
"2020-04-04","Kirotshe","Karisimbi","1h","Outside_Resident","Destination_Zone_Worker","ZoneGlobale","All_modes","3350"
"2020-04-04","Kirotshe","Karisimbi","1h","Outside_Resident","Study_Zone_Worker","ZoneGlobale","All_modes","700"
"2020-04-04","Kirotshe","Karisimbi","1h","Outside_Resident","Origin_Zone_Worker","ZoneGlobale","All_modes","1768"
"2020-04-04","Kirotshe","Karisimbi","1h","Destination_Zone_Resident","Outside_Worker","ZoneGlobale","All_modes","566"
"2020-04-04","Kirotshe","Karisimbi","1h","Destination_Zone_Resident","Destination_Zone_Worker","ZoneGlobale","All_modes","16590"
"2020-04-04","Kirotshe","Karisimbi","1h","Destination_Zone_Resident","Study_Zone_Worker","ZoneGlobale","All_modes","689"
"2020-04-04","Kirotshe","Karisimbi","1h","Destination_Zone_Resident","Origin_Zone_Worker","ZoneGlobale","All_modes","2501"
"2020-04-04","Kirotshe","Karisimbi","1h","Study_Zone_Resident","Outside_Worker","ZoneGlobale","All_modes","155"
"2020-04-04","Kirotshe","Karisimbi","1h","Study_Zone_Resident","Destination_Zone_Worker","ZoneGlobale","All_modes","792"
"2020-04-04","Kirotshe","Karisimbi","1h","Study_Zone_Resident","Study_Zone_Worker","ZoneGlobale","All_modes","3695"
"2020-04-04","Kirotshe","Karisimbi","1h","Study_Zone_Resident","Origin_Zone_Worker","ZoneGlobale","All_modes","1246"
"2020-04-04","Kirotshe","Karisimbi","1h","Origin_Zone_Resident","Outside_Worker","ZoneGlobale","All_modes","344"
"2020-04-04","Kirotshe","Karisimbi","1h","Origin_Zone_Resident","Destination_Zone_Worker","ZoneGlobale","All_modes","1844"
"2020-04-04","Kirotshe","Karisimbi","1h","Origin_Zone_Resident","Study_Zone_Worker","ZoneGlobale","All_modes","436"
"2020-04-04","Kirotshe","Karisimbi","1h","Origin_Zone_Resident","Origin_Zone_Worker","ZoneGlobale","All_modes","11769"
"2020-04-04","Kirotshe","Karisimbi","3h","Outside_Resident","Outside_Worker","ZoneGlobale","All_modes","5682"
"2020-04-04","Kirotshe","Karisimbi","3h","Outside_Resident","Destination_Zone_Worker","ZoneGlobale","All_modes","3858"
"2020-04-04","Kirotshe","Karisimbi","3h","Outside_Resident","Study_Zone_Worker","ZoneGlobale","All_modes","1097"
"2020-04-04","Kirotshe","Karisimbi","3h","Outside_Resident","Origin_Zone_Worker","ZoneGlobale","All_modes","2948"
"2020-04-04","Kirotshe","Karisimbi","3h","Destination_Zone_Resident","Outside_Worker","ZoneGlobale","All_modes","710"
"2020-04-04","Kirotshe","Karisimbi","3h","Destination_Zone_Resident","Destination_Zone_Worker","ZoneGlobale","All_modes","14366"
"2020-04-04","Kirotshe","Karisimbi","3h","Destination_Zone_Resident","Study_Zone_Worker","ZoneGlobale","All_modes","495"
"2020-04-04","Kirotshe","Karisimbi","3h","Destination_Zone_Resident","Origin_Zone_Worker","ZoneGlobale","All_modes","3169"
"2020-04-04","Kirotshe","Karisimbi","3h","Study_Zone_Resident","Outside_Worker","ZoneGlobale","All_modes","233"
"2020-04-04","Kirotshe","Karisimbi","3h","Study_Zone_Resident","Destination_Zone_Worker","ZoneGlobale","All_modes","498"
"2020-04-04","Kirotshe","Karisimbi","3h","Study_Zone_Resident","Study_Zone_Worker","ZoneGlobale","All_modes","2112"
"2020-04-04","Kirotshe","Karisimbi","3h","Study_Zone_Resident","Origin_Zone_Worker","ZoneGlobale","All_modes","1032"
"2020-04-04","Kirotshe","Karisimbi","3h","Origin_Zone_Resident","Outside_Worker","ZoneGlobale","All_modes","666"
"2020-04-04","Kirotshe","Karisimbi","3h","Origin_Zone_Resident","Destination_Zone_Worker","ZoneGlobale","All_modes","2257"
"2020-04-04","Kirotshe","Karisimbi","3h","Origin_Zone_Resident","Study_Zone_Worker","ZoneGlobale","All_modes","556"
"2020-04-04","Kirotshe","Karisimbi","3h","Origin_Zone_Resident","Origin_Zone_Worker","ZoneGlobale","All_modes","15803"
"2020-04-04","Kirotshe","Kibirizi","1h","Outside_Resident","Study_Zone_Worker","ZoneGlobale","All_modes","33"
"2020-04-04","Kirotshe","Kibirizi","1h","Destination_Zone_Resident","Destination_Zone_Worker","ZoneGlobale","All_modes","92"
"2020-04-04","Kirotshe","Kibirizi","1h","Study_Zone_Resident","Study_Zone_Worker","ZoneGlobale","All_modes","38"
"2020-04-04","Kirotshe","Kibirizi","3h","Outside_Resident","Outside_Worker","ZoneGlobale","All_modes","22"
"2020-04-04","Kirotshe","Kibirizi","3h","Outside_Resident","Study_Zone_Worker","ZoneGlobale","All_modes","66"
"2020-04-04","Kirotshe","Kibirizi","3h","Destination_Zone_Resident","Destination_Zone_Worker","ZoneGlobale","All_modes","55"
"2020-04-04","Kirotshe","Kibirizi","3h","Study_Zone_Resident","Study_Zone_Worker","ZoneGlobale","All_modes","59"
"2020-04-04","Kirotshe","Kibirizi","3h","Origin_Zone_Resident","Origin_Zone_Worker","ZoneGlobale","All_modes","61"
"2020-04-04","Kirotshe","Masisi","1h","Outside_Resident","Outside_Worker","ZoneGlobale","All_modes","14978"
"2020-04-04","Kirotshe","Masisi","1h","Outside_Resident","Destination_Zone_Worker","ZoneGlobale","All_modes","6345"
"2020-04-04","Kirotshe","Masisi","1h","Outside_Resident","Study_Zone_Worker","ZoneGlobale","All_modes","983"
"2020-04-04","Kirotshe","Masisi","1h","Outside_Resident","Origin_Zone_Worker","ZoneGlobale","All_modes","8100"
"2020-04-04","Kirotshe","Masisi","1h","Destination_Zone_Resident","Outside_Worker","ZoneGlobale","All_modes","2274"
"2020-04-04","Kirotshe","Masisi","1h","Destination_Zone_Resident","Destination_Zone_Worker","ZoneGlobale","All_modes","42659"
"2020-04-04","Kirotshe","Masisi","1h","Destination_Zone_Resident","Study_Zone_Worker","ZoneGlobale","All_modes","489"
"2020-04-04","Kirotshe","Masisi","1h","Destination_Zone_Resident","Origin_Zone_Worker","ZoneGlobale","All_modes","21631"
"2020-04-04","Kirotshe","Masisi","1h","Study_Zone_Resident","Outside_Worker","ZoneGlobale","All_modes","106"
"2020-04-04","Kirotshe","Masisi","1h","Study_Zone_Resident","Destination_Zone_Worker","ZoneGlobale","All_modes","463"
"2020-04-04","Kirotshe","Masisi","1h","Study_Zone_Resident","Study_Zone_Worker","ZoneGlobale","All_modes","4294"
"2020-04-04","Kirotshe","Masisi","1h","Study_Zone_Resident","Origin_Zone_Worker","ZoneGlobale","All_modes","950"
"2020-04-04","Kirotshe","Masisi","1h","Origin_Zone_Resident","Outside_Worker","ZoneGlobale","All_modes","2677"
"2020-04-04","Kirotshe","Masisi","1h","Origin_Zone_Resident","Destination_Zone_Worker","ZoneGlobale","All_modes","12026"
"2020-04-04","Kirotshe","Masisi","1h","Origin_Zone_Resident","Study_Zone_Worker","ZoneGlobale","All_modes","677"
"2020-04-04","Kirotshe","Masisi","1h","Origin_Zone_Resident","Origin_Zone_Worker","ZoneGlobale","All_modes","63136"
"2020-04-04","Kirotshe","Masisi","3h","Outside_Resident","Outside_Worker","ZoneGlobale","All_modes","18460"
"2020-04-04","Kirotshe","Masisi","3h","Outside_Resident","Destination_Zone_Worker","ZoneGlobale","All_modes","8109"
"2020-04-04","Kirotshe","Masisi","3h","Outside_Resident","Study_Zone_Worker","ZoneGlobale","All_modes","859"
"2020-04-04","Kirotshe","Masisi","3h","Outside_Resident","Origin_Zone_Worker","ZoneGlobale","All_modes","14037"
"2020-04-04","Kirotshe","Masisi","3h","Destination_Zone_Resident","Outside_Worker","ZoneGlobale","All_modes","2308"
"2020-04-04","Kirotshe","Masisi","3h","Destination_Zone_Resident","Destination_Zone_Worker","ZoneGlobale","All_modes","34281"
"2020-04-04","Kirotshe","Masisi","3h","Destination_Zone_Resident","Study_Zone_Worker","ZoneGlobale","All_modes","227"
"2020-04-04","Kirotshe","Masisi","3h","Destination_Zone_Resident","Origin_Zone_Worker","ZoneGlobale","All_modes","19566"
"2020-04-04","Kirotshe","Masisi","3h","Study_Zone_Resident","Outside_Worker","ZoneGlobale","All_modes","305"
"2020-04-04","Kirotshe","Masisi","3h","Study_Zone_Resident","Destination_Zone_Worker","ZoneGlobale","All_modes","354"
"2020-04-04","Kirotshe","Masisi","3h","Study_Zone_Resident","Study_Zone_Worker","ZoneGlobale","All_modes","2183"
"2020-04-04","Kirotshe","Masisi","3h","Study_Zone_Resident","Origin_Zone_Worker","ZoneGlobale","All_modes","506"
"2020-04-04","Kirotshe","Masisi","3h","Origin_Zone_Resident","Outside_Worker","ZoneGlobale","All_modes","3576"
"2020-04-04","Kirotshe","Masisi","3h","Origin_Zone_Resident","Destination_Zone_Worker","ZoneGlobale","All_modes","13413"
"2020-04-04","Kirotshe","Masisi","3h","Origin_Zone_Resident","Study_Zone_Worker","ZoneGlobale","All_modes","576"
"2020-04-04","Kirotshe","Masisi","3h","Origin_Zone_Resident","Origin_Zone_Worker","ZoneGlobale","All_modes","62189"
"2020-04-04","Kirotshe","Minova","1h","Outside_Resident","Outside_Worker","ZoneGlobale","All_modes","2449"
"2020-04-04","Kirotshe","Minova","1h","Outside_Resident","Destination_Zone_Worker","ZoneGlobale","All_modes","1655"
"2020-04-04","Kirotshe","Minova","1h","Outside_Resident","Study_Zone_Worker","ZoneGlobale","All_modes","513"
"2020-04-04","Kirotshe","Minova","1h","Outside_Resident","Origin_Zone_Worker","ZoneGlobale","All_modes","1021"
"2020-04-04","Kirotshe","Minova","1h","Destination_Zone_Resident","Outside_Worker","ZoneGlobale","All_modes","464"
"2020-04-04","Kirotshe","Minova","1h","Destination_Zone_Resident","Destination_Zone_Worker","ZoneGlobale","All_modes","13010"
"2020-04-04","Kirotshe","Minova","1h","Destination_Zone_Resident","Study_Zone_Worker","ZoneGlobale","All_modes","471"
"2020-04-04","Kirotshe","Minova","1h","Destination_Zone_Resident","Origin_Zone_Worker","ZoneGlobale","All_modes","4935"
"2020-04-04","Kirotshe","Minova","1h","Study_Zone_Resident","Outside_Worker","ZoneGlobale","All_modes","74"
"2020-04-04","Kirotshe","Minova","1h","Study_Zone_Resident","Destination_Zone_Worker","ZoneGlobale","All_modes","176"
"2020-04-04","Kirotshe","Minova","1h","Study_Zone_Resident","Study_Zone_Worker","ZoneGlobale","All_modes","2165"
"2020-04-04","Kirotshe","Minova","1h","Study_Zone_Resident","Origin_Zone_Worker","ZoneGlobale","All_modes","200"
"2020-04-04","Kirotshe","Minova","1h","Origin_Zone_Resident","Outside_Worker","ZoneGlobale","All_modes","199"
"2020-04-04","Kirotshe","Minova","1h","Origin_Zone_Resident","Destination_Zone_Worker","ZoneGlobale","All_modes","1710"
"2020-04-04","Kirotshe","Minova","1h","Origin_Zone_Resident","Study_Zone_Worker","ZoneGlobale","All_modes","77"
"2020-04-04","Kirotshe","Minova","1h","Origin_Zone_Resident","Origin_Zone_Worker","ZoneGlobale","All_modes","7184"
"2020-04-04","Kirotshe","Minova","3h","Outside_Resident","Outside_Worker","ZoneGlobale","All_modes","3300"
"2020-04-04","Kirotshe","Minova","3h","Outside_Resident","Destination_Zone_Worker","ZoneGlobale","All_modes","1715"
"2020-04-04","Kirotshe","Minova","3h","Outside_Resident","Study_Zone_Worker","ZoneGlobale","All_modes","501"
"2020-04-04","Kirotshe","Minova","3h","Outside_Resident","Origin_Zone_Worker","ZoneGlobale","All_modes","2589"
"2020-04-04","Kirotshe","Minova","3h","Destination_Zone_Resident","Outside_Worker","ZoneGlobale","All_modes","588"
"2020-04-04","Kirotshe","Minova","3h","Destination_Zone_Resident","Destination_Zone_Worker","ZoneGlobale","All_modes","10058"
"2020-04-04","Kirotshe","Minova","3h","Destination_Zone_Resident","Study_Zone_Worker","ZoneGlobale","All_modes","246"
"2020-04-04","Kirotshe","Minova","3h","Destination_Zone_Resident","Origin_Zone_Worker","ZoneGlobale","All_modes","4774"
"2020-04-04","Kirotshe","Minova","3h","Study_Zone_Resident","Outside_Worker","ZoneGlobale","All_modes","225"
"2020-04-04","Kirotshe","Minova","3h","Study_Zone_Resident","Destination_Zone_Worker","ZoneGlobale","All_modes","117"
"2020-04-04","Kirotshe","Minova","3h","Study_Zone_Resident","Study_Zone_Worker","ZoneGlobale","All_modes","1618"
"2020-04-04","Kirotshe","Minova","3h","Study_Zone_Resident","Origin_Zone_Worker","ZoneGlobale","All_modes","315"
"2020-04-04","Kirotshe","Minova","3h","Origin_Zone_Resident","Outside_Worker","ZoneGlobale","All_modes","492"
"2020-04-04","Kirotshe","Minova","3h","Origin_Zone_Resident","Destination_Zone_Worker","ZoneGlobale","All_modes","1827"
"2020-04-04","Kirotshe","Minova","3h","Origin_Zone_Resident","Study_Zone_Worker","ZoneGlobale","All_modes","244"
"2020-04-04","Kirotshe","Minova","3h","Origin_Zone_Resident","Origin_Zone_Worker","ZoneGlobale","All_modes","9865"
"2020-04-04","Kirotshe","Mweso","1h","Outside_Resident","Outside_Worker","ZoneGlobale","All_modes","1226"
"2020-04-04","Kirotshe","Mweso","1h","Outside_Resident","Destination_Zone_Worker","ZoneGlobale","All_modes","679"
"2020-04-04","Kirotshe","Mweso","1h","Outside_Resident","Study_Zone_Worker","ZoneGlobale","All_modes","306"
"2020-04-04","Kirotshe","Mweso","1h","Outside_Resident","Origin_Zone_Worker","ZoneGlobale","All_modes","143"
"2020-04-04","Kirotshe","Mweso","1h","Destination_Zone_Resident","Outside_Worker","ZoneGlobale","All_modes","218"
"2020-04-04","Kirotshe","Mweso","1h","Destination_Zone_Resident","Destination_Zone_Worker","ZoneGlobale","All_modes","4195"
"2020-04-04","Kirotshe","Mweso","1h","Destination_Zone_Resident","Study_Zone_Worker","ZoneGlobale","All_modes","192"
"2020-04-04","Kirotshe","Mweso","1h","Destination_Zone_Resident","Origin_Zone_Worker","ZoneGlobale","All_modes","779"
"2020-04-04","Kirotshe","Mweso","1h","Study_Zone_Resident","Outside_Worker","ZoneGlobale","All_modes","27"
"2020-04-04","Kirotshe","Mweso","1h","Study_Zone_Resident","Destination_Zone_Worker","ZoneGlobale","All_modes","449"
"2020-04-04","Kirotshe","Mweso","1h","Study_Zone_Resident","Study_Zone_Worker","ZoneGlobale","All_modes","1086"
"2020-04-04","Kirotshe","Mweso","1h","Study_Zone_Resident","Origin_Zone_Worker","ZoneGlobale","All_modes","187"
"2020-04-04","Kirotshe","Mweso","1h","Origin_Zone_Resident","Outside_Worker","ZoneGlobale","All_modes","115"
"2020-04-04","Kirotshe","Mweso","1h","Origin_Zone_Resident","Destination_Zone_Worker","ZoneGlobale","All_modes","622"
"2020-04-04","Kirotshe","Mweso","1h","Origin_Zone_Resident","Study_Zone_Worker","ZoneGlobale","All_modes","167"
"2020-04-04","Kirotshe","Mweso","1h","Origin_Zone_Resident","Origin_Zone_Worker","ZoneGlobale","All_modes","2597"
"2020-04-04","Kirotshe","Mweso","3h","Outside_Resident","Outside_Worker","ZoneGlobale","All_modes","1517"
"2020-04-04","Kirotshe","Mweso","3h","Outside_Resident","Destination_Zone_Worker","ZoneGlobale","All_modes","711"
"2020-04-04","Kirotshe","Mweso","3h","Outside_Resident","Study_Zone_Worker","ZoneGlobale","All_modes","226"
"2020-04-04","Kirotshe","Mweso","3h","Outside_Resident","Origin_Zone_Worker","ZoneGlobale","All_modes","511"
"2020-04-04","Kirotshe","Mweso","3h","Destination_Zone_Resident","Outside_Worker","ZoneGlobale","All_modes","213"
"2020-04-04","Kirotshe","Mweso","3h","Destination_Zone_Resident","Destination_Zone_Worker","ZoneGlobale","All_modes","3550"
"2020-04-04","Kirotshe","Mweso","3h","Destination_Zone_Resident","Study_Zone_Worker","ZoneGlobale","All_modes","180"
"2020-04-04","Kirotshe","Mweso","3h","Destination_Zone_Resident","Origin_Zone_Worker","ZoneGlobale","All_modes","600"
"2020-04-04","Kirotshe","Mweso","3h","Study_Zone_Resident","Outside_Worker","ZoneGlobale","All_modes","124"
"2020-04-04","Kirotshe","Mweso","3h","Study_Zone_Resident","Destination_Zone_Worker","ZoneGlobale","All_modes","284"
"2020-04-04","Kirotshe","Mweso","3h","Study_Zone_Resident","Study_Zone_Worker","ZoneGlobale","All_modes","845"
"2020-04-04","Kirotshe","Mweso","3h","Study_Zone_Resident","Origin_Zone_Worker","ZoneGlobale","All_modes","277"
"2020-04-04","Kirotshe","Mweso","3h","Origin_Zone_Resident","Outside_Worker","ZoneGlobale","All_modes","125"
"2020-04-04","Kirotshe","Mweso","3h","Origin_Zone_Resident","Destination_Zone_Worker","ZoneGlobale","All_modes","754"
"2020-04-04","Kirotshe","Mweso","3h","Origin_Zone_Resident","Study_Zone_Worker","ZoneGlobale","All_modes","349"
"2020-04-04","Kirotshe","Mweso","3h","Origin_Zone_Resident","Origin_Zone_Worker","ZoneGlobale","All_modes","3149"
"2020-04-04","Kirotshe","Nyiragongo","1h","Outside_Resident","Outside_Worker","ZoneGlobale","All_modes","1835"
"2020-04-04","Kirotshe","Nyiragongo","1h","Outside_Resident","Destination_Zone_Worker","ZoneGlobale","All_modes","462"
"2020-04-04","Kirotshe","Nyiragongo","1h","Outside_Resident","Study_Zone_Worker","ZoneGlobale","All_modes","306"
"2020-04-04","Kirotshe","Nyiragongo","1h","Outside_Resident","Origin_Zone_Worker","ZoneGlobale","All_modes","956"
"2020-04-04","Kirotshe","Nyiragongo","1h","Destination_Zone_Resident","Outside_Worker","ZoneGlobale","All_modes","95"
"2020-04-04","Kirotshe","Nyiragongo","1h","Destination_Zone_Resident","Destination_Zone_Worker","ZoneGlobale","All_modes","4194"
"2020-04-04","Kirotshe","Nyiragongo","1h","Destination_Zone_Resident","Study_Zone_Worker","ZoneGlobale","All_modes","142"
"2020-04-04","Kirotshe","Nyiragongo","1h","Destination_Zone_Resident","Origin_Zone_Worker","ZoneGlobale","All_modes","1784"
"2020-04-04","Kirotshe","Nyiragongo","1h","Study_Zone_Resident","Outside_Worker","ZoneGlobale","All_modes","162"
"2020-04-04","Kirotshe","Nyiragongo","1h","Study_Zone_Resident","Destination_Zone_Worker","ZoneGlobale","All_modes","218"
"2020-04-04","Kirotshe","Nyiragongo","1h","Study_Zone_Resident","Study_Zone_Worker","ZoneGlobale","All_modes","1689"
"2020-04-04","Kirotshe","Nyiragongo","1h","Study_Zone_Resident","Origin_Zone_Worker","ZoneGlobale","All_modes","528"
"2020-04-04","Kirotshe","Nyiragongo","1h","Origin_Zone_Resident","Outside_Worker","ZoneGlobale","All_modes","134"
"2020-04-04","Kirotshe","Nyiragongo","1h","Origin_Zone_Resident","Destination_Zone_Worker","ZoneGlobale","All_modes","1082"
"2020-04-04","Kirotshe","Nyiragongo","1h","Origin_Zone_Resident","Study_Zone_Worker","ZoneGlobale","All_modes","230"
"2020-04-04","Kirotshe","Nyiragongo","1h","Origin_Zone_Resident","Origin_Zone_Worker","ZoneGlobale","All_modes","7215"
"2020-04-04","Kirotshe","Nyiragongo","3h","Outside_Resident","Outside_Worker","ZoneGlobale","All_modes","2604"
"2020-04-04","Kirotshe","Nyiragongo","3h","Outside_Resident","Destination_Zone_Worker","ZoneGlobale","All_modes","450"
"2020-04-04","Kirotshe","Nyiragongo","3h","Outside_Resident","Study_Zone_Worker","ZoneGlobale","All_modes","437"
"2020-04-04","Kirotshe","Nyiragongo","3h","Outside_Resident","Origin_Zone_Worker","ZoneGlobale","All_modes","1871"
"2020-04-04","Kirotshe","Nyiragongo","3h","Destination_Zone_Resident","Outside_Worker","ZoneGlobale","All_modes","268"
"2020-04-04","Kirotshe","Nyiragongo","3h","Destination_Zone_Resident","Destination_Zone_Worker","ZoneGlobale","All_modes","3501"
"2020-04-04","Kirotshe","Nyiragongo","3h","Destination_Zone_Resident","Study_Zone_Worker","ZoneGlobale","All_modes","150"
"2020-04-04","Kirotshe","Nyiragongo","3h","Destination_Zone_Resident","Origin_Zone_Worker","ZoneGlobale","All_modes","1901"
"2020-04-04","Kirotshe","Nyiragongo","3h","Study_Zone_Resident","Outside_Worker","ZoneGlobale","All_modes","163"
"2020-04-04","Kirotshe","Nyiragongo","3h","Study_Zone_Resident","Destination_Zone_Worker","ZoneGlobale","All_modes","166"
"2020-04-04","Kirotshe","Nyiragongo","3h","Study_Zone_Resident","Study_Zone_Worker","ZoneGlobale","All_modes","1302"
"2020-04-04","Kirotshe","Nyiragongo","3h","Study_Zone_Resident","Origin_Zone_Worker","ZoneGlobale","All_modes","378"
"2020-04-04","Kirotshe","Nyiragongo","3h","Origin_Zone_Resident","Outside_Worker","ZoneGlobale","All_modes","292"
"2020-04-04","Kirotshe","Nyiragongo","3h","Origin_Zone_Resident","Destination_Zone_Worker","ZoneGlobale","All_modes","1080"
"2020-04-04","Kirotshe","Nyiragongo","3h","Origin_Zone_Resident","Study_Zone_Worker","ZoneGlobale","All_modes","497"
"2020-04-04","Kirotshe","Nyiragongo","3h","Origin_Zone_Resident","Origin_Zone_Worker","ZoneGlobale","All_modes","9404"
"2020-04-04","Kirotshe","Rutshuru","1h","Outside_Resident","Outside_Worker","ZoneGlobale","All_modes","460"
"2020-04-04","Kirotshe","Rutshuru","1h","Outside_Resident","Destination_Zone_Worker","ZoneGlobale","All_modes","189"
"2020-04-04","Kirotshe","Rutshuru","1h","Outside_Resident","Study_Zone_Worker","ZoneGlobale","All_modes","225"
"2020-04-04","Kirotshe","Rutshuru","1h","Outside_Resident","Origin_Zone_Worker","ZoneGlobale","All_modes","87"
"2020-04-04","Kirotshe","Rutshuru","1h","Destination_Zone_Resident","Outside_Worker","ZoneGlobale","All_modes","81"
"2020-04-04","Kirotshe","Rutshuru","1h","Destination_Zone_Resident","Destination_Zone_Worker","ZoneGlobale","All_modes","632"
"2020-04-04","Kirotshe","Rutshuru","1h","Destination_Zone_Resident","Study_Zone_Worker","ZoneGlobale","All_modes","159"
"2020-04-04","Kirotshe","Rutshuru","1h","Destination_Zone_Resident","Origin_Zone_Worker","ZoneGlobale","All_modes","130"
"2020-04-04","Kirotshe","Rutshuru","1h","Study_Zone_Resident","Destination_Zone_Worker","ZoneGlobale","All_modes","55"
"2020-04-04","Kirotshe","Rutshuru","1h","Study_Zone_Resident","Study_Zone_Worker","ZoneGlobale","All_modes","574"
"2020-04-04","Kirotshe","Rutshuru","1h","Study_Zone_Resident","Origin_Zone_Worker","ZoneGlobale","All_modes","143"
"2020-04-04","Kirotshe","Rutshuru","1h","Origin_Zone_Resident","Outside_Worker","ZoneGlobale","All_modes","73"
"2020-04-04","Kirotshe","Rutshuru","1h","Origin_Zone_Resident","Destination_Zone_Worker","ZoneGlobale","All_modes","115"
"2020-04-04","Kirotshe","Rutshuru","1h","Origin_Zone_Resident","Study_Zone_Worker","ZoneGlobale","All_modes","64"
"2020-04-04","Kirotshe","Rutshuru","1h","Origin_Zone_Resident","Origin_Zone_Worker","ZoneGlobale","All_modes","634"
"2020-04-04","Kirotshe","Rutshuru","3h","Outside_Resident","Outside_Worker","ZoneGlobale","All_modes","794"
"2020-04-04","Kirotshe","Rutshuru","3h","Outside_Resident","Destination_Zone_Worker","ZoneGlobale","All_modes","214"
"2020-04-04","Kirotshe","Rutshuru","3h","Outside_Resident","Study_Zone_Worker","ZoneGlobale","All_modes","231"
"2020-04-04","Kirotshe","Rutshuru","3h","Outside_Resident","Origin_Zone_Worker","ZoneGlobale","All_modes","201"
"2020-04-04","Kirotshe","Rutshuru","3h","Destination_Zone_Resident","Outside_Worker","ZoneGlobale","All_modes","67"
"2020-04-04","Kirotshe","Rutshuru","3h","Destination_Zone_Resident","Destination_Zone_Worker","ZoneGlobale","All_modes","542"
"2020-04-04","Kirotshe","Rutshuru","3h","Destination_Zone_Resident","Study_Zone_Worker","ZoneGlobale","All_modes","201"
"2020-04-04","Kirotshe","Rutshuru","3h","Destination_Zone_Resident","Origin_Zone_Worker","ZoneGlobale","All_modes","73"
"2020-04-04","Kirotshe","Rutshuru","3h","Study_Zone_Resident","Outside_Worker","ZoneGlobale","All_modes","28"
"2020-04-04","Kirotshe","Rutshuru","3h","Study_Zone_Resident","Destination_Zone_Worker","ZoneGlobale","All_modes","61"
"2020-04-04","Kirotshe","Rutshuru","3h","Study_Zone_Resident","Study_Zone_Worker","ZoneGlobale","All_modes","531"
"2020-04-04","Kirotshe","Rutshuru","3h","Study_Zone_Resident","Origin_Zone_Worker","ZoneGlobale","All_modes","23"
"2020-04-04","Kirotshe","Rutshuru","3h","Origin_Zone_Resident","Outside_Worker","ZoneGlobale","All_modes","168"
"2020-04-04","Kirotshe","Rutshuru","3h","Origin_Zone_Resident","Destination_Zone_Worker","ZoneGlobale","All_modes","180"
"2020-04-04","Kirotshe","Rutshuru","3h","Origin_Zone_Resident","Study_Zone_Worker","ZoneGlobale","All_modes","193"
"2020-04-04","Kirotshe","Rutshuru","3h","Origin_Zone_Resident","Origin_Zone_Worker","ZoneGlobale","All_modes","408"
"2020-04-04","Kirotshe","Rwanguba","3h","Outside_Resident","Destination_Zone_Worker","ZoneGlobale","All_modes","26"
"2020-04-04","Kirotshe","Rwanguba","3h","Study_Zone_Resident","Study_Zone_Worker","ZoneGlobale","All_modes","33"
"2020-04-04","Kisantu","Boko-Kivulu","1h","Outside_Resident","Outside_Worker","ZoneGlobale","All_modes","1455"
"2020-04-04","Kisantu","Boko-Kivulu","1h","Outside_Resident","Destination_Zone_Worker","ZoneGlobale","All_modes","272"
"2020-04-04","Kisantu","Boko-Kivulu","1h","Outside_Resident","Study_Zone_Worker","ZoneGlobale","All_modes","71"
"2020-04-04","Kisantu","Boko-Kivulu","1h","Outside_Resident","Origin_Zone_Worker","ZoneGlobale","All_modes","183"
"2020-04-04","Kisantu","Boko-Kivulu","1h","Destination_Zone_Resident","Outside_Worker","ZoneGlobale","All_modes","196"
"2020-04-04","Kisantu","Boko-Kivulu","1h","Destination_Zone_Resident","Destination_Zone_Worker","ZoneGlobale","All_modes","2566"
"2020-04-04","Kisantu","Boko-Kivulu","1h","Destination_Zone_Resident","Study_Zone_Worker","ZoneGlobale","All_modes","25"
"2020-04-04","Kisantu","Boko-Kivulu","1h","Destination_Zone_Resident","Origin_Zone_Worker","ZoneGlobale","All_modes","389"
"2020-04-04","Kisantu","Boko-Kivulu","1h","Study_Zone_Resident","Study_Zone_Worker","ZoneGlobale","All_modes","272"
"2020-04-04","Kisantu","Boko-Kivulu","1h","Study_Zone_Resident","Origin_Zone_Worker","ZoneGlobale","All_modes","21"
"2020-04-04","Kisantu","Boko-Kivulu","1h","Origin_Zone_Resident","Outside_Worker","ZoneGlobale","All_modes","122"
"2020-04-04","Kisantu","Boko-Kivulu","1h","Origin_Zone_Resident","Destination_Zone_Worker","ZoneGlobale","All_modes","550"
"2020-04-04","Kisantu","Boko-Kivulu","1h","Origin_Zone_Resident","Origin_Zone_Worker","ZoneGlobale","All_modes","1712"
"2020-04-04","Kisantu","Boko-Kivulu","3h","Outside_Resident","Outside_Worker","ZoneGlobale","All_modes","1517"
"2020-04-04","Kisantu","Boko-Kivulu","3h","Outside_Resident","Destination_Zone_Worker","ZoneGlobale","All_modes","221"
"2020-04-04","Kisantu","Boko-Kivulu","3h","Outside_Resident","Study_Zone_Worker","ZoneGlobale","All_modes","40"
"2020-04-04","Kisantu","Boko-Kivulu","3h","Outside_Resident","Origin_Zone_Worker","ZoneGlobale","All_modes","343"
"2020-04-04","Kisantu","Boko-Kivulu","3h","Destination_Zone_Resident","Outside_Worker","ZoneGlobale","All_modes","152"
"2020-04-04","Kisantu","Boko-Kivulu","3h","Destination_Zone_Resident","Destination_Zone_Worker","ZoneGlobale","All_modes","1944"
"2020-04-04","Kisantu","Boko-Kivulu","3h","Destination_Zone_Resident","Origin_Zone_Worker","ZoneGlobale","All_modes","388"
"2020-04-04","Kisantu","Boko-Kivulu","3h","Study_Zone_Resident","Study_Zone_Worker","ZoneGlobale","All_modes","114"
"2020-04-04","Kisantu","Boko-Kivulu","3h","Origin_Zone_Resident","Outside_Worker","ZoneGlobale","All_modes","233"
"2020-04-04","Kisantu","Boko-Kivulu","3h","Origin_Zone_Resident","Destination_Zone_Worker","ZoneGlobale","All_modes","604"
"2020-04-04","Kisantu","Boko-Kivulu","3h","Origin_Zone_Resident","Origin_Zone_Worker","ZoneGlobale","All_modes","2132"
"2020-04-04","Kisantu","Kimpese","1h","Destination_Zone_Resident","Destination_Zone_Worker","ZoneGlobale","All_modes","23"
"2020-04-04","Kisantu","Kimpese","1h","Study_Zone_Resident","Study_Zone_Worker","ZoneGlobale","All_modes","54"
"2020-04-04","Kisantu","Kwilu-Ngongo","1h","Outside_Resident","Outside_Worker","ZoneGlobale","All_modes","31"
"2020-04-04","Kisantu","Kwilu-Ngongo","1h","Study_Zone_Resident","Study_Zone_Worker","ZoneGlobale","All_modes","49"
"2020-04-04","Kisantu","Kwilu-Ngongo","3h","Destination_Zone_Resident","Destination_Zone_Worker","ZoneGlobale","All_modes","24"
"2020-04-04","Kisantu","Kwilu-Ngongo","3h","Study_Zone_Resident","Study_Zone_Worker","ZoneGlobale","All_modes","33"
"2020-04-04","Kisantu","Masa","1h","Outside_Resident","Outside_Worker","ZoneGlobale","All_modes","54"
"2020-04-04","Kisantu","Masa","1h","Outside_Resident","Origin_Zone_Worker","ZoneGlobale","All_modes","242"
"2020-04-04","Kisantu","Masa","1h","Destination_Zone_Resident","Destination_Zone_Worker","ZoneGlobale","All_modes","44"
"2020-04-04","Kisantu","Masa","1h","Study_Zone_Resident","Outside_Worker","ZoneGlobale","All_modes","31"
"2020-04-04","Kisantu","Masa","1h","Study_Zone_Resident","Study_Zone_Worker","ZoneGlobale","All_modes","210"
"2020-04-04","Kisantu","Masa","1h","Origin_Zone_Resident","Origin_Zone_Worker","ZoneGlobale","All_modes","36"
"2020-04-04","Kisantu","Masa","3h","Outside_Resident","Outside_Worker","ZoneGlobale","All_modes","87"
"2020-04-04","Kisantu","Masa","3h","Destination_Zone_Resident","Destination_Zone_Worker","ZoneGlobale","All_modes","37"
"2020-04-04","Kisantu","Masa","3h","Study_Zone_Resident","Outside_Worker","ZoneGlobale","All_modes","25"
"2020-04-04","Kisantu","Masa","3h","Study_Zone_Resident","Study_Zone_Worker","ZoneGlobale","All_modes","99"
"2020-04-04","Kisantu","Masa","3h","Origin_Zone_Resident","Origin_Zone_Worker","ZoneGlobale","All_modes","21"
"2020-04-04","Kisantu","Matadi","3h","Outside_Resident","Outside_Worker","ZoneGlobale","All_modes","21"
"2020-04-04","Kisantu","Mbanza-Ngungu","1h","Outside_Resident","Outside_Worker","ZoneGlobale","All_modes","194"
"2020-04-04","Kisantu","Mbanza-Ngungu","1h","Outside_Resident","Study_Zone_Worker","ZoneGlobale","All_modes","30"
"2020-04-04","Kisantu","Mbanza-Ngungu","1h","Destination_Zone_Resident","Destination_Zone_Worker","ZoneGlobale","All_modes","70"
"2020-04-04","Kisantu","Mbanza-Ngungu","1h","Study_Zone_Resident","Study_Zone_Worker","ZoneGlobale","All_modes","70"
"2020-04-04","Kisantu","Mbanza-Ngungu","1h","Origin_Zone_Resident","Outside_Worker","ZoneGlobale","All_modes","26"
"2020-04-04","Kisantu","Mbanza-Ngungu","1h","Origin_Zone_Resident","Origin_Zone_Worker","ZoneGlobale","All_modes","110"
"2020-04-04","Kisantu","Mbanza-Ngungu","3h","Outside_Resident","Outside_Worker","ZoneGlobale","All_modes","317"
"2020-04-04","Kisantu","Mbanza-Ngungu","3h","Outside_Resident","Origin_Zone_Worker","ZoneGlobale","All_modes","62"
"2020-04-04","Kisantu","Mbanza-Ngungu","3h","Destination_Zone_Resident","Destination_Zone_Worker","ZoneGlobale","All_modes","78"
"2020-04-04","Kisantu","Mbanza-Ngungu","3h","Destination_Zone_Resident","Origin_Zone_Worker","ZoneGlobale","All_modes","27"
"2020-04-04","Kisantu","Mbanza-Ngungu","3h","Study_Zone_Resident","Study_Zone_Worker","ZoneGlobale","All_modes","70"
"2020-04-04","Kisantu","Mbanza-Ngungu","3h","Origin_Zone_Resident","Outside_Worker","ZoneGlobale","All_modes","43"
"2020-04-04","Kisantu","Mbanza-Ngungu","3h","Origin_Zone_Resident","Origin_Zone_Worker","ZoneGlobale","All_modes","170"
"2020-04-04","Kisantu","Mont Ngafula I","1h","Outside_Resident","Outside_Worker","ZoneGlobale","All_modes","58"
"2020-04-04","Kisantu","Mont Ngafula I","1h","Study_Zone_Resident","Study_Zone_Worker","ZoneGlobale","All_modes","114"
"2020-04-04","Kisantu","Mont Ngafula I","3h","Outside_Resident","Outside_Worker","ZoneGlobale","All_modes","84"
"2020-04-04","Kisantu","Mont Ngafula I","3h","Study_Zone_Resident","Study_Zone_Worker","ZoneGlobale","All_modes","49"
"2020-04-04","Kisantu","Ngidinga","1h","Outside_Resident","Outside_Worker","ZoneGlobale","All_modes","143"
"2020-04-04","Kisantu","Ngidinga","1h","Destination_Zone_Resident","Destination_Zone_Worker","ZoneGlobale","All_modes","56"
"2020-04-04","Kisantu","Ngidinga","1h","Study_Zone_Resident","Study_Zone_Worker","ZoneGlobale","All_modes","32"
"2020-04-04","Kisantu","Ngidinga","1h","Origin_Zone_Resident","Origin_Zone_Worker","ZoneGlobale","All_modes","43"
"2020-04-04","Kisantu","Ngidinga","3h","Outside_Resident","Outside_Worker","ZoneGlobale","All_modes","102"
"2020-04-04","Kisantu","Ngidinga","3h","Outside_Resident","Origin_Zone_Worker","ZoneGlobale","All_modes","23"
"2020-04-04","Kisantu","Ngidinga","3h","Destination_Zone_Resident","Destination_Zone_Worker","ZoneGlobale","All_modes","85"
"2020-04-04","Kisantu","Ngidinga","3h","Study_Zone_Resident","Study_Zone_Worker","ZoneGlobale","All_modes","47"
"2020-04-04","Kisantu","Ngidinga","3h","Origin_Zone_Resident","Origin_Zone_Worker","ZoneGlobale","All_modes","49"
"2020-04-04","Kisantu","Nsona-Mpangu","1h","Outside_Resident","Outside_Worker","ZoneGlobale","All_modes","30"
"2020-04-04","Kisantu","Nsona-Mpangu","1h","Study_Zone_Resident","Study_Zone_Worker","ZoneGlobale","All_modes","37"
"2020-04-04","Kisantu","Nsona-Mpangu","3h","Outside_Resident","Outside_Worker","ZoneGlobale","All_modes","24"
"2020-04-04","Kisantu","Nsona-Mpangu","3h","Study_Zone_Resident","Study_Zone_Worker","ZoneGlobale","All_modes","26"
"2020-04-04","Kisantu","Selembao","1h","Outside_Resident","Outside_Worker","ZoneGlobale","All_modes","28"
"2020-04-04","Kisantu","Selembao","3h","Study_Zone_Resident","Study_Zone_Worker","ZoneGlobale","All_modes","28"
"2020-04-04","Kisantu","Sona-Bata","1h","Outside_Resident","Outside_Worker","ZoneGlobale","All_modes","457"
"2020-04-04","Kisantu","Sona-Bata","1h","Outside_Resident","Destination_Zone_Worker","ZoneGlobale","All_modes","98"
"2020-04-04","Kisantu","Sona-Bata","1h","Outside_Resident","Study_Zone_Worker","ZoneGlobale","All_modes","53"
"2020-04-04","Kisantu","Sona-Bata","1h","Outside_Resident","Origin_Zone_Worker","ZoneGlobale","All_modes","31"
"2020-04-04","Kisantu","Sona-Bata","1h","Destination_Zone_Resident","Outside_Worker","ZoneGlobale","All_modes","73"
"2020-04-04","Kisantu","Sona-Bata","1h","Destination_Zone_Resident","Destination_Zone_Worker","ZoneGlobale","All_modes","517"
"2020-04-04","Kisantu","Sona-Bata","1h","Destination_Zone_Resident","Study_Zone_Worker","ZoneGlobale","All_modes","38"
"2020-04-04","Kisantu","Sona-Bata","1h","Destination_Zone_Resident","Origin_Zone_Worker","ZoneGlobale","All_modes","40"
"2020-04-04","Kisantu","Sona-Bata","1h","Study_Zone_Resident","Outside_Worker","ZoneGlobale","All_modes","22"
"2020-04-04","Kisantu","Sona-Bata","1h","Study_Zone_Resident","Study_Zone_Worker","ZoneGlobale","All_modes","112"
"2020-04-04","Kisantu","Sona-Bata","1h","Origin_Zone_Resident","Outside_Worker","ZoneGlobale","All_modes","57"
"2020-04-04","Kisantu","Sona-Bata","1h","Origin_Zone_Resident","Destination_Zone_Worker","ZoneGlobale","All_modes","72"
"2020-04-04","Kisantu","Sona-Bata","1h","Origin_Zone_Resident","Origin_Zone_Worker","ZoneGlobale","All_modes","105"
"2020-04-04","Kisantu","Sona-Bata","3h","Outside_Resident","Outside_Worker","ZoneGlobale","All_modes","518"
"2020-04-04","Kisantu","Sona-Bata","3h","Outside_Resident","Destination_Zone_Worker","ZoneGlobale","All_modes","106"
"2020-04-04","Kisantu","Sona-Bata","3h","Outside_Resident","Origin_Zone_Worker","ZoneGlobale","All_modes","49"
"2020-04-04","Kisantu","Sona-Bata","3h","Destination_Zone_Resident","Outside_Worker","ZoneGlobale","All_modes","119"
